0.06515272861471828
0.06501610676918547
0.06488997119545616
0.06468225266520217
0.06423920359779926
0.06350256597366066
0.06254857851797166
0.06176860506608749
0.06132802351227731
0.06108047663556691
0.06089298767739664
0.06065701948929256
0.06035178240225933
0.06000937305621121
0.05967644738256345
0.05937161816808354
0.05907123456590258
0.058767257618111975
0.05843782605460378
0.058179646348092744
0.05805622585562197
0.05801343930461941
0.058001381795639295
0.0579985173548551
0.057998013409654145
0.057997935299527834
0.05799784941808824
0.05799781964366321
0.057997756167562434
0.05799766586437821
0.05799768003164546
0.057997480106202065
0.05799595251024729
0.057987519369708466
0.05795933068031349
0.0578531069780454
0.057492431991984186
0.05684881533456002
0.05639365127703529
0.05619025348618999
0.05610218120183709
0.05605887141390045
0.05602319445830529
0.05599020328725018
0.0559725862099623
0.05596126598680386
0.05595696978624404
0.05593671937494975
0.055835140306164634
0.05552651444007695
0.05499955110464122
0.054579538124786074
0.05446708539783327
0.05435194670914931
0.05381597674907012
0.05238355181041511
0.050829277986330114
0.0498589137955249
0.04937924904937651
0.0490871074141971
0.04889888494984416
0.04871184057410308
0.048534073551411885
0.048379816418382314
0.04822120170060894
0.04802662105542151
0.04768504631410174
0.047067924227536986
0.04619573124256808
0.04551004138116226
0.045047353823346334
0.0446932024722296
0.04414208994598512
0.04338615621440549
0.042482117312604206
0.04168967037590537
0.04111487101833739
0.0407356883165055
0.0404845661190577
0.04031968216909654
0.0401453466036818
0.03995911898536474
0.03972825065588938
0.039455086143988016
0.039033266175068276
0.03841753801855816
0.037655105180620665
0.03688084574790196
0.036184497829412
0.0356287482315273
0.03529240858420104
0.03510569528533783
0.03492156256657984
0.03454682202668132
0.034075052350269745
0.033746140834206344
0.03360539674313745
0.033558697703455584
0.03347700104469519
0.03303126531504118
0.03253034352746905
0.03228956339718932
0.032196777196030674
0.03216159681663685
0.03214694988292871
0.0321359177683889
0.032125085844066106
0.03208636850225535
0.03189299333599516
0.03105205209599149
0.029068767739418053
0.027049611461559382
0.026178917697542554
0.025934770112045466
0.02584811580012556
0.025787131505968484
0.02571639686058367
0.02566640159330128
0.02561239876919915
0.02558396791359811
0.02557659791400677
0.025570254399865544
0.025543432827967213
0.025432669182534774
0.02509532056683712
0.02458541871999983
0.02418980527830061
0.023997914362451616
0.023902248913662265
0.023824513751806543
0.023754677811282102
0.02370685863133873
0.023684793256387227
0.023672338873876885
0.023662782013711872
0.023650314649315874
0.023632242806688443
0.023619319986405173
0.023613584947275928
0.023613594721890348
0.02361366941373159
0.02361136817882518
0.023601795464488855
0.023597776316540958
0.02358694029421819
0.02354540779372927
0.02326921840465162
0.022813400792182564
0.022470489078689
0.02222103424714493
0.022079026223303173
0.02201444392044194
0.021992593172450604
0.021974836658473284
0.021946207469322108
0.021922489810546956
0.021916595876333843
0.021907920636297012
0.021877422317126985
0.02181084601713981
0.02173473974971023
0.021702282128129025
0.021696714451293026
0.02169557068851057
0.021647292280322975
0.0214828142217037
0.02143737493231304
0.021366854160468577
0.021094441717102105
0.020601437109414564
0.020135316967144972
0.019741022777872663
0.019434503921662655
0.01929188702127037
0.019258166562426137
0.01925818569718703
0.019252112766425723
0.01925206547929602
0.019252408216581803
0.019245843608411556
0.019221403916156204
0.01920773553406491
0.019203597063528467
0.01918405950257388
0.019157763580840648
0.019129522756213914
0.019128278603700533
0.01912186398295307
0.01904963937909726
0.01888768157657088
0.01873836976638874
0.018617953065496413
0.018535839923015718
0.018495889417031182
0.018485380520461347
0.018484972202090548
0.018483626585220354
0.018481122844863928
0.018481779910669245
0.01848169258693764
0.018481792826009827
0.018481569997429087
0.01848118357256824
0.018458119900669968
0.018396151873361143
0.018390092925204316
0.018390135135863007
0.01838835377410066
0.01827622226430054
0.0177198500458161
0.016883817929077945
0.016096767291594562
0.015455932048080046
0.014805067848465322
0.014118130917416956
0.013518101045966012
0.013038183418019551
0.012645274105810306
0.012292520691063302
0.01209474243368136
0.012073859429427243
0.012017382434203486
0.011960998842207459
0.011913403449182704
0.01182078282690767
0.011743437450494373
0.011445404246181326
0.010761090764233103
0.010488789980623473
0.010359916518853492
0.010199746092318286
0.010136641133092256
0.010087140402381437
0.010042578164916147
0.010008934421408672
0.009986281207899867
0.00997155254799714
0.00996068202706363
0.009948145019700698
0.009931962332894975
0.00989791977166342
0.009862441408933087
0.009847951742578112
0.00983582032284484
0.009804679566844
0.009772778544582967
0.009752978068864437
0.009736566336976197
0.0097357542638358
0.009482475910455162
0.009167031693186573
0.009072151731431308
0.00888012619483894
0.008383397894548311
0.007998272275623062
0.007780623329141322
0.007658294565972241
0.007603775927745239
0.00758392124571134
0.007575938965672363
0.00757376873096415
0.007573031207717497
0.0075728939087663615
0.007572922194498884
0.007572979088392618
0.0075728848835680575
0.007556560190583589
0.007556605750264654
0.007558015780763351
0.007557670114891046
0.007556210902466244
0.00755403532331322
0.007547570604308322
0.0075161060307921065
0.007418810222011896
0.0073247829562231494
0.007289830622485802
0.007275277971928229
0.007272809831897261
0.007271386636074268
0.007269797010555427
0.007248695427332973
0.007225480501107419
0.0072116526249905635
0.007188896974836873
0.007173536489430238
0.007164216869522332
0.007160373866035411
0.007158982576993673
0.007159355357096133
0.0071596226163956715
0.007160074062662781
0.007159631344395461
0.007157436936732229
0.007152683982389896
0.007157204097408662
0.007157050479116161
0.007157310249388298
0.007157083929471666
0.0071554867213387986
0.007153538883942209
0.007151434364888894
0.0071469580335405845
0.0071418416503666255
0.007138950276426118
0.007101279349956467
0.006981160536256978
0.006776142337687697
0.0066350208587485065
0.006539095269783509
0.006494152801907704
0.0064861358352127085
0.006478880776765999
0.006477600883697331
0.006477667910095195
0.0064771512166316774
0.0064762376315657105
0.006473693670763191
0.006469871365999646
0.006463464448267884
0.006454148287604365
0.006444227588479606
0.0064336146796795755
0.006421896289787941
0.006403674323747209
0.006394552274317392
0.006382154814948067
0.006373622325009802
0.006367956936343751
0.006358588892861074
0.006343909832606474
0.006326509666613168
0.006297418482417442
0.006269484962840053
0.0062554707268497505
0.006254550279929384
0.006253810989703697
0.006253276496746108
0.006253000636370061
0.0062526606769509685
0.006252390597758163
0.006252379036027134
0.006252751101468559
0.006252514993058404
0.006252878192117769
0.006253164878673259
0.006253286202864268
0.006253479314515
0.006253310949226637
0.006252070187409887
0.006248343403417907
0.006219122725725107
0.0061353181530020276
0.006099728314427654
0.006082650791740028
0.006065261737392329
0.005902293889117928
