0.06781054935318828
0.06778282898071188
0.06774126763579981
0.06765248215968674
0.06741251160544023
0.06688756426367722
0.06593970096766562
0.06478605577152276
0.06391103278497845
0.06333743262909225
0.06283771876992741
0.06218565511672477
0.061373712171069565
0.06053548086502426
0.05981938888364769
0.0592714688090323
0.058658268070062324
0.057993711461734355
0.05743508843928936
0.057099145119490144
0.05691032279036836
0.05675740056584979
0.056576781063824425
0.05635024687598039
0.0560908418145244
0.05581068684545584
0.05549790591564207
0.055216064158547816
0.055062369272366
0.055010891695450655
0.055001686043177796
0.05499634698045918
0.054977637287260975
0.05491150132860536
0.05473775010211686
0.05441322090899159
0.0540603579588505
0.05374928038697704
0.053515899353202875
0.05332210970131927
0.05314829447296132
0.05301526726697534
0.05278888849983212
0.052348543069769465
0.051721740181326574
0.051040186825943294
0.05054517713022592
0.05018870983695738
0.04996075055065739
0.04984657222248796
0.04980335808948239
0.049787193186117754
0.0497796686229332
0.04977541457615314
0.04977319539833837
0.04977031170092752
0.04976381397084065
0.04975581250410933
0.04975080613982526
0.04973596374448805
0.04968758759033461
0.04960125020528436
0.04955166312412024
0.049540689778293096
0.04935993904863666
0.04868722131526815
0.048026239094685494
0.04771480350557225
0.047601087887816466
0.04749889501017125
0.04734463149092213
0.04706433728661232
0.0466610777061342
0.046389179308966424
0.046258494780376906
0.046184524661657754
0.04613288160485114
0.04608804582551382
0.046036378657314435
0.045942138444882555
0.04572313835150962
0.045467963391003154
0.04523030009316485
0.045028136145934074
0.04486660040844859
0.04475781748242215
0.044692267106854026
0.0446571705232453
0.04463745977808772
0.04461904600079912
0.04459113893527393
0.04452331491264797
0.044349620355649516
0.04397079673142765
0.04345018712882493
0.04312026335272628
0.04307327853870419
0.04299765578232698
0.04199476572434539
0.04015957479166094
0.03851976215334954
0.03764386259769795
0.037286863819264555
0.037144098025040366
0.03708189973453125
0.03704290553245169
0.03700775270215923
0.0369344756017541
0.03676270792814667
0.03637314307848326
0.035740292850566485
0.034911840147939834
0.0340149441179049
0.03322723696918459
0.03265796286394642
0.032277987941614746
0.03202051192195402
0.031720929815897685
0.031365802304730475
0.030992914080868583
0.030652535318958115
0.03036584895593609
0.03004105064119162
0.029610090392022424
0.02915235980549602
0.028708164444342352
0.028326988675006045
0.028001722487819715
0.02757795737010247
0.02689858438390874
0.025801738065940365
0.024265131194236962
0.02284730550054358
0.02209550368228318
0.021935267630728904
0.02193152010316473
0.021927705082614574
0.021703112843774974
0.021015490753650706
0.020272972659997984
0.01979603937865168
0.019570722265609124
0.019397650171943632
0.019220527450464642
0.019078124107741123
0.01900550584334978
0.01896810784627427
0.018957456771926753
0.018951514788993006
0.01894902290549372
0.018946840827143895
0.01894293235731892
0.018935503860011058
0.01892735144501053
0.018922481340285718
0.018914658214402445
0.01891152413085261
0.01891054274565611
0.01890875202971378
0.01890813930430847
0.018903966856386706
0.018888152930303985
0.018867255683674655
0.018860198506660805
0.018850883265782378
0.01883327942514529
0.018772950419854915
0.018612998215825256
0.018339867120451308
0.018048673024856177
0.017791679158271876
0.017581612088182194
0.01739790122841463
0.01725939486763889
0.017145581278299356
0.017027338605608934
0.01687700493536817
0.016746732344005616
0.016712088465159123
0.0167114298865931
0.016712019260844452
0.016709931731864233
0.015803975777557346
0.014530696343326047
0.014371695827966062
0.014365407004101842
0.014366426039014415
0.014367004022839256
0.014367808474476771
0.01436846337619124
0.014369830420240037
0.014370399831478886
0.014369338424080405
0.014348824833465492
0.014238751691476233
0.014011600670369726
0.013905394602488236
0.013812000828017193
0.013543202172192584
0.013242571343647465
0.012972774340881454
0.012855016763401873
0.012830553078024182
0.012820820914352684
0.012817921657503818
0.01281595797998744
0.012814957548230543
0.012813852542984902
0.012811475918001133
0.012804578076196988
0.012778591772971758
0.012680662805173945
0.012344028994669548
0.011664573293511336
0.011100959959231188
0.011012731519830586
0.01099655202415657
0.010995484701277085
0.010995558239406995
0.010994315005276903
0.010993235796665899
0.010993199943053667
0.010668382737338125
0.010439576900534405
0.010331898341132571
0.010329081525565552
0.010329185019974851
0.010329143553236025
0.010329155234243655
0.010329156053982753
0.010329151889798412
0.010329153727313115
0.010329167718185778
0.01032916433543406
0.010329148451695651
0.01032913297781496
0.010329148410069013
0.010329142459653072
0.010329160124425639
0.01032916966882908
0.010329143095313914
0.010329129786611308
0.010329208023405253
0.010329199974635916
0.010327584267410417
0.010315840943744423
0.010284171101543834
0.010273547817950892
0.010272955975554393
0.01027294357801775
0.010273003745537013
0.010272679349314046
0.010116869017822994
0.009366420015626048
0.009188443412236826
0.009163608846612303
0.009163108463954675
0.009163128930629233
0.009163125109396162
0.00916310612647527
0.009163118074285484
0.009163090862798897
0.00916308953629908
0.009163096995913543
0.009163081569389553
0.00916306011187205
0.009155307047235479
0.009152676446689517
0.00915140559671733
0.009145228930573917
0.009067065595580948
0.009032101314564273
0.009031037599166892
0.009031272142439683
0.009022282588260714
0.009009030271799957
0.00900739276205958
0.009010965842140587
0.008707631374904035
0.007958687634453981
0.007593411902276079
0.007483547861452907
0.007454752940212991
0.007443152059436112
0.0074343745669230655
0.007433208500906687
0.007432581510846643
0.007432658393066251
0.007432658488219626
0.007432554212289305
0.007432594173547836
0.00743265396844127
0.007432908204273917
0.007432672513968933
0.007432650465028136
0.007432703053954852
0.0074323234589779765
0.007432548784602694
0.007432290882176562
0.007432480096373342
0.007432227805677038
0.007432323285962226
0.00743217922661302
0.007432470967594561
0.007434287848400059
0.007435559792329594
0.0074354062561084126
0.007394344112798818
0.007277538962822455
0.0072583021981102395
0.007255988243221911
0.007253012871068839
0.007169955544496299
0.007030825144980541
0.006904862746900349
0.006786656295392728
0.006696770434353444
0.006630758836747846
0.006585656226596328
0.006553178797805884
0.0065249448366213
0.0064935836818789915
0.006441366711047271
0.006381695579586442
0.006349958650996737
0.006346806368116341
0.006346924017266254
0.006343481018733818
0.00630615528574919
0.006217464758141557
0.006108416120263313
0.006040069275013327
0.005992882291203836
0.005952539974640525
0.0058870182592212945
0.0057831599510596386
