0.06791595825748849
0.06790709154781234
0.06789217882011182
0.0678626635735008
0.06778269064423781
0.06760538517939656
0.06727005150007416
0.06685467063971444
0.06649289368111835
0.06615427347832942
0.06570817183531001
0.06515131098799166
0.06470349020952403
0.06444093715462161
0.06430822178280729
0.06423930752741235
0.064181071995232
0.06411393367958582
0.06402436015568584
0.06392605231392302
0.06384404966181843
0.06378005619003262
0.06370720684865486
0.06357596185577191
0.06333753264256863
0.06299172424075712
0.06256140828151226
0.062162571729910764
0.06181539316638969
0.06145354023057287
0.06103059831021453
0.06056988576953003
0.06010102146642414
0.05961378388859504
0.05905706150828455
0.058265379824558795
0.05737848438786073
0.056605951643440205
0.056034183104544694
0.055608840224765525
0.05529124275244538
0.05505191357420307
0.054715037899063665
0.05430460283937455
0.05364410161678047
0.05269567545375584
0.05162494495057405
0.05069260722045051
0.04995997856916285
0.04923627352994178
0.04861696027310409
0.04802393016854397
0.04745568853507284
0.04699483697755981
0.04662038773294351
0.046306560359407584
0.046075473092119595
0.04589277155671963
0.045716311069384535
0.045526138014227335
0.045320140356048026
0.04508179864931859
0.044828705312523746
0.04454552547459454
0.04421582091826103
0.043836552636007456
0.04342284545888316
0.043082000807092145
0.04281474554882795
0.042608528095442674
0.04243688429922333
0.04231525454510197
0.04221823244907445
0.042161930475805666
0.042138924957874094
0.042128833193318505
0.042124266664660744
0.04212314745379343
0.04212226419638687
0.04207137853011195
0.04178883712578823
0.041262678579404466
0.040741541558853706
0.04046589354592438
0.040368617126482806
0.040344329119276295
0.04033680099679883
0.040332066367831
0.040327617984067504
0.04032383513193098
0.04032072152246872
0.04031840194997107
0.040316131352357405
0.040305535953008294
0.0402899568399191
0.04026658790480848
0.04018756000436581
0.04003518871889385
0.03985452037567243
0.03968967364471956
0.03954020073014781
0.03942977602551685
0.03932958435126371
0.0391940109445036
0.03897857756657249
0.038725489833357725
0.0385093826431342
0.038349683089232915
0.0382921606145091
0.03828740718314819
0.03829047798531279
0.03809481744249417
0.036850000873966185
0.0350692261346984
0.03376703697007344
0.032898389000669895
0.03221770095096478
0.031739659105469296
0.031442851065087006
0.03121033117836593
0.030988848788295713
0.030721654850679788
0.030374618402527562
0.029999068263108733
0.029678174936468724
0.029480962253179803
0.02934147066816344
0.029132344302685836
0.028968881941204137
0.02887023174100988
0.028811101110643757
0.028774547782674645
0.028718459653749213
0.028626033161154738
0.02852758675181433
0.02841505762507991
0.028251301361232523
0.02799650255657087
0.0276859172073516
0.027486469482633284
0.027443350990265163
0.02744244936035494
0.027442522265574094
0.027438330527656735
0.027430279621608898
0.027428891949528904
0.027428804202052716
0.027428787370223997
0.027428778016174885
0.027428762296382962
0.02742875805559814
0.027428755712338663
0.027428763086730094
0.02742861262381415
0.027428365588935688
0.027427945840904137
0.02742746723146624
0.027426291332825734
0.027423518156965473
0.027413891873558287
0.02740764635891895
0.027403723178750457
0.027402322200990106
0.02736068995448346
0.027281760001597728
0.027163769148374598
0.02699899167507951
0.026868980194758033
0.026788669903937926
0.0267170784104233
0.02667602767577868
0.026653472738290912
0.026641897019981712
0.026633398532207385
0.026625246150093783
0.02660742499230103
0.026577744952174354
0.026554152723509455
0.026541309641769047
0.026491434247669247
0.026193671773991793
0.02565436720982802
0.02495934070080152
0.02413644221284965
0.023405375888267747
0.022869968420418413
0.022525559309900446
0.022297752992230774
0.022140342941305544
0.02205872158941934
0.02200670604125515
0.02200501846690582
0.021979552418573627
0.021952840730261866
0.021946758531072016
0.02194401442428843
0.021940468274089197
0.021939043716815994
0.021939246139647064
0.021919211806835044
0.021624558737576988
0.021329293027338974
0.021216847115244058
0.021095409420277184
0.02091178893925858
0.020740855252682846
0.020618912252596704
0.020566346109698506
0.0205531365341938
0.020552131200684495
0.020551756859719075
0.020552036779534447
0.02055110100199847
0.02052258929750713
0.020459734036173387
0.020405046292654605
0.020386393911204944
0.02037983006474433
0.020374261826979576
0.02037097660660507
0.020371431981055645
0.020371738320273895
0.020359063928792144
0.020319896579355234
0.020279836514001344
0.020252979197767893
0.020217788607985124
0.020171303972152863
0.02007505337124263
0.019843754714279963
0.019274765796372672
0.017973124208249817
0.015595768120406348
0.01273181130164542
0.010944703825626649
0.01042345366715039
0.010321851090443581
0.010280733703951593
0.010243120226204274
0.010217930295788772
0.010199519011619433
0.01018516701528376
0.010146993655443077
0.01002525993670519
0.009644708917099096
0.00907824842734082
0.008754731600266222
0.00864200134812742
0.008607995415598415
0.008607457589412861
0.008607360143315704
0.008418919443013425
0.008033385813007268
0.008033005330085675
0.008033131626925878
0.008032926036453683
0.008032921429059285
0.008032675855882302
0.008032570760510149
0.008032493854832276
0.008032578219853434
0.008032654964879128
0.008032640087466314
0.008032628574687303
0.008032632446568924
0.008032633434105655
0.008031743599485563
0.008031741882634114
0.00803171543791548
0.00803171828839723
0.0080316605953454
0.008031641417396557
0.008031876603182858
0.008032215468592617
0.008032379338920502
0.008031184786675602
0.008031949363412167
0.0080322137108929
0.008033482289360122
0.008034561234269382
0.008035382022316268
0.008035738657076982
0.008035589668754667
0.008035314699018586
0.008033385069601004
0.008027409092579001
0.008022497817066144
0.007995925716859203
0.0078119529722247534
0.00764513554126542
0.007586315118683395
0.007574248920298943
0.007572885174224312
0.007572215019167775
0.007573052969588873
0.007572412272838806
0.007570041374161824
0.0075603805562976505
0.007548945097607191
0.00752494002489412
0.0074968682874558355
0.007470613685200608
0.007435645950569759
0.007393179702076902
0.007349201781341604
0.007318112424848966
0.0073120226053927226
0.007306860840933614
0.00730791774163037
0.007285553327449806
0.007255738257445455
0.007242756001970995
0.007239567743042201
0.007231258122585244
0.007228569541262363
0.007227316979313963
0.007226304874371025
0.007225082376783854
0.0072239148113241915
0.007222361289660317
0.0072210164075883635
0.007215220434741906
0.007164411482885334
0.0070465882385735805
0.006962855977335071
0.006926710166080399
0.006925299494109655
0.006923954873868682
0.006922887668094523
0.006921485464242552
0.006920693029083848
0.006920219161488577
0.006920088547787464
0.006920163299719752
0.006920177374996295
0.006920257823637371
0.0069203134033181
0.0069203581221044756
0.006920270619332755
0.006920277307607011
0.006920286386499496
0.006920292672639357
0.006920072233979692
0.006919431777930721
0.006917854435534064
0.006916607362696375
0.006901343174165822
0.00679591804064115
0.006781482591707315
0.006742363332878309
0.006748242009912683
0.0063701505332518695
0.006051877984369865
