0.06719209189306544
0.06712363748261106
0.06704197747507176
0.06688013487890208
0.0664798937881454
0.06569508608708066
0.06448296897277388
0.0633078587536161
0.06251894796088028
0.062041627110871335
0.061722545456677644
0.06141535953321953
0.06107841383695882
0.06072728962617883
0.060396685387634284
0.06019046290642429
0.06009760290911554
0.060058802912169196
0.05998335952541085
0.05986625195964011
0.05972430953472931
0.05953406809261561
0.05927382488804376
0.05893986565401123
0.058558407732273485
0.058167985363871806
0.05778801790036207
0.05747357311148771
0.057106495042253166
0.05658958701118016
0.055960249942710295
0.055412033071305225
0.05502531911428827
0.0546623349365397
0.054126518470948175
0.05323063270653137
0.05208403877775301
0.050854018987573885
0.04974215945933983
0.04879883832280849
0.04803040958507563
0.04734233455411021
0.046590195786577554
0.045989109998688105
0.045589079307310196
0.04540682027222922
0.04535915497681214
0.04535029332629103
0.045227674564508595
0.04461274416451785
0.04417504660746766
0.04403227611958906
0.044002511419638415
0.043997081470166205
0.04399637678267995
0.04399608872517369
0.04399586431990267
0.04399516251986327
0.04399227202155266
0.04398100477279557
0.043947860028995665
0.043891563844015456
0.04386478785628312
0.043856928885605426
0.04377782095799468
0.04339583520906876
0.04268058275552049
0.041849424271551576
0.04093873011385297
0.040047326298573424
0.039124066224206874
0.038273715836446176
0.037539031799309446
0.03702364604454119
0.03671668799242879
0.03654983719717546
0.03640071677594097
0.0362219083854868
0.03597401964087012
0.035641230882114044
0.03529947550061625
0.035057898944052306
0.03495609461854281
0.034871982810193096
0.034415887281371266
0.03351936432899434
0.03284518129479986
0.03257251651168233
0.0324316322226054
0.032376093289206924
0.032359103525418494
0.0323551983099044
0.032354445369459535
0.03235431709745017
0.03235412418227786
0.03235375509603084
0.032352939887477526
0.032350188099058534
0.03234412253979868
0.03232741047721859
0.03229516043128225
0.03224332686208339
0.03222352894689376
0.03221164150760533
0.03221152278386811
0.03220870584769121
0.03220506871044065
0.03219611803658126
0.03213810324505241
0.03196096519991129
0.03182046697706506
0.031756256174833304
0.03173367098679948
0.03172321932776495
0.031718413015465415
0.03170919036261593
0.03168845985858993
0.03163035179440998
0.03147455678661975
0.03096760078023505
0.029894945369599517
0.028607167792849702
0.02780052455618043
0.02758058731386835
0.027539070410038585
0.027266511381611225
0.026143944712969776
0.024578508621837712
0.023550564057542783
0.023191783481342456
0.02308819303302075
0.02302261855286737
0.02299756249791264
0.022986247239751675
0.02297464402990116
0.022958375278211353
0.022904236065269472
0.02273370304766606
0.022394825619414322
0.021817624637374328
0.02099914208092321
0.020159313862992218
0.019373335895701265
0.018654745874578018
0.018074128329441868
0.017468037895005614
0.01676231630938625
0.016014924943343545
0.015281550493082684
0.014776519676497214
0.014454958436578248
0.014267284105097507
0.014174105111898455
0.014134890428493177
0.014108803889884952
0.014093881212992281
0.014077472508460328
0.014021367585296318
0.013853322166430227
0.013487284064275568
0.013082185023825023
0.012911776137196643
0.012866462671024733
0.012847146399181799
0.012834416552287318
0.012525774610639662
0.011629625583201535
0.01062591144807313
