0.06699292992069238
0.06692209979629805
0.0668464623973907
0.06671033273665249
0.06643426806718705
0.06601260814406924
0.06550197131569215
0.0650785387117184
0.06477530038933618
0.06451892182328495
0.06430305488340828
0.06412160850867597
0.06398322183022608
0.06387753274032817
0.06379342545983409
0.06371336337560383
0.06360756873871591
0.06345391782871711
0.06323661783650106
0.06298384264093776
0.06275777604301573
0.06259672252392326
0.06249476844646592
0.062428493010982744
0.06238174807876124
0.06234321300429205
0.062300423887695515
0.062255531770899916
0.06221435206066295
0.062160089370921164
0.06207699347513931
0.06195774229241845
0.061748173156320835
0.06122361645346994
0.06012972195642611
0.05888478512421905
0.05819977047497598
0.057932183209741354
0.057781016383077755
0.057642209818971044
0.05751752352328704
0.05742724119260417
0.057319552809638845
0.05717053062220053
0.057017220493393375
0.05688615507028981
0.05678612552202679
0.056665494782715896
0.05652053867408907
0.056369951731639556
0.056237645742553834
0.05610358929304222
0.05595367830429592
0.055806774670128984
0.05556230556843852
0.05507573246571163
0.054124473503972724
0.052783786567036056
0.05170841601699965
0.05111811419385079
0.05079803000342938
0.05050641787409716
0.050112053029683634
0.049650251903179454
0.04915425924361145
0.048728680191749196
0.04836926065767527
0.048103973743231526
0.04782626548970614
0.04753455117747384
0.047228951858548314
0.046947468886363204
0.04672734472504117
0.04656971219879599
0.046460067858470955
0.04638933065104913
0.04627225106032795
0.04594935369071158
0.04537197083580874
0.044859558519350036
0.044534725580223956
0.04435002953122885
0.04424112186068872
0.044186974540831155
0.04414719698980376
0.04412583397954977
0.04409786384418516
0.04403190037890871
0.04386445583916102
0.0434865929450339
0.04283919920278567
0.04209983224210133
0.04165792260893436
0.04155502182972
0.04155030496791914
0.041542772725942145
0.04141418605593128
0.041236776855871835
0.041214903747036444
0.04121064274707425
0.041196325168811714
0.04115174285572061
0.04107032926173916
0.04101044938624672
0.04098263086144653
0.04097038468879795
0.04096716912136935
0.04096644069876673
0.04096620585706795
0.040965267346464954
0.04096300650664163
0.04096175124322366
0.04095826476281419
0.04091963632426745
0.04017223989615636
0.03779460619583455
0.03573033004217496
0.03477554693574069
0.03387517101244588
0.032608224076213374
0.03167581676610926
0.031054121069244208
0.030423133440016636
0.030081533325804873
0.029991209933114184
0.029973566027461655
0.029970836600633894
0.02997036009260871
0.029970036261082116
0.02997022534012521
0.029970404243529265
0.02997009969274691
0.029970239556163986
0.029969399077154117
0.029963397407771968
0.029955709446243685
0.02994427883901101
0.029926891296976427
0.02988081927740743
0.029809076985507162
0.029710486786490128
0.029581778276614592
0.029413250428501517
0.029258704943461434
0.029105731283657336
0.02895470836463858
0.028837491866338067
0.02872003279387341
0.02856971083326122
0.028377993093325775
0.028229105276612623
0.02796646035543783
0.026498532904371846
0.023621544607630888
0.02097313548250563
0.01938630999185853
0.017940457318172027
0.01666606362186818
0.01592118260863083
0.015576469910978571
0.015442402014810296
0.015382176888314345
0.015344969987422566
0.015314620166742766
0.015268224348421332
0.015157093653812386
0.014911845283943704
0.014579817110741574
0.014386364285794385
0.014328461174083214
0.014320444834009476
0.0143141159346308
0.01426914723545963
0.01415133393531998
0.013972959405234466
0.013777887155323602
0.013638460610104831
0.013541731822977365
0.013472973046357169
0.013417370981168174
0.013402430617576228
0.013400339753142967
0.013397490946104096
0.013358212704105145
0.01308608930315117
0.012488952061525891
0.011912521729839263
0.011547571203585006
0.011314252025158232
0.011150639149856869
0.010944665763949799
0.010676238219730521
0.010471252780259909
0.010378449515495365
0.01035459848399704
0.01035156281786977
0.01035080599769877
0.01035092684437524
0.010350932310814893
0.010350969975201262
0.010350984007430609
0.01035095784440092
0.01035095713580474
0.010350954952292145
0.010351076682861253
0.010351143623271754
0.01034999653580882
0.010326194302784268
0.010321532440044644
0.010318383897123166
0.010318376064548187
0.010316942938357483
0.010316692253478203
0.010316657738030947
0.010316594979344862
0.010316628402854723
0.01031653705113854
0.010316420411031254
0.010316364414042762
0.010316314675773831
0.010316315431118847
0.010316287635969716
0.010316272512820112
0.010316239949759585
0.010316240811319505
0.010316191457666797
0.01031115563168096
0.010261044172631958
0.010129703482932299
0.010096623983093434
0.010087223509736886
0.010082101037621347
0.01002809004689585
0.009928572516052786
0.009923567079701524
0.009654534761149317
0.008837340929812596
0.008365191703542265
0.008254692747327515
0.008246486208618946
0.008247087241094431
0.00824702394177257
0.008246929626904572
0.00824698203233809
0.008246945012823964
0.008246970175133808
0.008246962698867261
0.008246963805117616
0.008246991132492058
0.008246957725291833
0.008246938265675035
0.008246920945327953
0.008246873131864148
0.008246576207480235
0.008245952528925958
0.008244649963575235
0.008244006025137309
0.008238216190975997
0.008222594017125374
0.008190592587280228
0.008159141367883923
0.008147326615500387
0.00813200939758375
0.008108360819691476
0.007942764098451328
0.007875105279843003
0.00778968486876097
0.007761816412203945
0.007760160505466457
0.007758321903179813
0.00775795828390259
0.0077580910382079125
0.007758233224590436
0.0077582808530860066
0.007758299945949412
0.007758276064692458
0.007758274069363081
0.007758265226459908
0.007758232128305365
0.007758205795506996
0.0077582116499599766
0.007758222310344645
0.007758037399740092
0.007757958963987105
0.007757955933488999
0.007757950949728366
0.007757959165491987
0.007757693981611953
0.007757343473914918
0.007757133400407444
0.0077568485236943555
0.007751770727291348
0.007734717984202164
0.007707891909650313
0.0076760771660119645
0.0076438314663628115
0.007627151291677023
0.007620297965834706
0.0076136123710165
0.0076089001567739584
0.007608881941566407
0.00760262711727508
0.007586476084194618
0.007511573248681516
0.00732690221436978
0.0070812946753678685
0.006867318437117815
0.006745188768126875
0.006670696575076576
0.00661845380733596
0.0065873909614097195
0.006557497374115054
0.006516282983025977
0.0064458517442574585
0.006401205628560354
0.006386008947576444
0.006380924973689174
0.006374226111758602
0.0063683076649883865
0.006366179061648239
0.006365187818493251
0.006365240423182007
0.0063582969760678665
0.00633678718537323
0.006318608033848674
0.006310086304961948
0.006296541892896004
0.006280017260163538
0.0062709932252428555
0.006267025273621124
0.006265528748827677
0.00626541497326061
0.006265757073357592
0.006266411683385144
0.006267338190714596
0.006268000392129655
0.006268638244380332
0.006269084965505148
0.006270205796310593
0.006270374190394003
0.006269966120526254
0.0062689885386767435
0.006260381491270926
0.006226156896036098
0.006163942910501506
0.006051019989572055
0.005910483330414794
0.00574380423062463
0.005538078878946739
0.005350841100205481
