0.06643046960144483
0.06637590717235921
0.06631230742207954
0.06618864796114227
0.0658919213333435
0.06532287560093146
0.06447363906759568
0.06369879513679527
0.06318857677210163
0.06278886453106153
0.06246382387003077
0.06224413508679176
0.062110294587616646
0.062009188213851436
0.0619209944181033
0.061841565650301376
0.06175906001333972
0.06166991522366028
0.06156872605771332
0.06145516825132522
0.0612875751459157
0.060915578544345636
0.06001777402063454
0.05841865690143687
0.056849551904606326
0.05592684403525503
0.05545081400205674
0.05521442594853808
0.05506801141366674
0.054969200775800246
0.0549022720018404
0.05485394989049593
0.05481128510461341
0.054740804360995376
0.0545935414452377
0.05430116449881162
0.053914785201994914
0.05350217908812851
0.05314840843745453
0.05287465005651788
0.052676620896817135
0.05255190624501298
0.052374391029810306
0.05204382594986438
0.05154406212581996
0.0508833754706424
0.050277039717644356
0.049744669058434256
0.04922029894997244
0.04864948691319416
0.04806754770776841
0.047472817528537985
0.04692094298805089
0.046366172296107164
0.045811298650797576
0.045256927139083816
0.04475302500833466
0.044338844707174085
0.0439805793050713
0.04361937350237299
0.0431941320453938
0.042761721119278874
0.042416880814179304
0.042197984147332016
0.04206757005327172
0.04200621894956265
0.04194575550563157
0.041830491820491617
0.0415686882950556
0.04106005820120467
0.04020115466151917
0.039058746754151
0.0377732346321632
0.0366054800432849
0.03565761704658077
0.0349540423785478
0.034513072401751235
0.034238735366372966
0.03407112270201806
0.033953486478024306
0.0338939336812073
0.03386665922990903
0.03384802520909517
0.03383941863184948
0.03383590581063516
0.03383389506806611
0.033832530746898314
0.03383274035692903
0.03383365091340095
0.03382840294617028
0.033778846878269625
0.03354200338139465
0.033115104737615586
0.032772235459660994
0.03262468949167935
0.03258009124000773
0.03256630250201486
0.03255915055711356
0.03255682876895102
0.03255362757595405
0.032552268806642366
0.03254711513105507
0.03253385361560837
0.03250900977318488
0.032480035308729685
0.03246931499411528
0.03247264874545279
0.03235060677054479
0.03179880521255878
0.031131141700237255
0.029829966693855698
0.028226739705475252
0.027006034891069057
0.02622402567073585
0.025711562246054424
0.02536909810426108
0.025162057827109136
0.02498546130804601
0.024799748734802386
0.02461171006616996
0.02441598598521415
0.02424940368351713
0.024126214891862337
0.02399660083669098
0.02383822309298622
0.02373938395804249
0.023658458983074577
0.023521051197907743
0.0233037678971714
0.02305334301680996
0.02278173825068977
0.02241852096452681
0.021791337293267134
0.020864644043462048
0.019944232667361363
0.019041625492735508
0.018127857493284737
0.01726784408386882
0.016587231274987877
0.0162056368184527
0.01607836397295994
0.016055295081917494
0.01605153742904497
0.016045566948127594
0.016034602793828193
0.01602823903581597
0.01588886741367155
0.015520958128536506
0.015479014560962028
0.015450706872779676
0.01540109614556257
0.01538523834629796
0.015382364939258434
0.015382391787078759
0.01538233880343511
0.015382384965703821
0.015382057890164585
0.015381555666316854
0.015380971609418946
0.015380796829104381
0.015379891809813216
0.015379063993141399
0.01537918755096623
0.015379055205151234
0.015316792102642201
0.015223242151814153
0.015221654803927266
0.015119585978657459
0.013363304093648701
0.011160191293284738
0.010324656422215923
0.01019271713437314
0.010114120764695873
0.01008948479763285
0.010090021812614352
0.010089968838840056
0.010089990232258407
0.010090060609899615
0.010090065679718289
0.010089914326608647
0.010089138849540923
0.010087961535171828
0.010084950193275214
0.010079903531043943
0.010069634179894952
0.010050469584261123
0.010029356163532685
0.010005935839639622
0.009983714363704288
0.009961944340717432
0.009946707839468398
0.009932082803601548
0.009928745214892431
0.009924950848576622
0.009897208960064192
0.00979163667400743
0.00955664795111282
0.009246338103606533
0.00897788525412949
0.008812864649782395
0.0087406373401192
0.00871327483486803
0.008705384328025605
0.008702254935464318
0.00870233925770452
0.008701445912379532
0.008701591341565288
0.008701557364457154
0.008685753539149525
0.008531865941362956
0.008283190382181824
0.008154529890193789
0.008117787890742014
0.008104772076940624
0.008097200343646097
0.008091866024577118
0.008083391299048481
0.008065834672245633
0.008027374475093
0.007981747021683173
0.00795508684320399
0.007945336756685305
0.007937453563277
0.007927985636753905
0.00792493620168118
0.00792437981770897
0.007922128318395748
0.007920026746198726
0.007313825182494348
0.007142503708460431
0.007141712239319612
0.007127445312990728
0.007128208766063683
0.007128318399243017
0.007128158746163509
0.007128214621370119
0.007128231751514707
0.007128230844765603
0.007128228469862528
0.007128237157702465
0.007128227234207669
0.0071282266660126475
0.007128160725115499
0.007128204058920913
0.007128260436282191
0.007128160397920958
0.00712819346336445
0.007127912580881974
0.007127903437039249
0.007127638500251092
0.0071270547733113315
0.0071271565867576025
0.007127158182480813
0.007127148988067284
0.007127148198808899
0.0071271523695343696
0.007127153228924728
0.007127152571633117
0.0071271584526314755
0.007127156463490758
0.007127161229731015
0.007127152200030659
0.0071271537384602615
0.0071270876480067176
0.007127063715236686
0.007127174729304819
0.007108406050261543
0.007031406474638785
0.006927482668200619
0.006849650600799236
0.0068006253547558786
0.006781365227532641
0.006644056348737291
0.006536941293303574
0.006520120151683404
0.006515348456218903
0.006513404881094295
0.006514671312244832
0.006517714196602332
0.00652227323507039
0.006524106783122817
0.006523717417483617
0.006522829697254245
0.0065188539341965645
0.00650101784556957
0.0061781366745329875
