0.06631131516631016
0.06628639722112878
0.06625117773141342
0.06617698186952088
0.06598062121332926
0.06556248968942743
0.0648538786774302
0.06412769937505779
0.06354219120185037
0.06289058822228294
0.0622487483809718
0.06181975612343648
0.06158578589355527
0.061427838124158564
0.06129570701888476
0.061179097481490065
0.061076858544403693
0.06099571275203798
0.06092863346367157
0.060861318134335984
0.060761327824023444
0.06056090654928025
0.06009721650607351
0.05911040359577985
0.057755452625052425
0.056635527999189174
0.05591591406218704
0.055494728836563374
0.05520480189322889
0.05499291540803282
0.05483551809228528
0.05470338091626044
0.05459942303165825
0.05450420689034156
0.054389308946665396
0.05420666942827489
0.05398172369654904
0.05371835202041219
0.05345050821585135
0.05319445986805562
0.052969324495444704
0.05280224419846462
0.05262236914339588
0.05239554285980027
0.0521376224808072
0.051801787924067526
0.05147756957178188
0.05119354993063013
0.050931316086154234
0.05066632980211115
0.05043085656168962
0.050216950371443886
0.05002144594839635
0.049863870128475776
0.049666601903256384
0.04934819296350493
0.04882922979420314
0.048250543800225185
0.04782659773700975
0.04756712994371474
0.04742660093002162
0.047348410200392786
0.04728852445308584
0.047068601925261036
0.04659867607131417
0.04622760927346508
0.0460392495857129
0.04597019060360515
0.04594408934467251
0.04593586278350627
0.04593205613813871
0.04592451571256879
0.04590151080884054
0.0458176203641836
0.04555139724855943
0.04497830498277935
0.04420606554865018
0.043631500030692674
0.04336929603409013
0.04313810360485787
0.042659104477280774
0.041846375592010696
0.0409586061872094
0.04038832837929671
0.04004168658325515
0.039800257028320705
0.039601446070540954
0.039439849150790754
0.03918857490040743
0.0386339437971689
0.037616321903462084
0.03630233485938819
0.035193123135143924
0.034514551531673876
0.03417251273188036
0.033983111586573196
0.03387389025108253
0.033815041388837834
0.03378071241077371
0.033770588854243146
0.03376992446261048
0.03376857408983663
0.03375873022003524
0.03373667236289272
0.03369777614121983
0.03362862565229517
0.033549934516341084
0.03347660402056151
0.033420508002271816
0.033356800770604295
0.03328497131210085
0.03321122483319346
0.03314806039960485
0.03306109127103768
0.03286832909973428
0.032575809030976115
0.03235030928564698
0.032253894305735886
0.0322357716071304
0.03222440695067688
0.032200222901466014
0.0321593789265528
0.03210440065977107
0.03205022978740056
0.032010239448722604
0.03199266605345016
0.03195732420529688
0.031782302097950396
0.03137052786031246
0.030780475647025116
0.030293415176957203
0.030138401344900402
0.030122951113266856
0.030070874928095053
0.030015463393451135
0.030004681011583923
0.030001986588168703
0.029993876144310976
0.0299705441701376
0.029970729292786494
0.02991797340172441
0.029844504162582164
0.02980504097406497
0.029798877220679514
0.029797611812970498
0.029780561052793624
0.029724239500249244
0.029649030573563082
0.02958388229554684
0.02955935475417197
0.029546938769617517
0.029452001417620277
0.029290749115185814
0.029192176946978416
0.029106114995521157
0.028979536326392264
0.02886220971622542
0.028764627645281333
0.028690421821546765
0.02859226770287716
0.02838136018482266
0.02796711985066747
0.027214743255219834
0.026125097398486636
0.025141202997759925
0.02477399025160493
0.024756855441236597
0.024756392166361656
0.024749982448073995
0.024749729045894012
0.024747815722503876
0.02467884471414058
0.024243614255161427
0.023694753661727578
0.023427654524958406
0.023316922576723666
0.023270936172125372
0.023243585498130794
0.023221430565663382
0.023202007834946407
0.0231827836551305
0.02315881050025053
0.02314133907164704
0.023135171074570852
0.023134242772762926
0.02313419807366396
0.023134153660550952
0.023133669254874204
0.023132394918915986
0.02312794631552856
0.023122543698248444
0.023099529278776523
0.023036784531890703
0.022862796196397667
0.02271717070811068
0.022646914605859797
0.022616938316814834
0.02260488292418095
0.022595391011749424
0.02259398012296901
0.022592407471205257
0.022590451937316947
0.02258978695033571
0.02258791393217445
0.022586235718622415
0.022584524207265613
0.02257751949010111
0.022555246118331006
0.022502821102104616
0.022421342582242498
0.022323467411864157
0.022254596957226605
0.022235669814928537
0.02223552915801846
0.02223539361076136
0.02220745323692238
0.022133246458458225
0.02212247870626997
0.02212043692444367
0.021953102637777246
0.02152870653944095
0.01994291410484683
0.01775063704944686
0.01597619863295226
0.014939462726893126
0.014451421802553295
0.014279290233003627
0.014216631305141154
0.0141986577354981
0.01418939511075289
0.014180458520414345
0.014166444113502657
0.014148292279425389
0.014130703326411939
0.01411832852913797
0.01411109062991718
0.014107785707469222
0.014105928483332293
0.014104828593725645
0.014103716949195386
0.01410040928879003
0.014075239617097337
0.014019105363229525
0.013879964640816037
0.013667417384539405
0.013383298585695678
0.013071520955317772
0.012801117079340027
0.012419646464258268
0.011871756986965729
0.011223948821729642
0.010906017979582803
0.010859623329435675
0.010858922994060903
0.010858964474449392
0.010858939877718937
0.010858944207976652
0.010858942451144276
0.010858937863137842
0.010858934926798075
0.010858934743445767
0.010858934385763927
0.010858940270754545
0.010858947852745932
0.01085894719025323
0.010858938831326164
0.010863884359176384
0.01086384103592972
0.010863808439661773
0.010863439857038252
0.010862182114320669
0.010858800518042118
0.010855970475567628
0.010848612903769018
0.010836256552200873
0.01082440579919471
0.010796709384038625
0.010797195389675069
0.010792386326354547
0.010765955845870468
0.00973260232818853
0.008959696628405884
0.008926019498689621
0.008929076992995465
0.0089305925834616
0.008930833412082425
0.008930619660087317
0.008930692981783577
0.008930691922081634
0.00893059710599915
0.008930358638229422
0.008930118155316864
0.008929857355992433
0.008929686390405561
0.008929495885395369
0.00892928244596969
0.008929428979618523
0.008929864983812985
0.008930471853819752
0.00893097335503433
0.008930080847746788
0.008929322913198692
0.008927683858365482
0.008923943662106837
0.00892131784055694
0.008914202923956427
0.008879035820161061
0.008777141660227106
0.008736544201411485
0.008615222061541914
0.008591168466991901
0.008569875667518299
0.008567239052995822
0.008558196045333076
0.0077858200870043505
0.007289897847947928
0.007116121276451002
0.00694279302745465
0.0068557772684280415
0.006783323644947856
0.006717424140490836
0.006680908271222114
0.006659705654930122
0.006638694272055303
0.006619916757749895
0.006613153681355253
0.006610443065402321
0.006609460862690026
0.006609244151398832
0.006608989767800024
0.006608710788826326
0.006608598643807759
0.006608576951667176
0.00660860901652768
0.00660845600052317
0.006608325681742559
0.0066085621709860536
0.006608257247637639
0.0066084614723356215
0.006608242177979745
0.006607516551698189
0.0066077141538843105
0.006607747339825653
0.006605712175975128
0.006603900447326911
0.0066020384607203665
0.00660219593188852
0.006602370929458629
0.006601897205972437
0.00659993734922337
0.006597304239579559
0.006594734254005129
0.0065765954902387725
0.0065504128990687424
0.006530829022370036
0.006518694448978041
0.0065030556800450365
0.0064947026344378276
0.0064871147888050425
0.006483384405682331
0.006481782283269345
0.006481828615340922
0.006483734504947144
0.006486846773520289
0.006489800058369965
0.006490784415339736
0.006491921843983225
0.006492739077592467
0.006492118905868968
0.006480815633214164
0.006450292242885497
0.006426356426321614
0.006405630736764011
0.006371303634638834
0.006333809594052928
0.006314321527262499
0.006304208183463979
0.0063015966555728525
0.0063017535109032895
0.006302281442401594
0.006302383438032243
0.006292485497543894
0.006274289228167229
0.006262385655569574
0.006265378730811932
0.006277152321077257
0.00627065195478804
0.0062610343978976
0.006149303482357932
0.005940500030156067
0.005687820189037832
0.005481032313278677
0.0053572677789351176
0.005291691433439789
0.005253859454911221
0.005233530589863114
0.00521897022783623
0.005207122700460733
0.005197873642288087
0.005193075272807179
0.005191194909542946
0.005189561767197614
0.005184484940826817
0.005180092680286475
0.005172694219921179
0.005170274024052351
0.005166846738640454
0.005166949368714556
0.0051671792394927364
0.005166838136249953
0.005166719630586728
0.005159642804792181
0.005142264816463032
0.005122475571807306
0.005094988132228149
0.005056897545617406
0.005032373089420442
0.0050192539503308735
0.005012149286002898
0.005010486534362835
0.00500981153842927
0.00500987914142628
0.005009969850186417
0.005010863766806045
0.005011756699845195
0.00501300026264241
0.005014474367913646
0.005017582486693871
0.005019796657970888
0.005020890186825721
0.005020175777134363
0.0050169275187446315
0.005014255719553754
0.0050128863742962175
0.00501126910185582
0.00500850337046779
0.005003262671516086
0.00499563951762148
0.004929808812749072
0.004871035762168863
0.004753975203207942
0.004714783478280116
0.004712946136357455
0.0047130074358956425
0.004712996731272246
0.0047143924924392434
0.004714829466395659
0.004716728593752825
0.004718485461719835
0.004718961265168802
0.004720328208839824
0.004721359971582756
0.004721340908985853
0.004721030421772441
0.004719181212692993
0.004717406278337927
0.004713369087690577
0.004710035778506677
0.00470668024317382
0.0046997046031278305
0.004687609040920508
0.004676918037652507
0.004672905152248552
0.004673708245344275
0.004680943638565248
0.0046072640391298155
