0.06648875046087645
0.06642153831933609
0.06633812871992871
0.06617115883280675
0.06576797493345878
0.0650151717798977
0.06393672545199412
0.06289264675280287
0.062123114648381564
0.06160936530741885
0.06128186668924755
0.06103160305215069
0.060819247151330955
0.0606212148042466
0.0604793520276903
0.060393375036507824
0.060338332768458215
0.060291825123781645
0.0602253770909408
0.06013744017756163
0.06004786524791229
0.05997482019078326
0.059931565175413856
0.05991300162924088
0.05990671028544585
0.05990466587278311
0.059903491713813754
0.05990292547457431
0.059902797059683065
0.05990252790540373
0.05990044276896155
0.05989270759403236
0.05987253765651391
0.059816258480335616
0.05963456589356575
0.05913381654642007
0.058451606714051675
0.05775942343732015
0.05698405375656279
0.05609937508121095
0.05523605878501353
0.05454177839178019
0.05403245852854799
0.05371312711185722
0.05357678570218661
0.05352339970377605
0.05349147830918858
0.05332744944331385
0.05254048557941615
0.05169520583809966
0.05131804089760711
0.05120544970641572
0.05117287210992618
0.05116438600608738
0.051163779238737675
0.051164394757027984
0.051165202361821906
0.0511658596100913
0.05116622227400748
0.05116601305427112
0.051162443250782626
0.051142513865294524
0.05104319964024389
0.05079158481334606
0.050537199135635084
0.05049384396229532
0.05034288044301482
0.049490092816572004
0.04865015617359901
0.048043108542108956
0.04760222368095055
0.04730813885596768
0.047047428666571356
0.04683076999092759
0.04666195647537531
0.04656623958553181
0.04652352393232165
0.04650078591001002
0.046478883256584905
0.04645131276819735
0.046389037373333955
0.046321296224761055
0.04623291077322969
0.04612157169148272
0.04599459003172378
0.04588684216726417
0.0458124274911133
0.045774406623083505
0.045764220766032
0.04567406730683096
0.04510913429509373
0.0442807234762415
0.04370668524384318
0.043445990278664394
0.043353995845588966
0.04331665718439104
0.043294624533182405
0.04327145875814599
0.04321566459834825
0.04314973964171807
0.0430056772967476
0.042734000194002
0.04225216659056028
0.0415498440201721
0.04072602345506342
0.039877504945183564
0.03916881194386839
0.03863431786759732
0.038278565106339354
0.03795736912424014
0.03764601039422644
0.03739567434861831
0.03725503858769839
0.037189441816514957
0.037160127770193604
0.0371470783902942
0.03714071125660204
0.03713781663463279
0.037135219682155406
0.0371348157818258
0.03713465913799894
0.037133879022257274
0.03712991042925035
0.03691887849700416
0.03597938140179293
0.034975392151584114
0.034458517606464616
0.034017624728431846
0.033506843710327146
0.03322308035254459
0.03308037466479013
0.032921440111750744
0.032770220737994425
0.032601901488741813
0.03243541297859346
0.0322704083801108
0.032101852342540024
0.031931343521962016
0.03176445327057332
0.03164675050630499
0.031542066685793915
0.031467681108387255
0.03140926207718076
0.03137843966231474
0.03133163340375799
0.03127851133230321
0.03122669478985825
0.03119841446384115
0.03119114403911203
0.03118388039149282
0.03051591801123425
0.028322886730269028
0.026014453868133544
0.024824788842053337
0.024401673553062914
0.024187237560037243
0.02401561125145279
0.02386503187882978
0.02369159190548891
0.023489105586517445
0.023277998534967002
0.023071121569584303
0.022922258243220178
0.022789318425210738
0.022685788745260147
0.022600878173826843
0.022520511891067244
0.022456671919369748
0.022421724841656505
0.022397818896314356
0.022360902215448928
0.022304612689750352
0.022234245337917857
0.022208583955206012
0.022208801962865243
0.022205431806154197
0.02219255178008452
0.02218838041134954
0.022174377579110154
0.02216988600991048
0.022165241034987966
0.02212658521872041
0.02204562708747993
0.02198623196072812
0.02197068300201766
0.021968701619893647
0.02196869869798816
0.021968707283426477
0.0219687132231829
0.021968731866911267
0.021968728859584553
0.021968602252870364
0.02196783313221556
0.021964834108422933
0.021957165092907297
0.02194969887578599
0.021941605811987192
0.02193385579874372
0.021931706206682552
0.021929283260774594
0.02192330114088185
0.02191860827974504
0.02191756046150419
0.021777176018179245
0.019150996369089075
0.016147318458961977
0.015274948763575753
0.015198080896024303
0.01518819939589977
0.015181246748288737
0.015177217281708904
0.015175265695010699
0.015174661853162692
0.015172893623560217
0.015165538155740461
0.01513140774187138
0.015008980391055216
0.01466610043065061
0.01402980121815758
0.013205880957869266
