0.0652749981114279
0.06519238836481958
0.06509517449876548
0.06490206964915181
0.06445044174206722
0.06364092272940204
0.06251818332453306
0.06154279721799878
0.0609654297404917
0.060662086880131576
0.06048907648353839
0.06034220445930301
0.06019226438997034
0.06003799425293178
0.059887847433815554
0.059737959922408705
0.05954338417599711
0.05924532952197189
0.058790870819422386
0.05829497983397239
0.057934480895275114
0.057751304241087986
0.05768547454585866
0.0576682888198756
0.057664639622132065
0.05766354528886267
0.05766293105590146
0.05766261852006284
0.05766252361391663
0.05766173036108525
0.05765580970050681
0.057640520134630925
0.05761441038065715
0.0575840852645186
0.05752824660551676
0.057257287480423476
0.056779281412265646
0.056297233443221587
0.055938360474691584
0.05569772837272584
0.055542145508499535
0.05544954491733268
0.05536437345844485
0.05526597151922377
0.055155081420687174
0.05498444376499551
0.05473791488010329
0.054407064429454616
0.05405334720788269
0.053765553012894235
0.0536065156260691
0.053532228317059095
0.05349610965581541
0.053467656944944014
0.05343192679001149
0.05337644780879886
0.0532691964116736
0.053082108589774725
0.05276146170519537
0.0521279842764071
0.05116322898211733
0.050247783389528684
0.049799611108097316
0.049653804216062934
0.04945714134151482
0.049071800192659214
0.04844714901617509
0.04776511907613001
0.047160003386152075
0.04672877248452746
0.04641660156300149
0.04620666926772177
0.04607664521752002
0.04598267650986189
0.04587324705075185
0.04571139368818783
0.04532608526419261
0.044345618762921854
0.04306345449073072
0.04243299778785876
0.042138613729479794
0.04173899163276957
0.040811536541060754
0.03949745256208327
0.03828585502935704
0.037403858967489184
0.036799272966280445
0.036408211445697156
0.03614690800285218
0.03601483168323092
0.0359727659236005
0.0359518687095783
0.03590375263471351
0.03579718626293146
0.035652037877125224
0.03555291235934905
0.03549621450812445
0.0353699101174469
0.03517493725038456
0.03502198704129753
0.0349105891605065
0.0348297216296915
0.0347728800415296
0.03472861615115867
0.03468821757389825
0.03460533286773449
0.03441541362562689
0.03392539381425615
0.03282244622609041
0.030592398628724395
0.02748601814784002
0.025126737378341913
0.02412509734875244
0.023672501614885096
0.023268686923737562
0.02284591495408798
0.022467445956590507
0.022203112198325308
0.022016211172594714
0.02186311523276077
0.02170022591169179
0.021511055646016096
0.021293620203415
0.0211181522107612
0.021050484203412788
0.02100999625299487
0.02081709320444234
0.019843920512938838
0.017606714116636755
0.016105053192059387
0.015777122592584056
0.015752102310832947
0.015752293935297326
0.015751595462887777
0.015705719870180233
0.01564044971667833
0.015627750709329053
0.01562732006933506
0.015627229442963894
0.015627069455269704
0.015626970063251835
0.01562698672890397
0.015626900893216847
0.01562696394793645
0.015627017541865813
0.015626965709254412
0.015626960973752484
0.015627004910012482
0.01562699699066518
0.015627004328999605
0.015627003779057486
0.0156269101072825
0.015626957660037535
0.015585938657663497
0.015142694041396362
0.014596240814648963
0.014418928092876298
0.014378934373611747
0.014352774579199328
0.01432966929464553
0.014306854977935995
0.014290153021831297
0.014272285277474407
0.01425292209437969
0.014232008327341757
0.014209403686616566
0.014186242099953972
0.014163185657888346
0.014124050457139537
0.014057972275460384
0.01403109337405873
0.01402819288173505
0.014018181015401048
0.013807560775343399
0.013688233457204234
0.013684967741088478
0.013614516811536642
0.013581154759750583
0.013368076598488333
0.013091236642373796
0.013021053714318807
0.013012426827892151
0.013012490831055636
0.013012398060565589
0.013012434785510599
0.013012422860065232
0.013012417340850822
0.013012460587859324
0.013012486702314236
0.01301234443197882
0.013012070973710191
0.013010842239552779
0.013006734343687215
0.013001865902059805
0.012993839680934888
0.01298406157189907
0.012976236940595406
0.012955794551718674
0.012915983576903971
0.012859684829783745
0.012818768801191217
0.012804914352844593
0.012792852492091214
0.012791533359233357
0.012789926268141131
0.01278589955939386
0.012727520487494204
0.01265754337574713
0.012643798531872289
0.012465777012957993
0.012218532483419494
0.012064972473756309
0.011958059059362277
0.011935590550440509
0.011933716537429107
0.011933682107902044
0.011933658537071479
0.011933663864747935
0.011933661794719646
0.011933659970672646
0.011933760955911612
0.01193339567221777
0.011932392965105978
0.011930141684538813
0.011926565166079775
0.011924409174430653
0.011923816003243153
0.011923752325483476
0.011922830231236024
0.011884534536361731
0.011273818342205049
0.01005870747142838
0.009887721869190416
0.009886297108690009
0.009844009049534353
0.009240862452581272
0.00896456495380611
0.008962880601670211
0.008962042252665198
0.008961975821003665
0.008962004505822579
0.008961988094544078
0.008961991430944987
0.008961987909619796
0.00896198325060426
0.008961948918613434
0.008961913888384902
0.008961921816046107
0.008961903415437367
0.008961906457211153
0.008961905996314417
0.008961776248932449
0.008961587609586283
0.008961630508622318
0.008961486049599746
0.008961463275758403
0.008961307191999494
0.008961045627667289
0.008959612270089247
0.008958055123315293
0.008957491815714425
0.008950716455990573
0.008933042054963515
0.00890530839006719
0.008845395088950152
0.008743325184604935
0.008596739664484841
0.008516575246476782
0.008461829814134653
0.008428370515689452
0.008411308757926084
0.008400739412643684
0.00839788830510656
0.008396895738671504
0.00837024914628354
0.008165211635579794
0.007742354609413045
0.007472124621411423
0.007357515176669232
0.00731359987163445
0.0073010984534100255
0.007293214075508732
0.007287177361560255
0.007284429531379023
0.007280376827696542
0.007277568019099538
0.0072760525190267225
0.007272655078727199
0.007264953097010218
0.007236052379813348
0.007147112335586641
0.0070822934029927224
0.0070576038390748365
0.007051656740526678
0.007050897261569751
0.007050981395945001
0.007050974635968872
0.007049917436377613
0.007050050845523482
0.007050035252397639
0.007049012349121422
0.007037697079663245
0.0070141206530042076
0.006971366455317695
0.006774556247538929
