0.0672033573580226
0.0671118237065221
0.06703058178291431
0.06692076043498743
0.06673452903948499
0.0664933948345937
0.06623063579300309
0.06580752258219577
0.06495601527308205
0.06397392046341652
0.0631094472765463
0.062327003149594294
0.06168067017963292
0.06119720020207032
0.060863816155521076
0.060639931228820554
0.06046310644715898
0.06032066395964755
0.060212740218092434
0.06013827431700592
0.060079184595388885
0.06002619761873723
0.05998033247802606
0.05994320671287717
0.05991520689639348
0.05989403868930433
0.05987418409514848
0.05985876926292563
0.05984180753025477
0.05980563366425279
0.05972948705883109
0.059626582838540006
0.05950849699293179
0.059321648549726116
0.05892234587366245
0.05811173670664643
0.05703814617733065
0.05591866248941434
0.05487198015371981
0.05389926043101971
0.05308154256621869
0.05250300490420092
0.052110488502961835
0.05179260548759714
0.05155264411005739
0.051344395867528723
0.051165862826807164
0.05095478801649293
0.05064100813371952
0.05021108133244344
0.04978265632088205
0.04941755962417822
0.049135634350186135
0.04893700179635803
0.04881240351575568
0.048760139287729494
0.04873569491362521
0.048696893854620005
0.04861913352184524
0.04842882478911864
0.04797709407470903
0.04711105975755575
0.045969034188790836
0.04508221142776833
0.04451123476791193
0.044195376638919814
0.04399409742293125
0.04386745433770457
0.04376484523151587
0.04368232809660323
0.043586025054662574
0.04343103427163273
0.04316321872065842
0.042622250977889777
0.041619576672609127
0.04048671777451116
0.039672417466427363
0.039260393205001035
0.03909416221061089
0.03903849564612535
0.03900590580858415
0.038995570673109076
0.038983089552162516
0.038972812528419686
0.03894983335717794
0.03890826428997735
0.03877280660081465
0.03850415944928812
0.038343587667333534
0.03829881765877993
0.03829152972032961
0.038288880877212245
0.03828663770341551
0.03828465960311432
0.038283584385068445
0.03828242425649979
0.03828211193004868
0.03828135217410888
0.038276937747874766
0.03826791234964064
0.03824015788397622
0.038151555860519666
0.03803354639797061
0.03800566378918424
0.03798161977656896
0.037882307324763595
0.037751851690609316
0.037657802788187
0.0376156432092099
0.03760592234252425
0.037599258590436196
0.03759671323144605
0.037572053734240725
0.03755113858160174
0.03754350032607763
0.03754195276017954
0.037541385138057465
0.03753586074615845
0.037505769672458784
0.03743331185068669
0.03727235856122112
0.03700139488914625
0.036739485244040505
0.03662750482325769
0.036624798784098606
0.036619202661672345
0.0365254029068749
0.03550108586883491
0.03373873978494081
0.03226662405501324
0.0314226592463575
0.03099252160007964
0.03075664848345087
0.03063149700859551
0.030568349310470554
0.0305401912450778
0.030528718071456244
0.030526292790865082
0.03052432840313824
0.030522858004610777
0.030522221355375752
0.030520963283636095
0.03039591633784621
0.029345070597978248
0.026859683726701295
0.024624783927672783
0.023547653509894115
0.02310069204127912
0.022883413254235468
0.022767554631222986
0.022698338906844848
0.02266229774895663
0.02264242230822222
0.022633989698177447
0.022632081400822235
0.022630103888113467
0.022620716523872073
0.022592938305368633
0.022561907679616588
0.022555239396527944
0.02255311445633098
0.02255261874840974
0.022533201867493875
0.022207350261034788
0.021921387392348533
0.021863901450859466
0.02185389482137699
0.021830026813611323
0.02179063530994595
0.021713146472124384
0.021613576513753414
0.021536683814890725
0.021494108880662183
0.02147691414593831
0.021470173311645156
0.02146611506971552
0.021462946148410954
0.02145548088338378
0.02144487556265515
0.021435316312044584
0.021426753353514478
0.02139919451881924
0.0212682104113883
0.020587744423832374
0.018952548550812347
0.017107507566050534
0.015779024894713025
0.01498868463150428
0.014581731388792412
0.014392768759078843
0.014303256966820313
0.014270577085598615
0.014257429424403882
0.014255484108414377
0.014254388315755857
0.01425364515055343
0.014253638035727784
0.014253280424179834
0.014253172242954072
0.014250580597961682
0.014250632501894445
0.01425055489344572
0.013940926006477597
0.013396785356241274
0.013265129584852034
0.013238408145194216
0.013227380093273088
0.013218832478402321
0.013206845630520209
0.013199804905363214
0.013197474726300206
0.013197349782818056
0.013197319490971979
0.013197030538663121
0.013196910086599753
0.013195387038004106
0.01319252835130002
0.01319099704121407
0.013190555775648129
0.013184037123570832
0.013069676062960212
0.012701593686917529
0.012167867822354959
0.011957081291800823
0.011859884794114678
0.011796073780295313
0.01163709665094784
0.011305596771321976
0.010943457465691758
0.010629578378407596
0.010449017099200182
0.010312142024272115
0.009941706898171553
