0.06602717903263174
0.06601838405274099
0.06600261471834651
0.06596589300383801
0.06585240936437607
0.06555409871167657
0.06486581103242012
0.06383848327719013
0.06286594065504676
0.06216337942111053
0.06166907025314425
0.06128941876135779
0.06100895249369131
0.06078744021905793
0.06060312620576232
0.06044757610419138
0.06032653658390438
0.060245172538117266
0.06018381968545687
0.06011952663478423
0.06003342882330088
0.05991041352134376
0.059675037250427825
0.059099504943773286
0.05799909237994605
0.05663537203691649
0.05546513091650169
0.05474882946867615
0.054324740765776154
0.05406735016386661
0.053905123382384804
0.05375926213179973
0.053558700939006006
0.0531762347785278
0.052521995462440164
0.051663876069593224
0.050944067160312585
0.05049218267243649
0.050269936912210884
0.050164203177764544
0.05010929409268115
0.05008642206974149
0.0500659434054789
0.05001127670944126
0.049879954057670484
0.0496518446357212
0.049434052297987675
0.049258082369719174
0.04903300059871107
0.04877636709449329
0.04870516565033615
0.048698762679129315
0.048698400020901415
0.048698132626063664
0.048696393732544994
0.04868903854475081
0.04867268834116554
0.04865627807152411
0.04864965649361436
0.048648017266002486
0.048642426366925194
0.048609939736788774
0.0484255700070409
0.047815812063886735
0.04659813914912166
0.04536142633924225
0.04462833610143176
0.044310057300568834
0.044128553240175034
0.04401786378621113
0.04394744549980183
0.04391525130020002
0.04389905363502214
0.04389333728987377
0.04388969032671015
0.043881382306437
0.04386646622096318
0.043854657319321255
0.04365588108946468
0.04246350877436384
0.041347548805109005
0.04097496698008715
0.040872545987642075
0.04082899539096105
0.04079432205620922
0.040761665960963415
0.040727878041964906
0.040660767082400406
0.040480267044421654
0.03999037839981536
0.0389816832671382
0.03721311842987865
0.03491461667515705
0.03309928402711368
0.03206085719136372
0.03010067782097141
0.0272911759753885
0.026352669360893508
0.02615455053389869
0.026020946487644463
0.02576827037559116
0.025154735190971073
0.023823387645640366
0.022111980456906162
