0.06568677803431813
0.06560894456909676
0.06552799457488614
0.06538849402038652
0.06510723100381742
0.06468005958942304
0.06416854729116395
0.0637548654749671
0.0634693518376193
0.06323229919629096
0.06303108223208251
0.06286177071948419
0.06273413988321011
0.06263995727668614
0.06256796406911506
0.06250405870183243
0.06243106487032946
0.06234378336392838
0.06224505818873162
0.06213904181782679
0.062023356112893585
0.06189908525357393
0.06177500767992315
0.061660082925599574
0.06156196035307267
0.06147846302131535
0.06139367934822677
0.06129433263340342
0.061170355778466426
0.06094579366044105
0.06051229714173915
0.059818367937291096
0.05895781563598248
0.05812320539598902
0.05743939452905914
0.05690949308561011
0.05655512056835619
0.05631796568291894
0.05615560270539288
0.05602264298807985
0.05592264523378855
0.05584194282955874
0.055733375985036
0.05562827084144429
0.0554499870704342
0.05505773381607728
0.054424388334091904
0.05356813492857025
0.052787226282719604
0.05222334968766681
0.0518669433076785
0.05164790727491745
0.05152430596383529
0.05144346148908395
0.051381207108684546
0.051295034767503446
0.051093161646333804
0.0504836138557595
0.04971484757351707
0.04936437500717155
0.04928566267541494
0.04927429286776827
0.04927349130196399
0.04927334369738231
0.049273255031358314
0.04927322528807167
0.049273210088398196
0.049273176648288536
0.049273179725832165
0.049273179976517714
0.04927312882726165
0.04927241195425121
0.04926497207467106
0.049222060929822634
0.04912927535103519
0.04909401533085224
0.04909389484554208
0.049095671066375225
0.04909281780563601
0.04898179790980241
0.04884681698074163
0.04860051663738796
0.047928438178227006
0.04669726730675761
0.04516331099494304
0.04381352270704028
0.04290510144593842
0.04245420184456111
0.042289089253053136
0.042258019824476356
0.042247029378244545
0.04219522623776536
0.04211041606298383
0.04204415571513725
0.04197872022509601
0.041921873661165884
0.04185956513006275
0.04179557015282628
0.041740052013566946
0.041691898876575484
0.0416320297211428
0.041523607077277674
0.04130080687156277
0.04095992747410802
0.040656931846594364
0.04043285574770019
0.040300153900791454
0.040227455320750935
0.04008807917409015
0.03974591948562795
0.03945858629298076
0.03930091205632726
0.039215099549742026
0.039176680722931345
0.039141089483064946
0.0390868769034145
0.039010643049399635
0.03892161260568251
0.038873983759719656
0.03886500194548738
0.03886241046315043
0.038847624807792865
0.03831041324548253
0.037344929520225244
0.03660565804228765
0.03611499810784651
0.035800026116342844
0.03557877921810488
0.03543138288454056
0.03533039146321228
0.035217587405050384
0.035068776056179495
0.03491314561139343
0.03481271136711333
0.03476586631331746
0.03474381932566771
0.03473418250417478
0.03473060956670021
0.0347296973630219
0.03472881772873753
0.034726911530468176
0.0347199398752226
0.03470065374398624
0.034671903238346354
0.03464504199719809
0.0346322833068352
0.03462235973698066
0.03461561354383124
0.034608975818973806
0.034601507482943224
0.03458124058865674
0.0345593008116902
0.034548692547541955
0.034544980086732895
0.03453637609248869
0.03453204615592436
0.03453296518327096
0.034533436704594016
0.034530078179543525
0.03453429850762169
0.034533245529524956
0.03452577314229569
0.03447186253681107
0.034454043743584385
0.03445338961940095
0.03445267695576554
0.03445225167721921
0.03445212271825468
0.034451876021775664
0.034451943177564504
0.03445192656065074
0.03445183959037695
0.03445187373549147
0.034451851236692255
0.034451791061308926
0.034451711791338734
0.034445788565817044
0.03443535297453879
0.03443021173252258
0.03442629065811701
0.03442567614362135
0.034421182477968236
0.03440502193913272
0.03436437831156285
0.03432103360549136
0.03429801563763762
0.03429066093123834
0.03428812586754641
0.03428690558871788
0.03428635454570835
0.0342856955545657
0.034285266712331786
0.034284314837142275
0.03428289266879553
0.034281711216595886
0.034280859039740305
0.034279628969317875
0.034280482349590594
0.03427955626542387
0.03387877271548976
0.03222302731230471
0.03060607092467525
0.029617813473591516
0.028769596353534453
0.028159684710089377
0.027821501866186243
0.02769337684658161
0.027606953238816432
0.02750562010249047
0.027398444377945596
0.027235920235948976
0.026883389755629036
0.02597182083566257
0.023891512418379966
0.02064759066192911
0.018005455222614895
0.016673051475806
0.015947061113588998
0.015551561590950625
0.015370183043127919
0.015273247154334074
0.015223730752239834
0.015195363121459375
0.015180228293465324
0.015174752180862104
0.01517405908552604
0.015174558206770536
0.015179780027250728
0.015183787794816297
0.015185122240295815
0.015184696788704988
0.015180679838198345
0.01509729517262028
0.014943433529282343
0.01475104235927701
0.014480708647237774
0.014197432082050342
0.01395274556561564
0.013765906539056096
0.013614495632779545
0.013511430877068147
0.013409515336573863
0.013324392381636305
0.013279015127155363
0.013267045782129235
0.013258766370363932
0.013256862274765994
0.013253109480969555
0.0132499594079014
0.01324869845257785
0.013241289190319814
0.013228092826715445
0.013227646250380419
0.013227637195511168
0.013227633846439135
0.013227634743127303
0.013227632044006385
0.013227634919565339
0.013227632300135999
0.01322762905792889
0.013227636290382093
0.013227625441576376
0.013227635577713732
0.013227635317478767
0.013227625495932052
0.013227634693682216
0.013259595818652579
0.013259588305069556
0.01325955129348441
0.013259555664197344
0.013259536175598833
0.013259494080929603
0.013259280083097558
0.01325900826293522
0.01325968397102424
0.013258108420205908
0.013257239999228948
0.013252899373509975
0.01317915757485057
0.011987334270871383
0.010668413078103437
0.010352554886212137
0.010301381800764153
0.01029396781154548
0.01028784428011382
0.0102748495594474
0.010258327822033448
0.010114615026236553
0.009310156012429767
0.008384463473149263
0.008040009390530402
0.007945872951809207
0.007892004607687703
0.007745308149216147
0.007632605466302618
0.007494414175028271
0.007345783748385565
0.007254015105586866
0.007214774067182984
0.007195333307211315
0.007183699515437736
0.0071721873962321755
0.00715567663407834
0.007114102386060508
0.006972514108122697
0.0067830178563172755
0.006734907788173297
0.006734477307097028
0.00673496594440974
0.006716180516171045
0.0064579780606803154
