0.06578004579369251
0.06563885157991334
0.06550447640780617
0.06527514812079302
0.06477089969494942
0.06390594517169969
0.06275073257948975
0.06178272584424241
0.06123506018206064
0.06094685531668498
0.06077025492512831
0.060604540936673466
0.06043500583269427
0.06027067905596453
0.06012141801653631
0.05999129366297735
0.059811480931713075
0.0594743806859304
0.058858316931860236
0.05814166110265249
0.0576355162741398
0.05738943618417823
0.05730403566943203
0.05728297329671891
0.05727932740739385
0.05727855198377618
0.057278001440650775
0.05727769203335822
0.057277614785772805
0.05727682904176045
0.05727102888394406
0.057255975074362815
0.05723019871236475
0.05719961410147702
0.057142989947649096
0.05686506923249776
0.05637141766413295
0.05587407785382919
0.05550583335752061
0.05526065877275003
0.055103097495990516
0.05500963416106856
0.05492445307746552
0.054825998940867246
0.05470981991808652
0.054509079701105
0.05416440844571415
0.053628527162512554
0.05299918017134542
0.052453863792450574
0.05211469612694215
0.05193145245686203
0.0518320174846506
0.0517710005663593
0.051729095577261165
0.05168651042202357
0.0516102773965285
0.05145816471780134
0.05116280989232318
0.0506440841984544
0.050035467629032014
0.049477370813194595
0.04890742808202364
0.04808594153934782
0.046325180245371814
0.044151562326724174
0.04250165437782805
0.041474006441814655
0.04076388203665629
0.04029168187260746
0.039949494140486125
0.039727481711212195
0.03958808319191214
0.039471651759791476
0.03930930418596904
0.03909165774140553
0.03886584770568754
0.03867390003614557
0.03843320144183292
0.03780598072693226
0.0365353492119255
0.03552542412966933
0.035119259007243116
0.03500546415614465
0.03496945440087603
0.03495584059922287
0.03494938973040819
0.034945212465535204
0.03494300440438155
0.034941998483707055
0.03494108479266318
0.03493990998872418
0.03493130259119462
0.0348828907384594
0.03468896044837224
0.034167689351893515
0.033554184419085795
0.03328420870059614
0.03315999264340281
0.0327342747324774
0.03131629180452277
0.02997602907754065
0.029561553664685176
0.02941193591208505
0.029192468436505244
0.029043256854528677
0.02899123320582987
0.028976894699069562
0.028972229165802464
0.028971497483456326
0.02896874673288089
0.028960576809036857
0.028959877206119422
0.02893613926683907
0.02874539746213247
0.02820518281999648
0.027346387488988752
0.026448190207701505
0.025630731463498514
0.025034099520729446
0.02461713565362644
0.024324273227816755
0.024143020071937193
0.024016147917450114
0.02388914260561778
0.02372861022834774
0.023595516167900992
0.023512110188318752
0.023472693276821246
0.023456301004119738
0.023449044927189272
0.023447330176631326
0.02344576721035899
0.023445320667595852
0.02344501821421107
0.023444810871662367
0.02344402047529208
0.023441040347754624
0.02343542642641865
0.023431602289288412
0.023415807803445102
0.02340673941672084
0.02334182588918571
0.022953533907755043
0.022557191520565602
0.02231707254594433
0.02221592440685194
0.022188681758077387
0.02218609637212914
0.02218526182534188
0.022184448330374452
0.022179101802909124
0.02214418167195545
0.021928124474135547
0.021327269431354295
0.0202437402598523
0.019129946326181025
0.018724411565079268
0.018652041359352212
0.018502384277853008
0.018398825184781954
0.01832491664798854
0.018253565558430846
0.018153977058522328
0.018025882041503023
0.01790414555288779
0.017722048867715796
0.017507462195121976
0.016969277852881888
