0.06785140676079511
0.06782741357637002
0.06779207153178855
0.06771498309582843
0.06750409509778844
0.06703158845429921
0.06615461899797981
0.0651008879853989
0.0642021891794708
0.06354616654275401
0.06310408403063954
0.06275636175195441
0.062452747182679624
0.06217897850541436
0.06193686606540337
0.06169943856853446
0.06137948898668939
0.060868721270523396
0.06007399698574774
0.059153152719918084
0.05850162198113349
0.05825171804459692
0.0582035233651821
0.05819925306336185
0.058199196028622245
0.05819902970330472
0.058199103228084574
0.0581990096279311
0.05819896024125273
0.05819893554570197
0.05819894496085424
0.058198886137806376
0.058198657893878535
0.05819790617049455
0.058196624644224586
0.058193948256623454
0.058192946611801
0.05819268180081133
0.05819281614269419
0.058192693452609384
0.058192317997711025
0.0581923271718557
0.05819206785096784
0.05819066702949813
0.058189304472485506
0.058182142868270025
0.05815967779537578
0.05805239663118833
0.05764396854358204
0.05660209971507047
0.05521743191305768
0.05423017938399695
0.0536806229762673
0.053239580865079975
0.05272030179863653
0.05204903846302453
0.05132797737872573
0.050680929836129915
0.05017171510504955
0.049753757270420994
0.04936932279072346
0.048994415303791304
0.04860731570206499
0.048203480534563074
0.04795885891902942
0.04787488351651466
0.0478105866481023
0.04777644132758407
0.04775625448925857
0.047747355982312334
0.04774009119624896
0.047737162395103554
0.04773173576280143
0.04772107295141718
0.04769986495927445
0.04764547497302974
0.04748180049697298
0.047071046401450684
0.04625093008000314
0.045254780275719796
0.04465086329275691
0.044317655485712454
0.043233483129615294
0.04130631318298587
0.03910335751200859
0.037197376374912446
0.035853000879190154
0.03497385813982559
0.034350256227976404
0.033897111304750795
0.03356982070404826
0.03331084963453903
0.03307766627570483
0.032772824149264225
0.032388280783414575
0.032065152773732404
0.03191750395241055
0.03184957195101506
0.0317472995194637
0.03147276064149489
0.030935621456432597
0.030332206854512787
0.02980485532660469
0.029422069470828496
0.029179787645070326
0.02903387472375556
0.028944567617655074
0.028899777139351712
0.028885742264979093
0.028882663981324594
0.02888202041143351
0.02888110081221173
0.028880349545165277
0.02887514309123534
0.02884661821841337
0.02880352113180495
0.028779533124642792
0.028754901477998616
0.028597020595983517
0.027879029392707602
0.026548405442737916
0.02505869657576594
0.02376216661023674
0.022814617083267874
0.022030073382368003
0.02134522382723641
0.020698750257068035
0.020154728147962164
0.019868812440630875
0.019784559267535928
0.01976827823073331
0.019563079786878657
0.018285688899779756
0.01735588709217035
0.016882748022216836
0.016720307413716193
0.016526202104236304
0.01608626119792951
0.015313165549608786
0.014530055521740191
0.013884657430510493
0.013497581767782357
0.013270219678684475
0.013205118970121091
0.013198994746238653
0.0131976125813104
0.013199745586425123
0.013154594606944497
0.012853305831695392
0.012496618201062109
0.012433009092401288
0.01243222388082835
0.012425091300532463
0.012293780869761729
0.011971593203433255
0.011602062249211438
0.011479342082674855
0.01146471190966845
0.011461680671653623
0.01146098274063462
0.01146057840077549
0.011459911339608806
0.011459480113202818
0.011457788381475341
0.011451664539528304
0.011446579670380371
0.011440133498847831
0.011425533824476301
0.011407815286841897
0.0113882307087028
0.011366232319986097
0.01133616862111098
0.01132724357635507
0.01132692965355339
0.011322841713031872
0.011260851073239016
0.011210287071878303
0.01114425340794339
0.011021255572714522
0.01096040962769017
0.01094344563002923
0.010939443400977623
0.010938602920547224
0.010938286850182371
0.010938249734290783
0.010938073418278512
0.010937015337321663
0.010935937759805324
0.010935402030674059
0.010935247810253458
0.010935158855725479
0.010935174305237844
0.010935130630533266
0.01093260930137877
0.010918015273034182
0.010911261815712862
0.010909017719634538
0.010901609897269557
0.01089839154574685
0.010896997994610564
0.01089640696003439
0.010896254317919098
0.010896234534715766
0.010896179773406463
0.010896166398054302
0.010896141790759182
0.01089466314949315
0.010891997477609229
0.010887717472236443
0.010854953944051669
0.010775549922921998
0.010759252851431053
0.01075007722036406
0.010722219892495099
0.01071947388943277
0.010719119707222603
0.010676519958654361
0.010623445469759909
0.010539416096471566
