0.05309946724958315
0.052460140559550325
0.05217781495046157
0.05199291869916982
0.05185386542902922
0.051744616675257885
0.05168082367624773
0.05164469233170657
0.05162094569851258
0.05160970658259862
0.05160497319384745
0.051601228726295495
0.051598862433030176
0.05159632554538346
0.05159693689942259
0.0515956824348922
0.05159360034132966
0.05159219853040475
0.051585603477021964
0.05158088887476554
0.051570760922129255
0.05156202758155145
0.051552680400990564
0.05153982668974497
0.05152740034583502
0.051514867786369864
0.05150429934245054
0.051496024090751664
0.05148451094921086
0.05146921821028731
0.05144055927100623
0.051398753954395464
0.05134563008302901
0.05128110198910154
0.051215128911021486
0.05115738526806447
0.05111257072331215
0.0510559565327668
0.050924110977479634
0.050622036044049676
0.04998758229015283
0.04901724258083103
0.04802402182688096
0.04727995886178554
0.046838551670717495
0.04652389008818427
0.046308742198769286
0.04615091732513164
0.04602859694665453
0.045959385561387546
0.045935413541682756
0.04592288444209192
0.04590775802044333
0.04589908652270274
0.045897918022590474
0.045897762396530026
0.04589731365089706
0.04589661705652172
0.04589628791235946
0.04589609849620235
0.04589601940897207
0.045895924241564266
0.045895881431653386
0.045895691633531396
0.045895442861140584
0.04589535469820406
0.04589495642745501
0.04587880733869193
0.04582519092944076
0.04573875957658809
0.04511640407952718
0.04346905386939888
0.041329130882526675
0.03919609614266659
0.037221384726197716
0.035500367707083536
0.034231449582093225
0.033362094803608966
0.03277565741159927
0.03238297238652844
0.032148904585724225
0.03201091852750131
0.03193098186813945
0.031889302235264455
0.031865313783066986
0.03185544325654098
0.031846222125958105
0.03179666840082452
0.031612857482688085
0.03115367114073404
0.030409994024626723
0.02954154544770527
0.02868958875204713
0.027988008718436264
0.027456776922349737
0.027076827376146764
0.026829096776540242
0.026670920656231983
0.026559747599191226
0.02647704790944721
0.02640888137862934
0.026342488042296885
0.026295114012870015
0.02626142704074009
0.026218999134681995
0.026066576994643518
0.02575649665188661
0.02543065795994108
0.025230909326514474
0.025133766465151697
0.025070051242208343
0.02500538554791361
0.024904113114536764
0.024714588919898695
0.024489299831894268
0.024191564055949456
0.023820946178298306
0.023463314908108625
0.02309520125754506
0.02278409656719293
0.02250763377403975
0.022268078773716886
0.02209546835645943
0.021966777178046414
0.021887425566539605
0.021842721917868783
0.021813475070760698
0.021793552438264856
0.021784962737443292
0.02178273683667648
0.021779588038112148
0.021773060599490888
0.021758866570508663
0.02174280947906893
0.021721712611375777
0.02167186540586674
0.021582871862241223
0.021512458871130773
0.021466950729404657
0.02143737122099804
0.021411847087051017
0.02139406377502002
0.021384609451281542
0.02137579152712145
0.02136553295800605
0.02133533707047144
0.020950953123925264
0.02001933621950055
0.018769583015781962
0.01755906046649378
0.01651861753860727
0.01573362911192882
0.015265261649047911
0.014984676651119794
0.01484454258437336
0.014776699684150954
0.01474867236600285
0.014735910627604296
0.014719159572892342
0.014544470085584557
0.013912592267120591
0.012777163621120122
0.011502392198388868
0.0103511549577541
