0.053681685672133994
0.05314254792805539
0.0528615267524055
0.05261776307594891
0.0523678248219823
0.05212332526893025
0.05194969321808206
0.051838915170123845
0.05176774966328803
0.05173195225960756
0.05171510719384479
0.05170382692083522
0.051695319484134285
0.05168520018085536
0.05168148423293775
0.05168077136259365
0.05168076209744381
0.05168210502861927
0.05167408845106167
0.05165374378241148
0.05160635838584904
0.0514977074761513
0.0513575608165648
0.05119115415143293
0.05091195870317688
0.05037443945571208
0.04956741598526063
0.048636975294643274
0.04779746351456902
0.047174242050996074
0.04675163478963297
0.04649934941241134
0.04634370541005584
0.0462433792988981
0.04617777824999786
0.04612928838827998
0.04609442191508234
0.0460712684911103
0.04606144400045185
0.04605779399387226
0.04605431890078571
0.046050754220935505
0.04604754812718125
0.04604553571583976
0.04604470346967463
0.04604396031443543
0.0460441082312441
0.04604371503465876
0.046042676234860455
0.04600496305941991
0.045852791613136726
0.04563983876335416
0.045444477577593165
0.04530415898916815
0.045216544484178445
0.04515518787767834
0.045117846155274775
0.04508758496027912
0.04505757451931217
0.04500853245523435
0.044915010879777284
0.04475364333086179
0.04454430606255389
0.044281912082298376
0.04398011514705634
0.043650538502669416
0.04328867081608363
0.042915347933635946
0.04255868624884142
0.042074746010353076
0.041475157982289144
0.04086753849156827
0.04040695934910303
0.03995511567324736
0.03915728887734902
0.03821207064281937
0.03743308799949286
0.03687394265329233
0.03651277426904865
0.036283687881968195
0.03612172464526706
0.03601837589339175
0.035921969951590645
0.03583697626574682
0.03578823244532092
0.03576637858747436
0.03575708653674153
0.0357515578388212
0.03574248067059773
0.035735944751433275
0.03573222139734766
0.03573040524353574
0.03572990857154786
0.03572962130230252
0.0357292829184068
0.03572965758361003
0.0357246099626668
0.03569534960837493
0.035570268008258916
0.035218958548385144
0.03454701986348562
0.033573345042798144
0.03246026044739599
0.03144186308981398
0.030597104810493606
0.029597406576975495
0.02851280800072889
0.02759199271983536
0.02694580315935253
0.02653078414315071
0.026198001068286837
0.025860149412097737
0.02555625963519994
0.025325653961477883
0.02516071260658198
0.02506969521814629
0.025027558097480834
0.025000474226831906
0.02498047337099951
0.02495884998130922
0.024936706932004227
0.02491982836758467
0.024905841526075844
0.02489438201601433
0.02484908620492169
0.024744393353463706
0.024658819196178364
0.024610087367798565
0.024583541817143617
0.02456731833232789
0.02455554562038834
0.02454498829715204
0.024536464200906462
0.024533590403094784
0.024533362307295758
0.02453328900636074
0.02453349919073943
0.024533925605715493
0.024534195612104737
0.024519638125717766
0.024464643263325044
0.024395563536098574
0.024335645188478482
0.02429363620312197
0.024262753657795698
0.024242134955976293
0.0242280796200541
0.02421756536576335
0.0242097522742897
0.024203983429091153
0.024198303571665476
0.024194637149164127
0.02419218888354902
0.02419109693020593
0.024188973030180413
0.024180007173879435
0.024155426434843773
0.024089441879961763
0.02401786770770909
0.023950510327281262
0.0238988857360235
0.023852803724617996
0.0238203418303369
0.023795897373377766
0.02378209308443302
0.023772030416126723
0.02376960055577061
0.02376340298965745
0.02375669568776463
0.02375347796901603
0.023752259494662833
0.023752250113845404
0.02373925125738596
0.02358787382023837
0.02278173040455462
0.02111749014922375
0.019317103191607246
0.018141439290260988
0.017644465139969433
0.017448862886090013
0.017383247673837813
0.017328118117143635
0.017260514143465994
0.017168470328373205
0.01703506959341073
0.01685727212567157
0.01665430023007126
0.016432130687662017
0.016215464122975302
0.016004384068014632
0.015799880245823714
0.01559706127641571
0.015419258601057464
0.015041004472882256
0.013346415887720947
