0.05388853616252843
0.053239101158677256
0.05284710558768129
0.05241459090668034
0.05189876170985703
0.05136855746699703
0.05095632938317308
0.05065953371249082
0.05043918399576739
0.050295749183006236
0.0502026457081667
0.05011026403101607
0.050010399824629334
0.049881665999404155
0.049751930526966366
0.049573931798488347
0.04933054956640798
0.0489919301676082
0.048573613607775845
0.0482193132638626
0.047952744630039165
0.047733537897238665
0.04757794720847963
0.047366251659042874
0.04693439172545683
0.04618710519460858
0.04534069630780104
0.044663975192488804
0.044177987323530114
0.04378540677483323
0.04345110519283635
0.043224075166945534
0.04306493485045037
0.04295283569357291
0.04284696761922901
0.04272281632124141
0.042565093212479574
0.04236241081726097
0.04207960989727691
0.04174291384212559
0.04137026126260819
0.041001993010133776
0.04065750205891117
0.040192669475692964
0.03958846202653915
0.03889771838309793
0.038223792570318126
0.03762588336757538
0.03714862142501382
0.03678283344826968
0.03652562251446642
0.03633950241060846
0.036223567141511925
0.03615593968867293
0.03611031133720468
0.03608027072379302
0.03604614907314533
0.03599498699907212
0.03593977164749051
0.03590578967640768
0.0358830568063914
0.03586038203600339
0.03584576201028497
0.035835506965273475
0.03582980712201385
0.03582670535790018
0.03582423141543949
0.03582276388517189
0.03582187322459195
0.035821540656094004
0.03582152333972173
0.03581037262592207
0.035787041858209225
0.035782789487494186
0.03578199540548256
0.03578250478583257
0.035782763449388445
0.03571536458703957
0.03544450860462977
0.03493986600131351
0.034328834679849034
0.033777798258053104
0.033185697210872285
0.032591547696453484
0.03207913092289035
0.031673431090758264
0.03139829469582646
0.031202108508337264
0.03105470285125822
0.030965857560767918
0.03089993780323363
0.03085175558448381
0.03080705861054002
0.03055849535414268
0.02955301935639771
0.02789515863333749
0.026456765787833538
0.025662890456536785
0.025303825160193544
0.025147250648004497
0.025083062393014683
0.025056579489257515
0.025043864745805597
0.025029339028060215
0.024939010364588895
0.024426988436938815
0.02295260186044275
0.02133452779326466
0.02066797186953025
0.020540485629290728
0.02050410808440215
0.02048388903492541
0.020462846993657975
0.020445354167948092
0.020432860931091517
0.020427790984677157
0.02042336769763708
0.020415989409412864
0.02039632282417461
0.020356629558752688
0.020293364495361232
0.02011764314484554
0.019575971612884945
0.018451783356910275
0.016770210516661242
0.014832958050939368
