0.05588705208166911
0.055645431424145284
0.055456021174948245
0.05517311727692929
0.05472484926366692
0.05413035131720244
0.05355804765638274
0.05307964128130202
0.05271284712568291
0.05247929534802258
0.052330707016935485
0.0522401958354326
0.05216864054165963
0.052098434415033465
0.05203479833335175
0.05198112318561272
0.05195440344674694
0.05191822021887576
0.05186585688297921
0.05181145064974174
0.05174555710228575
0.051699820682706114
0.05166923526895637
0.05163361270972199
0.05161509573156921
0.051596261938614926
0.051586029533549314
0.05157728412645536
0.05155546015501013
0.051505749207936886
0.051414373099449455
0.05115701233089295
0.050544396665828877
0.04960320666475368
0.0485505047304476
0.047664721043501904
0.04697113510727439
0.046448449476111514
0.04605642992040499
0.04576979577087377
0.04551815130729758
0.04522049262803946
0.04481907278676311
0.04438264569753475
0.04396246204813992
0.04355884340602828
0.043134124243021425
0.042782833253424433
0.04252225889564147
0.04229187316279075
0.042074121932517076
0.04188662956604718
0.041758753685420806
0.0416668089126291
0.0415802016008454
0.0414509294569926
0.04126289289013146
0.04099020791062657
0.0406689810732647
0.04031857174730691
0.039917901483211136
0.03950589191549051
0.03913628443952179
0.0388129129552206
0.03843292199634954
0.037853978851647124
0.037014486843690665
0.03600360726760925
0.03488819495905959
0.033689107010042664
0.03255723482828387
0.031529160939645175
0.03072811854654528
0.030129630364327777
0.029722938268543365
0.029413467401095388
0.029165895408909234
0.029000917394021393
0.028907131165160426
0.028855494532139356
0.028832989352881654
0.028822029830566986
0.028815639413870046
0.028814088362289512
0.028813178206117642
0.028807382258524812
0.028792591744110543
0.02877472176918397
0.028761642219685607
0.028754803552256816
0.028750708962459053
0.0287440758427054
0.028734099282418022
0.028728179636287182
0.028725480604757103
0.028725073901333727
0.02872517700890394
0.0287254835651524
0.02872455452739892
0.028723367929517775
0.02872169870912856
0.028719751713579832
0.028717752687781314
0.028716991146047876
0.02871721776557593
0.028717712836350842
0.028716901246881227
0.02870924928711251
0.028622165024991143
0.02839856535456294
0.02807376873951595
0.027763220235659546
0.02753701056956223
0.027366625619462646
0.0271752747134322
0.026996829574624785
0.026862893366128942
0.026778419121914605
0.02672536976148192
0.02669228189155799
0.02667050504420107
0.02665052984128399
0.026636397896938332
0.02661909615684105
0.02658481590256626
0.026553109138952372
0.026528865707762916
0.026514191699013666
0.026496010096346598
0.026464775454516604
0.026429843501808128
0.026398540952686757
0.026374255597971796
0.026356200682748226
0.026341392374499232
0.026324080736619272
0.026302368114717957
0.026294522410622634
0.02629213788557103
0.026290093267891435
0.02628567400425784
0.026279193779596397
0.02627041064957657
0.026263636824959368
0.026258246853087704
0.026255141472200615
0.02625238845667127
0.02625019970881174
0.026248354843974038
0.026247234162984193
0.026246910497038124
0.026246421001903247
0.026244879083847567
0.02623837343922549
0.026228585893708026
0.02622225847536165
0.026217414435411313
0.02621467330716725
0.02621241591523666
0.026210995237848936
0.026210375888107727
0.02620879639731781
0.02620711456909587
0.02620478371362106
0.02620106940951346
0.026196482314273514
0.02619407847162398
0.026192456689335977
0.02619130626423667
0.026189637031060625
0.026188210148918877
0.026187064102575267
0.026186242025159595
0.02618548196502332
0.02618531023203506
0.02618521121515071
0.026185007097040414
0.02618416287285488
0.026182837279979537
0.026144668273641078
0.02593029971895705
0.025336029883415496
0.024409845353237664
0.023270096130586
0.022175950490662073
0.021291746733389006
0.0205842564983101
0.019800700535936723
0.018766434716712906
0.01749389585408565
0.016175924448532407
