0.057113040499953124
0.056486408818715216
0.056130094917581294
0.05576729880338337
0.05531701140336091
0.054774888825114575
0.05425526968427175
0.05376460378418528
0.05327175218906363
0.05283256407695213
0.052447147069393726
0.05196936198387176
0.05129936237055476
0.05036405914367741
0.049338294463771276
0.04822070286331875
0.04717427084967791
0.04630463874284475
0.045586627076961865
0.04507288113003002
0.04471126536503088
0.044420791733760234
0.04420804818998943
0.04406302024105329
0.04394340065597887
0.04378518107773656
0.04354319590445567
0.04320608487996263
0.04278328677039501
0.04227478319064731
0.04166943411025384
0.041056559230486185
0.04044611146475895
0.03988564734467164
0.03940591527627478
0.03897239003687091
0.038571512853916176
0.03815712822699593
0.037621695027083804
0.03700936457575572
0.03644764565135253
0.03603965150357418
0.03577320118824397
0.03562124252655973
0.03553537432152573
0.03548145301655739
0.03544157157005326
0.03539571571839959
0.03534837988682213
0.03530975801281182
0.03528623301853935
0.03527285154075744
0.035267190912244936
0.03526520888643153
0.03526315976290331
0.03525930374065216
0.03525064507464212
0.03523825531887883
0.03522659802510996
0.0352198723407299
0.03521837958806686
0.03521371203260732
0.035190415023832945
0.03511590958890276
0.03495999360517421
0.03462039686016193
0.034201762487745084
0.03379500711859113
0.03330481404724416
0.03277447992321865
0.032354398702401484
0.03213758109089433
0.032099574497121704
0.03209790783180706
0.03207404738640866
0.03204713813237238
0.032001086894119665
0.03171846775096724
0.030694374167264636
0.02898506499282296
0.02709793671549731
0.02456555991612607
0.021099450618122628
0.017546615348072597
0.014708185369163112
0.01286449912108261
0.011774394157124267
0.011126153250290169
0.010714245574493736
0.010435687904301081
0.010186421706101206
0.009966188246976971
0.009773651989773697
0.009624034374159134
0.009518653712084832
0.009456041200586445
0.009408393632094789
0.009354980062802342
0.009286694395056314
0.009228634896882925
0.009211037260484427
0.00920401074823212
0.00919566448508489
0.00919320106163366
0.009130375882499401
0.008772737713859242
0.008293362920699347
0.007944026747104573
0.007736094640268398
0.007633596596037271
0.007588780037553002
0.00757391552977387
0.007567056479944273
0.007552605589986501
0.007541664614883852
0.007529143132256446
0.007488605452581478
0.007422501306846314
0.007345860077753562
0.007298241262598829
0.007265129380917549
0.007219508078265271
0.0071735132891713555
0.007083826666394577
0.006933382414504986
0.006772295173423668
0.006637095525315585
0.006536095973213357
0.006476683637206317
0.006456646475884411
0.006452273033739572
0.006450396261667488
0.006446423687244454
0.006431859751014591
0.006393553909941178
0.006347328265087082
0.006296267695827827
0.006219044693547156
