0.058584686786925876
0.05846797134674306
0.058357064110125305
0.05815256770979871
0.05772119981357279
0.0570033982283995
0.05618143019868469
0.055421434316560506
0.05483317353876327
0.054471818733980416
0.05426385286841809
0.054152070312791976
0.054087294642745566
0.05404347865671917
0.05401401078997527
0.05398946960526493
0.05397692866104542
0.05396215644713694
0.053947326088349276
0.05393492900197588
0.05390913207694735
0.053875259968326254
0.053843718315777486
0.053813325900085154
0.05380107501034744
0.05378930552302243
0.05378082797739813
0.05377714169582488
0.053775106604914864
0.05377284683411773
0.053772561452919754
0.05376545824203168
0.05374483419882068
0.05371399647787916
0.05366928582935183
0.05363194332344651
0.05358993775252301
0.05354287350161829
0.05347443756860617
0.053363253437617046
0.053152107977283175
0.05275289728872078
0.05205821421231873
0.05110863494543388
0.05001386306298791
0.04891918492265036
0.0479962434495896
0.04722579231312104
0.04638586758446194
0.0453238390652616
0.044120040597636793
0.04299613313567309
0.04215458507328018
0.041513873764866926
0.041174029388731735
0.041031451849290246
0.04097301130941418
0.040904883702990724
0.04082754462995789
0.04071872407999498
0.040349629335328416
0.03900867274297458
0.036093167622877044
0.03322443834345276
0.031936941800266586
0.03159292593096425
0.03151710845175254
0.03146252906757914
0.03123032463140617
0.03095727306165132
0.030789875159754013
0.030709573864968615
0.030670693425107993
0.030643972659761397
0.030621516566688323
0.03058820031138267
0.030524712424124436
0.03039714883488532
0.030150355498801334
0.029807821169203722
0.029476800281068503
0.02923900531832475
0.029076518351818643
0.02894567728510767
0.028629917872788166
0.027544477617341964
0.026210602480286876
0.025402982185841583
0.025054910447643335
0.024914881820358788
0.02485755545495494
0.02483489619567774
0.024824963566098368
0.024816286472809392
0.02480452431811088
0.024796964467521124
0.024769636838303973
0.024713464388945484
0.02457299122721386
0.024324628948019827
0.02413293054385095
0.024094329232584765
0.024085175453243117
0.02408246292026267
0.024080605239118924
0.024079742044119844
0.024078768403693582
0.02407584594821404
0.024064065798043727
0.02403928653390634
0.02399496600297453
0.023938567239448743
0.023880234538615812
0.02382579351037252
0.02377748515543329
0.023713378086558153
0.02365522172471205
0.023603362283392233
0.023573568153763713
0.023555270817529908
0.02354285261732855
0.023533428828886604
0.023524622136507
0.02351518520665468
0.02350866590933687
0.02349951445597589
0.023490202937822287
0.023481559970778713
0.023467019645093616
0.023426669115049495
0.023377238794456343
0.02333681191213019
0.023309273497065162
0.02328701068157187
0.023276717712579217
0.023273385654556358
0.023272484917806875
0.02325144973655058
0.023061280747260226
0.022417637666457296
0.02131949303982206
0.020055450074321926
0.01880837571762794
0.017702771886430223
0.01684052990424957
0.016236659958898697
0.01592756658305896
0.015780407840933448
0.015726300299264653
0.015715137570843977
0.01570452066782334
0.015622468710010188
0.015287846926714727
0.014491784526249458
0.012677863760870848
0.010459390309140344
0.008596036549517273
0.007287496691322404
0.006447843668005669
0.005802637012590943
0.005424606488424978
0.005139961508692818
0.004960966354772471
0.004839319983363849
0.004769980594909298
0.00472955854324821
0.004710843448285712
0.00470360279650365
0.004702607207413114
0.004704652606473678
0.004706416637844454
0.004704829170142361
0.004682761222095545
0.0046019745359559255
0.0044748472996043445
