0.054975309489428095
0.054573359414223234
0.054308610997906154
0.053996872621399405
0.05360429683410004
0.053177689617320015
0.052836912816521336
0.0525941657963062
0.05242686197260117
0.05233007518213926
0.05227234094522921
0.05223948955997301
0.052224157240534884
0.05221366779527823
0.052203985084111657
0.05219058918541441
0.052181447975050255
0.052165763605517196
0.0521545896603496
0.05215035620845521
0.052139681721757966
0.052132315091124135
0.05212730985840268
0.05211218284247919
0.052096680945901336
0.05208049197293916
0.05205009392540132
0.05197340701204544
0.0518142849386381
0.05149340915673346
0.05098440559028325
0.05037404807339114
0.04976699183806941
0.04928940753644304
0.04893217078554438
0.04867758274715804
0.04850503568493341
0.048383912525452315
0.04829272795599098
0.04822688070484135
0.04818548474585367
0.048161999201955866
0.048147466225952895
0.04814347736855826
0.048121884751857025
0.04799862343229762
0.047805841872763634
0.04762171059608971
0.04749729826820794
0.04739899489629996
0.04730199682375518
0.04703965179300547
0.046380978386797125
0.04553684222620519
0.044965700148389263
0.044721095644747695
0.0446353658400919
0.04461029509313335
0.044592714576960436
0.04457097359050298
0.04455621561313064
0.04454307134861744
0.044518147798818915
0.044469090013200686
0.04440043190129555
0.04429561811843092
0.0441577172849947
0.044007486211902674
0.04375980828704294
0.04330387351714068
0.04263960417871589
0.04178495968365674
0.04084949989310278
0.0399703209913369
0.03916942233568836
0.03850355112189692
0.03798439206596301
0.037573760056318926
0.037269860971757635
0.03696566697887503
0.03664513302074487
0.0363889291184159
0.036175262869656
0.03600153905720635
0.035872339508662296
0.03576821307045102
0.03567723235786034
0.035599873107475026
0.03552582517085948
0.035469144439310415
0.035408373355894314
0.03527241117420449
0.03502414788810793
0.03480045832169046
0.03464495083284967
0.03455883922749052
0.03450854134996051
0.03447397731028573
0.034446755402850915
0.03442523459038171
0.0344094865733029
0.034394756757530766
0.034378033901093945
0.0343563624837755
0.034336041608393236
0.03432895828915896
0.03432047448580358
0.03431558429242447
0.03431182041321662
0.0343090825063277
0.03429900783347188
0.03426465994468132
0.03416896963653256
0.033997223899971625
0.03371938759645837
0.03337665954027123
0.032966569652897376
0.03250729242362077
0.03201959728445768
0.03152841274565056
0.03109768266710481
0.030679484597072076
0.03038166998691078
0.03016938536440268
0.029958395036717864
0.029706376774968405
0.029409726234814637
0.029095658396479842
0.028787152181218027
0.028519153843997877
0.028305689937963646
0.02812757549691578
0.02800570547736028
0.027903041936147375
0.027822458780814394
0.027749341221384966
0.02768840085780333
0.027613327077375842
0.027479541310612615
0.02724807530386055
0.026886851429311673
0.026480227392582507
0.026108075535946264
0.025781322843271535
0.02552072713100336
0.02531964473254934
0.025171325058632146
0.025068888601801554
0.02500033596184589
0.02495706098138887
0.02493041393802294
0.02491420415574861
0.02488538046776014
0.024767444238719537
0.024589808600351072
0.024442621223860827
0.024337337329815755
0.024272678145636
0.02423713128741688
0.02420962903035162
0.0241857326713959
0.0241593711716204
0.024138273458430375
0.02412159030095869
0.02410903577049577
0.024098906333671465
0.02409228318050598
0.02408727215149653
0.024083197629857108
0.024080087500030708
0.024078444172556616
0.024078119248814048
0.024077549250140055
0.024075712382572133
0.02407205170177789
0.02407046117046897
0.024069529720795443
0.024067892365222877
0.024066705847363288
0.024065674554548878
0.02406505272555529
0.02406433217271097
0.024062148670099124
0.02405917323737399
0.024057449994961767
0.024057076144742458
0.024056927141235657
0.024056847845849702
0.024055456911290702
0.024052857581112932
0.02404667283986336
0.024036553815580584
0.024028097823092193
0.024022587335133017
0.024018588954740593
0.024016566808968604
0.024015121393244254
0.02401388646068541
0.024012514879563216
0.024010948411069856
0.02400689895992005
0.023993245170409985
0.02398510129848992
0.023984834040977534
0.023985554427500184
0.02397594552237851
0.023900415811645197
0.023751747313927863
0.023661544032227987
0.023642456917810317
0.023642790298659577
0.023642537107308167
0.023642550245318892
0.02364253582149419
0.023642427471849053
0.023642479571570663
0.023642104688280305
0.02364214038052572
0.02364163922461292
0.023635201637642475
0.02359134276850351
0.023392023436492347
0.022648841630132865
0.020980955767048608
0.018455638058720178
0.01559422424556765
