0.05710836094717049
0.05710737422165224
0.05710438705877659
0.05709747844915809
0.057073714664928867
0.056962939026622014
0.056668344690603445
0.05601774867060244
0.05497733112175195
0.053895156219116426
0.05301831808397907
0.052453303275142645
0.052122466674155044
0.05194861306294083
0.05184136495926279
0.05175690729841381
0.05169815268440971
0.05166171172624
0.0516465121093081
0.0516410301298404
0.051634748979272116
0.05163154419922489
0.05163031562898692
0.05162663183908773
0.05162368718911098
0.05162197145397648
0.0516201853627024
0.05161522134442836
0.051605300825933134
0.051578276725754456
0.05151757577836222
0.05138890238185504
0.051119904290643975
0.050763910358149415
0.05037182636084359
0.04992762308294859
0.049371644828756805
0.04869764759767249
0.04803116771483179
0.047362636505738125
0.04674434210194727
0.04619792078542683
0.045671511312443076
0.04519689029507767
0.04479234324024637
0.04447557813320163
0.04424704463331978
0.04409388854890759
0.0440125220197291
0.043955184703015425
0.04391743987300858
0.043889268269882584
0.04387351441699827
0.04386429024022723
0.043861699422844215
0.043862142641495384
0.04386208864435358
0.04386184020727904
0.04386201920738445
0.04386171604535958
0.04385816558664979
0.043841910072092136
0.04376997144759106
0.04350694344924382
0.04269757602901091
0.04105804529883026
0.03942424244697667
0.03841823810902727
0.03782083692427894
0.03725716794474933
0.036606762175420124
0.03591573830536059
0.03512419231810329
0.03402396173346562
0.03293058444762705
0.03210877986943383
0.03163561734518694
0.03139313930132021
0.03124817066276255
0.031156314714860862
0.031090881938259093
0.031049656311432212
0.031028188030431707
0.031017620750373627
0.031012588706260412
0.031010902223366416
0.03100965125920526
0.031005456980981512
0.030987092465445586
0.03091841837642988
0.030770027151408766
0.030519293244440682
0.030199461168972107
0.029715065327781127
0.028745885851642356
0.027527500508283845
0.026469199848633093
0.025714600115890277
0.0252137497983095
0.02483620588785974
0.024525098547465596
0.02426813278760177
0.024049701941665357
0.023851000258273736
0.0236730902436784
0.023523107214607243
0.02339169818698314
0.023292630944991576
0.02321412721570031
0.023140324991724432
0.023081935291214606
0.023041200400204864
0.02300717901033274
0.022978649984911587
0.02293308730724423
0.022796441293748616
0.02263417347553091
0.022542062284432396
0.02252498225857495
0.022511228159165547
0.022464207613051845
0.0224187829476728
0.02238582013686483
0.022331527354362952
0.022239661946858228
0.022166127796508717
0.022122715078595707
0.022093312587800198
0.02206884714307447
0.0220478831011117
0.022033087405985426
0.022025136460730968
0.022018989961928612
0.02201369278686012
0.022000298258836336
0.021955451321017557
0.021896144086020367
0.021853969536985002
0.021822168862300408
0.02180340463607653
0.021791366454163394
0.021784426878974184
0.02177968894039333
0.021777617221432108
0.02177706450809105
0.021777079841934232
0.021777028657868413
0.02177399315620706
0.021763301331512518
0.021750629888326406
0.021737135997544347
0.021726231540447515
0.021716800360413034
0.02170891839009525
0.021706298860802324
0.021707465739108433
0.021704880788791292
0.02168913582256988
0.02139593922780497
0.02052209906376493
0.019316477893796473
0.01801374768884342
0.01681092559513381
0.015626515108088622
0.014633406894141044
0.013870200351087537
0.013347647275710563
0.013019490737437297
0.012823679655396368
0.012718985462979183
0.012656450391097925
0.012625334428289347
0.012592096521617035
0.01254869376668167
0.01225299828140765
0.011303769039113827
0.010004525153258887
