0.05987838646046539
0.05983927949289777
0.05979204571524991
0.059685129015490536
0.059420822116795835
0.058893634719485506
0.05817920919511111
0.05738173523419235
0.05662905525249848
0.05607084511027785
0.05568498660735545
0.055439976604248875
0.05529083324967458
0.05516355219152461
0.05505812054397129
0.05496821618866697
0.05491314845147101
0.05485245000888942
0.054787186935341736
0.054722268470270126
0.05462969832645027
0.05455346502679537
0.05443940005405782
0.054331144158951655
0.05420579613754748
0.05403283087238197
0.05380419393851351
0.05350905585065125
0.05316634614066405
0.05282610187640414
0.05250912280172186
0.05226467249555746
0.0520740744505662
0.051929946075205985
0.05182455513740708
0.05173226421005368
0.051617269607296574
0.05146614647630194
0.0512571603630424
0.05098927007666292
0.05063897915358785
0.05021730121526265
0.049687738552921086
0.048950660972737675
0.047871461390540014
0.04653549090039941
0.04513000063107914
0.043883027451813356
0.04291683474175251
0.042114049609180707
0.04153434014128744
0.04109673406464079
0.04075139125015666
0.04042324548125173
0.040103775949584274
0.03977329837557503
0.039391081665678694
0.038984226087326976
0.03860520374789192
0.038262349593835426
0.037854486770887666
0.037309019709156135
0.03656583638000044
0.03566163083352352
0.034628986380358974
0.033281967455437024
0.031237636637384592
0.028665913363293608
0.02647443036779895
0.02491136029419237
0.02390787267743045
0.02331110338518216
0.022719827126779866
0.02185671406273386
0.0206414258005294
0.019239311230855566
0.017993407092946386
0.016994295368783094
0.016249299314508116
0.01579350604897514
0.015477090254186532
0.015253286789228881
0.015039254884146222
0.014812516685428257
0.014567550232115702
0.014362621558558261
0.014194495742996322
0.014067182276589502
0.014001686112797486
0.013957653370520936
0.0139154834005657
0.013636024004377984
0.012552301513328748
0.011314191560702711
0.010463068826350909
0.010011206546537905
0.00978127870391452
0.00968071934363255
0.009627288866518553
0.009591272510117441
0.009555792604881805
0.009520429357280657
0.009484011085720457
0.00943576679582748
0.009372801305569644
0.00930509346086123
0.009239417518983986
0.009191086207911241
0.00913810353604676
0.009076464760203233
0.009034221807873149
0.00900665233049467
0.008999840430589046
0.008996647330042132
0.008998863061987626
0.008986782376396118
0.008960373862334371
0.008659382701245541
0.007871349418093237
