0.05762051258519199
0.05729547636404103
0.057029938372798294
0.05659060262350727
0.05582565449071487
0.05477350340157935
0.05371877868697352
0.05280502337794878
0.0520720228792773
0.05156443439520891
0.051206449706617065
0.05096063131984605
0.05084904046132399
0.05082156749042804
0.050821829821159174
0.05082559515467999
0.05082676626772433
0.050821853676124
0.05080742339545175
0.05075130506811198
0.050520633603508384
0.05001587514753203
0.04921774934824042
0.048242189308988284
0.04738084731993325
0.04667260419288074
0.045973430189213245
0.04536873921570674
0.04491458003934147
0.044554362936899135
0.04416625236472399
0.04372685411467629
0.04346566988603759
0.04335010224939754
0.04325403628943682
0.04317034368144856
0.043064691257163716
0.04294084264485644
0.04283437741024303
0.04274674473179109
0.04265858038584612
0.04252559684729653
0.04226298527741604
0.041786235230859954
0.04099060850817589
0.039937945227011225
0.038717413702132546
0.037447469095000276
0.03623237313851981
0.035152528230300906
0.034451753393768554
0.034081268002786415
0.033939801250057515
0.03388738550930815
0.03383526230226475
0.03368468098062366
0.03338330301128272
0.033016285235427455
0.03269590442076791
0.032486661487166314
0.032373015471186234
0.03230952067383349
0.032271902529280236
0.03225117910558898
0.032238366709723215
0.0322255638173576
0.03219995989632396
0.03216635607367861
0.03215407617790934
0.0321524772410738
0.03180729857103189
0.030316906026035904
0.028866649552829134
0.0279686800562022
0.027110098821190042
0.026392520956568306
0.02595791933488608
0.025734021819444394
0.02563301594109562
0.02558792823317123
0.025570242578816838
0.025568680725525376
0.02556916749139973
0.025566604322632403
0.02555893586166696
0.025545309729394124
0.025523611218680724
0.02549856821552606
0.025467044745602102
0.025445877901152845
0.02543328164903928
0.02541442159462912
0.025398663596508844
0.025380760964612153
0.025364008496988614
0.025346988623924243
0.025307231213184914
0.0252771066881875
0.02527564613919863
0.025272720134168616
0.02524188848845243
0.025154714554622804
0.025138838662963004
0.025137366114872762
0.025136244625703814
0.025136058640586063
0.025136049513868806
0.02513605854187683
0.025136070974359666
0.025136042535432924
0.02513582477834111
0.025135014353207332
0.025131740767934306
0.025116723173961616
0.02507894870976766
0.025063114483426786
0.025057083949199806
0.025040891368560483
0.024963311200683486
0.02479322346516605
0.0246566869622196
0.024569154970841157
0.024530436989428143
0.024510782171353242
0.024492876392867475
0.024473623402327536
0.024455199791855137
0.024440319741915226
0.02442446237558649
0.024401165389041354
0.024374727513141188
0.024348639610954237
0.02433308830621923
0.024319529633429995
0.024309075248392546
0.024296613105776382
0.024279027044450834
0.024269244027533103
0.024265395483566758
0.024264009185254544
0.024262041292910187
0.024259068380118536
0.02425537979519547
0.02424916574507932
0.02424409127622007
0.024238579741382292
0.02423483670230633
0.024232405405253638
0.02423075804215481
0.024229450717430857
0.024227978353959675
0.024226651035266944
0.024224680026439124
0.024222787802838906
0.024220704989387054
0.02421821495116399
0.0242153023151799
0.024212292309877145
0.024209866296220326
0.024205601784326042
0.02420264245022638
0.024199562318689753
0.024197688441548272
0.02419661120110217
0.024195538594890476
0.024194381567674172
0.024193811050397456
0.024192320622838763
0.024190631800735565
0.024188854565717042
0.024185790576172934
0.02418146429177063
0.024177835914277315
0.02417347194947979
0.02416998874521309
0.024167868090455735
0.024165546157758545
0.024164838932626706
0.02416536983632124
0.02416156174384878
0.024162402267912872
0.02394105819461307
0.023047782115207964
0.02157749457256473
0.02021843094514495
0.019360397561453413
0.018914584402395487
0.018682931886880493
0.018488534436262843
0.018265738066120155
0.017926400178749753
0.0171872133076096
0.01545098267784747
0.012321548495241598
