0.05962485451146066
0.05951443313328093
0.05939588981485613
0.05914763797048452
0.058603935754299424
0.057699335121951606
0.056675500641831494
0.05574394645479272
0.05501794028965097
0.05455469915434796
0.05425658336034746
0.05406545026599804
0.05389109463998584
0.05366866100098501
0.053369750466488855
0.05295157648747723
0.052492274685824944
0.05197396443174699
0.05148038473646913
0.05106572462472403
0.05047909494011429
0.04971941207446382
0.048731756092693736
0.047754502147444526
0.046893488020950044
0.04612761862379722
0.0453622264677225
0.04458970982099921
0.04387754976094944
0.04327980859371251
0.04280802911920623
0.04243639954013102
0.04205710507500289
0.04169656693373924
0.0413452911225922
0.040977865162390464
0.04059741586485569
0.04021755792547927
0.03981066413968877
0.03930070973716151
0.03874634243874904
0.038094982634500466
0.037421348276048885
0.03657796300148525
0.035611226979438894
0.03464774298183837
0.03383765421928932
0.03322256467116701
0.03279847622354167
0.03251256282469455
0.032273998258109844
0.031922131208781165
0.03128420513820947
0.030243529481620804
0.028985282745215935
0.027825488824304717
0.026884130901917474
0.026219048609702863
0.025788308186226034
0.025513183347867518
0.025338728379203753
0.025258641370309053
0.025216710807474233
0.025196733035125107
0.025178038722992954
0.025166948447984804
0.02516326437795864
0.025140891491407694
0.02504704664185522
0.024904460712017976
0.024764846220031646
0.024675270225019284
0.024634701074831348
0.02461671123804273
0.02461002583558907
0.02460709189625003
0.024605707187516253
0.02460482985196349
0.02460361942252292
0.024601440939527836
0.024597855727969006
0.02459444463612143
0.024591912899539593
0.024591427269261182
0.02459022150580536
0.024573086157611446
0.024567784370255134
0.02455303151706105
0.024526710876481936
0.02449924619288472
0.024487077256964418
0.0244841186355738
0.024482771501129475
0.02448244510391886
0.024482008032899204
0.024481550618440026
0.02448069206168856
0.024479855458448375
0.024478836889994596
0.02447801881224022
0.02447750885912244
0.02447784628929929
0.024474675131351032
0.024449666013940156
0.02435113388613084
0.024122834453735437
0.02381584245118397
0.023397330639301963
0.022959512627774088
0.022608438535089308
0.02244470429853359
0.022408967470275595
0.022341450876119193
0.022209102251141335
0.02209286148322862
0.022002919668802776
0.021945407956102114
0.021915305574601182
0.02189035858468565
0.02187174882044356
0.021854696506184268
0.02184411908422308
0.021835314759722807
0.021826798067229133
0.021819030907522137
0.021811640754215055
0.021803848014449467
0.02179535762684647
0.021780900198560087
0.021761761022603056
0.02174405349064195
0.02173307815806614
0.021726935428876635
0.021725033282928737
0.021722795086574726
0.02171949395523934
0.021710520288295253
0.021693252598917585
0.02166755906780753
0.021644828946637076
0.02162446649378429
0.02161103197899064
0.02160125398001047
0.021595503353338295
0.021589276887389663
0.021584384019219447
0.02139335073623532
0.02051232442721319
0.018792302835769267
0.016407195790188487
