0.05249199488702175
0.05170152629176913
0.051339652889333176
0.05108211645446762
0.05086550072060233
0.05067142636976304
0.05052931181725606
0.05041940063458569
0.0503148767623794
0.05023043115583343
0.05014952671311564
0.05007779762509442
0.050017931873351414
0.04996158329764089
0.049918237909434705
0.049881490141164546
0.04986231563788819
0.049841232084289824
0.04982007514262852
0.049800912613552656
0.049773283206143396
0.04975038136905462
0.04971183115728874
0.04965913885571035
0.049576939430854575
0.049442798150716026
0.049243629145408245
0.0489485299606885
0.04857022478331915
0.048135967780740696
0.04755418108346192
0.046776053560180254
0.04581148610239687
0.04488630544670903
0.04418716626537173
0.0437133994369325
0.043420522453952844
0.04320186344883686
0.042965911512464
0.042609681538808786
0.04189364653882324
0.04060101382151912
0.03905983095389081
0.03802960648693963
0.037539456880834016
0.037249376543627796
0.03705268763745671
0.03686126602048381
0.03671294682474848
0.03660550886103666
0.036546397596578746
0.036512127370484815
0.03646298632305427
0.03639090595633884
0.03631399441865366
0.03621750033091509
0.035987678260799044
0.035596777788782154
0.03516909739122968
0.034885810008787516
0.034767299942939596
0.03471185785521284
0.0346835886471559
0.034672427996267095
0.03467035993089784
0.03466885330934095
0.034665991708044255
0.034649156744495
0.034580747567251685
0.034379465801608645
0.03389329424130801
0.033093048622424355
0.0321265750307465
0.031182367268090542
0.03042216840066057
0.0298728860876698
0.02947338257388213
0.029247038800191548
0.029128871596556843
0.02907582253799425
0.029057627997160225
0.02905211586447411
0.029050565458741042
0.029050445073004288
0.02904992173034639
0.02904610268089406
0.029014404216523786
0.028908672447013783
0.028626219839594822
0.02821607675353522
0.02790578865854814
0.02778595699788235
0.027748636866446248
0.02774046220525144
0.027737041144413395
0.02773517432500664
0.027731388592421784
0.027722686100881824
0.02770323706100411
0.027680204411620484
0.02766629934848531
0.02766465667243119
0.027664471771209672
0.027666090725943095
0.02766746659644726
0.02759290818204512
0.027340644336546517
0.02710272006167907
0.02698250766358471
0.026925507304235503
0.026907560879107374
0.026904579762385278
0.02690457497534143
0.026904296846553544
0.026902949194017083
0.026897836126414037
0.026889477019772363
0.026875534949815896
0.026784069681039097
0.026383786890940602
0.025478379931741617
0.0242055416934812
0.022847804835589357
0.021620309398475365
0.020507289710309448
0.019306745930824612
0.01806646024269428
0.016960624343070697
0.016302767680746406
0.016048606264622307
0.015939599122060555
0.015854355621986907
0.015770714262191766
0.0156755493916781
0.015584960251310963
0.015510451820651663
0.015459920852347231
0.015407009520436695
0.015349157850130099
0.015305959810016813
0.015278717925602864
0.015263569316800289
0.015252406338875809
0.015243087979471324
0.015235246937140427
0.015228453713313562
0.015220622497800691
0.015214282439266515
0.01520834349316363
0.015144964160366411
0.014720549641257952
0.013482770033002115
0.01154899724611399
0.009230444892707447
0.007315843056258319
0.0064548145788215815
0.006086253039440588
0.005928362441243587
0.005829979059697347
0.005748225681589475
0.005677346227478042
0.005623830709799318
0.005586606123848672
0.005553996195047459
0.0055283301977820136
0.005494306604978494
0.005488718657567515
0.005484099942067597
0.0054817378249063945
0.005479739491773272
0.005473440546509669
0.005397912103667033
0.005229301201620752
