0.05308412003923918
0.05236788541078966
0.05199562303377832
0.05167359410368094
0.051343911276564624
0.05102240720269785
0.05079174488584048
0.05064382054964801
0.05054875889078715
0.05049984713073798
0.050475875875311924
0.05045815706591441
0.05044291702278757
0.050424574011889954
0.050417906807432585
0.05041185442476938
0.05040281599778914
0.05039297412779581
0.050368793989889867
0.05034696466339324
0.050327262281458486
0.050291107409588386
0.0502564605661742
0.050240930112440095
0.05023827521684904
0.05023838561662825
0.05023708307692914
0.05023304001592678
0.05021895206196063
0.05019257400016293
0.05014543147297915
0.05010951663193491
0.05008110145377614
0.05003439339388638
0.049942540475699584
0.04977959430427032
0.04957044652120648
0.0493617485448479
0.04914888880958069
0.048921201226039226
0.04865274928594961
0.048343948071711614
0.04793540787841952
0.04738717042519753
0.0467968150818571
0.0462248884410102
0.045632880009877475
0.04494915813099777
0.044372664467593574
0.04395895299299857
0.04365108804267937
0.04348139781121672
0.04341640240876626
0.04337286627050287
0.04333323484197781
0.04330628709106017
0.04328992091606929
0.04327963132011648
0.04327331290525938
0.04326921797766115
0.04326732111731319
0.04326597396016399
0.04326566096686592
0.04326582114348262
0.04326565901989626
0.04326560320174754
0.0432647919507299
0.04326112106934759
0.043257800313170724
0.043257300095304846
0.04320794483138739
0.04246027094697739
0.04073716913539304
0.03885149251353567
0.03743576359096165
0.0365376827335186
0.03598270385248795
0.03565188133539171
0.03541557698359417
0.03522582369698916
0.03507664818152151
0.034953651973421866
0.03485066511992497
0.03477301303175123
0.0347092860201821
0.034666314925141765
0.03458968851412576
0.034328100373874945
0.03391824503630035
0.03360888085451582
0.03341011868638878
0.0332937269086242
0.03321014250483463
0.03310629093945697
0.03285760830748144
0.03229488341966795
0.031426034217844435
0.030332244876918334
0.029149278305661504
0.028087543455225645
0.027177695927723372
0.026486503346778417
0.025837676727432243
0.025261160496573537
0.02478812010245187
0.0244202679097851
0.024167539586019703
0.02400630364253798
0.023897873469498107
0.023831561462906915
0.023789679730570255
0.023766757894063198
0.02375578673462752
0.023747470885473194
0.023740849884553324
0.02372692507284774
0.023699472975492405
0.02368257402448299
0.023674010829301907
0.02366977067043622
0.023654228763412027
0.023594250442194445
0.02347739377406585
0.023296928418098925
0.02311024993676511
0.02296662152506948
0.022869104090496244
0.02280145821875739
0.02275164488482597
0.022718182719475163
0.022694162762323927
0.022676197310720094
0.022660041816868193
0.022647550635808367
0.022637383494172894
0.02263123657216904
0.022624307773064994
0.022618406888760424
0.022611275808401193
0.02260363340921761
0.022596438899839835
0.022589162878094773
0.022583826258597926
0.022577668182887218
0.022570295903039148
0.022567460599869273
0.02256576270582455
0.022564173138411026
0.0225614728232908
0.02255579227150517
0.022547690210457595
0.022534669780445438
0.02252136116092082
0.02251091635205042
0.022503386013812816
0.02249683908700881
0.022491245145100747
0.022487629978709196
0.0224854392850389
0.022484634285914008
0.022484949695623316
0.022484834098723133
0.022484676541861814
0.02248291057121091
0.02248020500420669
0.022478924213776237
0.02247802093712231
0.02247725408614804
0.022477221357156407
0.02247795458927922
0.02247936272779552
0.022481979427940686
0.022485298077927155
0.02248716313898255
0.022480305070790817
0.022430245816201268
0.022242413465932642
0.021827329742672857
0.02118114846858482
0.020395037275563986
0.019475578483027035
0.018577697254674317
0.017838081077032216
0.017197847552128057
0.016586876824617208
0.015985744657299017
0.015388317233057272
0.01490333465267288
0.014510677677870638
0.014211059348460968
0.013783911130706615
