0.05579830479671504
0.05553696587258219
0.05532714737797793
0.055006175361220995
0.05446743571105893
0.05372778773388707
0.053001477042911166
0.05240038476127461
0.05195561411278312
0.05168250341045545
0.05151212381977382
0.05140810727981649
0.051316643423403675
0.05120248968377206
0.05106199797796487
0.050891420448397895
0.05071797685328021
0.050433476556599514
0.05005733644008284
0.049657612116592836
0.04924748042194936
0.048903818236173985
0.04863123092066144
0.04839231995397696
0.04820822761802384
0.04808487414177564
0.047994782643902674
0.04791776669794575
0.04786823661909411
0.04783831074371021
0.04780430803409914
0.047663506316423986
0.046980030454536005
0.04603656168215463
0.0452905391994161
0.044785019956855805
0.04444889099118396
0.0442035387621767
0.0439082717421308
0.04351398319545916
0.04303633797006833
0.042542828569855876
0.04206601272211047
0.04167322164034133
0.041365408191683356
0.041114197702567065
0.04087905937954143
0.040637178693369705
0.040427362294160746
0.040208084750536034
0.039899365349541825
0.0394169007913309
0.038814426227221546
0.03816420748291709
0.037553638540007706
0.03696184370591914
0.03630024553779985
0.03558026941870671
0.03487287842391988
0.034216140473855794
0.03374525090136898
0.033500754884796875
0.033416787663127244
0.03339336287312661
0.03337005639707449
0.033347295837938766
0.03334128175327031
0.033338210766029656
0.033325730119042274
0.033301234094461854
0.033282320561174285
0.033273434873298
0.033268695849607094
0.03326646940633757
0.03326490209196362
0.03326268996796733
0.03325969628005328
0.03325527502538293
0.03325031338796488
0.0332403473999302
0.03322452599965077
0.033223415459139115
0.03322184534669021
0.033201113816161754
0.03302321752156077
0.032332212922976576
0.031029028022789867
0.029798237142751396
0.029027260263909737
0.02864017943127508
0.028463127974802153
0.02837856469166489
0.028336144335671692
0.028314809623392095
0.028302447008460012
0.02829674772101805
0.02829440585746568
0.028293546251577338
0.028293135932418542
0.028293613883466146
0.0282935194080172
0.028292306094979586
0.028288482719843668
0.02828229146232396
0.028281101699943682
0.028253387032341815
0.02806669239560519
0.027783707282307134
0.027532153395122216
0.027349894810904718
0.027227482830976965
0.027154209767034653
0.027130114141585907
0.02712682243139775
0.027126750260035238
0.027126402028134662
0.02712572501618659
0.027096129801783008
0.0269916765662277
0.026830528698251654
0.026666825034618976
0.02654665870760012
0.026442815013254396
0.026363969616105026
0.026300391016549237
0.02626373314681002
0.02623704722135804
0.026218256694420558
0.026202989667692113
0.02619106204099905
0.02617795859675434
0.02616576130546984
0.026154735199067698
0.02614237860859688
0.026132809900183566
0.02612705102488963
0.026121737131061657
0.026116283701491314
0.02610981865186366
0.026104671277556623
0.026101914779848447
0.026099144263140573
0.026095984053318408
0.026088153446332873
0.02607336742149419
0.026058447077303246
0.02604680587629319
0.026039027843520274
0.026033045675686428
0.026027734213804183
0.02602293913123763
0.026018038353497516
0.026015268317562866
0.026013748315988322
0.026012981549350014
0.026013014059101034
0.026012725111689686
0.02601249831791071
0.02601227504780563
0.026012296700071033
0.02601220631870721
0.026010024009032347
0.026006274703870562
0.02599912389084276
0.025943433890212763
0.02569162834596808
0.024815567776341516
0.023122567961050545
0.020512199161832344
0.01740933445800794
0.014602574807653828
0.012398253513513837
0.010770497089793234
0.009247707967539084
