0.0548131880723758
0.05440901298227445
0.05413789238033651
0.05380589188469738
0.053381103464303095
0.052923911631288616
0.0525644946018715
0.052309531743501864
0.05212839095567243
0.05201697092460157
0.05194897298532587
0.05190102709111963
0.05185971649097664
0.0518021352016015
0.05174324792997957
0.051646633238324614
0.05152671484775947
0.0514003185695367
0.05123153834384341
0.05106489153681234
0.050903313593254465
0.050721511518515165
0.05058352906554531
0.050458135069372995
0.05035894458813957
0.05029448530819527
0.05015562715144859
0.04976376874594503
0.04899925835677707
0.04784117377832701
0.04652498580947034
0.04538541167581599
0.0445408827753513
0.04403704149377907
0.043753488084815856
0.04360032555768542
0.04352029259049975
0.04347367907783626
0.043445974819484826
0.04342526751424472
0.043398951876817506
0.043347576418640975
0.04324091476293498
0.04309461472423922
0.04290278644557876
0.042636703264202144
0.04219376738944871
0.0414756057725557
0.04063377934776558
0.03978140831512012
0.039118373799219175
0.03865542291608997
0.03834162493104867
0.03812473357885919
0.03797015954588361
0.037862734899902335
0.03773659545780476
0.03757651942931186
0.037375027068363376
0.03721462081400317
0.037138835595645237
0.03708440584000737
0.0369745623094058
0.03675602460305012
0.03650380410903351
0.036297360078132855
0.03616662372204503
0.03609588541375142
0.036060320438792426
0.03604514606671088
0.03604134398095459
0.036038368700004764
0.036035507407110215
0.03603417211001778
0.036033347173157655
0.03603246287072369
0.03603230121556061
0.03603222457114052
0.036032160002154916
0.03603214307397439
0.03603209316501459
0.0360322414476587
0.036032314041621556
0.03603211418384106
0.036032023263916226
0.03603140259752413
0.036026390624157544
0.03600942121034142
0.035970374416441804
0.03588785991639308
0.03566473695948236
0.03519476618529663
0.03405840802645033
0.032194612339755624
0.03003903781876173
0.028142072083807517
0.02661472264687252
0.02560519884537383
0.024864552074319552
0.02435295851133904
0.023845822095882617
0.023140538195299494
0.02203301583692037
0.020603966528305068
0.018964114415734486
0.01737380699953706
0.016012590053640807
0.014922709242744955
0.014105218828135703
0.01358687091722973
0.013158916407106752
0.012705137904618306
0.012138999705698473
0.01151936202135825
0.010947144206976117
0.010465139493360073
0.010125574883768453
0.009819831581006515
0.009581452530205993
0.009376447291564201
0.009220433091172518
0.009097410536746611
0.00901621984582038
0.008961241624843503
0.008925436227128077
0.008898647612419229
0.008886491183063637
0.008873830502540299
0.008855162203418802
0.008826409792262777
0.008795966817937798
0.0086893518157692
0.008353667712582988
0.007951257845722101
0.0076461132562635125
0.007455692211642263
0.0073440462346458886
0.0072565477528131524
0.007207244882945681
0.007181611063210633
0.007174188189282262
0.0071697528505960065
0.007163967781825915
0.007162455535170792
0.007159732604316668
0.0070649456893687665
