0.05666514916392162
0.056651078504309754
0.0566308210906466
0.0565829682788253
0.056449851529929256
0.05609258960163567
0.05547460731681112
0.05451389060321896
0.053201577809666604
0.05192390169823014
0.05092430394019691
0.050290548445358296
0.04992266698196475
0.0497303342829716
0.04960492523471902
0.04949485869606141
0.0493896148727206
0.04921375925003984
0.04895178452047913
0.04861676982548393
0.0481968127039705
0.04777651665938518
0.047343819488150425
0.04679673958545856
0.046122474595055196
0.045408775128290405
0.044780722740537626
0.04427377086164171
0.04390554622329434
0.043607048221853816
0.04323315296241395
0.042873944821413774
0.04258527328220581
0.04238525989124094
0.04225454693313838
0.04212568101714091
0.041979890845714865
0.041826556566254086
0.04166188776542073
0.04150355611103606
0.041342104688133284
0.041177572967306016
0.0410058978795534
0.04077750136049635
0.04045019144383664
0.040033994176445736
0.03961761802534274
0.03926805536758597
0.03902386635564004
0.038867717663751536
0.038779654383792835
0.038725006335327446
0.03865449774560052
0.038540605937395965
0.03833268556120366
0.03799825670440895
0.03748437518700546
0.03680741936214286
0.03604176582098534
0.03534147013166644
0.03478904311533998
0.03438784797255506
0.034088022409494906
0.03385944656160055
0.0337167134697945
0.03366831561259769
0.033657362495389476
0.033654894153151406
0.03365337293901414
0.03365262803004146
0.03365235256683141
0.03365222437190678
0.033652246912729375
0.0336523092015872
0.03365237996683546
0.03365253936034144
0.033652173319344864
0.03364530922010333
0.03362686945979847
0.03362309098327556
0.03360642821850278
0.03359188498069087
0.03358981043067112
0.03358071521084089
0.03332041672680107
0.03173723686935075
0.029024334155392736
0.027111831734794912
0.026315691992739428
0.026027726846305742
0.025907222547834924
0.025860902924529344
0.025836276745171013
0.025809268407125868
0.02572665568647944
0.025437342706939235
0.024596082267415005
0.02310964341107286
0.022031027424831887
0.021823248220706602
0.02181466129963191
0.021814693626852847
0.021811980036122156
0.021799253185165127
0.02178134574820155
0.021767180489361222
0.021757836259335882
0.021752266465889493
0.021747989671602692
0.021741958780768428
0.021733571759321734
0.021684187228862867
0.021442134314970066
0.021265548048391307
0.021211233295324775
0.0211912178678138
0.021175997500731698
0.02114840934422748
0.021054162637320302
0.020887725196089814
0.020694692277695697
0.020511595620851877
0.020364516490399318
0.020267096762907628
0.020192255869315806
0.020148362009643067
0.020131051310603804
0.020129147639674574
0.020129005345428386
0.020128101647520547
0.02011605083273304
0.020059458272564935
0.01997019867385913
0.01989570779257079
0.019840193227049104
0.019799144227191524
0.019763149127877504
0.01973891151479484
0.01972370145309406
0.01971252956612042
0.01970360566130869
0.019697835383506796
0.019692424026840186
0.01968736492035786
0.0196825863685393
0.019639119209428898
0.018703567123061593
0.016236023362745367
