0.06600350850287846
0.06605870885943431
0.06305981505850995
0.06358968716259851
0.06220111748630553
0.05859849703320479
0.053339204435939244
0.05078755736085429
0.052347723438767
0.04870996865159733
0.04197243163333628
0.04012544642247829
0.05020013546197857
0.04992719867452501
0.046924397449124175
0.046001300072025825
0.04707255733163379
0.04234912632020563
0.03836913236252449
0.035080694775298175
0.03417437708781068
0.03378169803679874
0.02926226001064522
0.028833974476044258
0.029150412602295197
0.029620779177143446
0.029617780507093856
0.02932433128230536
0.028959099862250856
0.028911308508359736
0.029427979446680675
0.030332453237360484
0.03129338241743969
0.031788460100890044
0.03202954806083123
0.03207560960846937
0.03236915856454054
0.03245148998532948
0.03257271070796467
0.03085152242536602
0.028794676185666144
0.02860214292478014
0.028517572102803982
0.028479783203640693
0.02825431453839033
0.02779806702941949
0.027881409294299452
0.027938738320847135
0.027438027500337126
0.0276235259900232
0.02698046622680651
0.026661301537925133
0.02641569965808977
0.025395255947158364
0.025413920396041196
0.025635789021583134
0.025159002085002775
0.02485173346563363
0.02137367470939582
0.023193217077213446
0.023610367775271156
0.02300754724777779
0.023173965934137335
0.023522504942441097
0.023419922042642365
0.02411508623900786
0.024101620567272962
0.023818345342069804
0.02358549822606616
0.023177988588692067
0.024027811738099494
0.02466834327082593
0.027004377695580405
0.02703759090111587
0.02691281033364201
0.02705455204428112
0.027020578544235924
0.026722811508815163
0.02681369939792819
0.027081707461457407
0.027010068897812534
0.025957391643776154
0.024704213312301875
0.022620902181513212
0.021722063699641143
0.021247549348057247
0.021363730374363725
0.020834013290484125
0.01407681703639079
0.011560435235920994
0.008858214705341434
0.007356036324880631
0.00716198542454259
0.007521049570828828
0.007122013687153045
0.006952185489669665
0.00638470924717686
0.007719962124877448
0.006998242415209096
0.006843514020752211
0.006486114842420674
0.00660118134089536
0.006626853940756092
0.0064199777905023635
0.006082846779684986
0.005265539569832543
0.004606978037855631
