0.06552544444198585
0.06528565615292027
0.06471359822051588
0.06485346041795009
0.0648388902511166
0.06321870444383022
0.060758052507573164
0.05646298242394851
0.05801929388271122
0.053244038685718545
0.04885018375332902
0.04913771211550173
0.052792808405039485
0.04826155485606269
0.044288193921502746
0.042144724345691796
0.04283277314947572
0.04081221936438913
0.03881697500177327
0.0350397337008693
0.03275449093969441
0.03140730320513566
0.030488009735708237
0.02911520281793991
0.027850943147134277
0.027449892555570135
0.02775566835203775
0.027647024052809478
0.027005767044640343
0.02671545681492561
0.026252338066908965
0.02615157511453161
0.02517497560184247
0.025331341020527125
0.02549321342049197
0.027178416707482896
0.02692507908120708
0.026722563260825203
0.025378914298092355
0.023092328821857667
0.022369879438700866
0.021650545191128988
0.021089256907394858
0.021048373601012554
0.02100622594814005
0.021190170681225928
0.021164542125197288
0.021186345907744538
0.02121672278634622
0.02148430231587748
0.02194205483782793
0.02206249597773263
0.020662088787397333
0.01662674300437949
0.016074744256948985
0.013597895569281197
0.009477615809907393
0.008752550452831917
0.008527725164944822
0.008527415314295241
0.009006210028689492
0.009722694416263432
