0.0659598611190528
0.06598520034188084
0.06522438804979726
0.06551422609491632
0.06552359847963524
0.06424596425657328
0.058582307499756334
0.05040030237850108
0.044646436574065494
0.05351012281243706
0.05160914334512021
0.04521832563123408
0.045696221272035764
0.041703128063618256
0.03999347944574191
0.039584248000053446
0.04008852344663872
0.03945264267335801
0.03722776889862069
0.03472635552588436
0.03345628568717021
0.032559983476188985
0.030313478702640992
0.029799520014990494
0.02984403847810614
0.03014096906168165
0.03065736628263173
0.03121036463884145
0.031694470236991984
0.03022162573820081
0.025705680882884385
0.020534918067260915
0.01722990480530209
0.015846455618365965
0.013447953730259674
0.013356251406655499
0.013085496697526476
0.013345516296484379
0.014229855547165424
0.015087679151914746
0.0170212026680097
0.01845133156797934
0.01802420965096635
0.013167179925058517
0.01274666549561284
0.012605900008468675
0.012955156234046352
0.013357171881012824
0.013994653073051533
0.013836065151995093
0.012409376327040953
0.011139513183136041
0.010266725122471478
0.00957998029162266
0.008669971798616751
0.008093776488816457
0.007636551312062487
0.006806989619079825
0.006515293489233822
0.006301917813250736
0.006220683500519787
0.005895590146012223
