0.06646153059734065
0.06734212109845629
0.06473183184332433
0.06649398340583804
0.06430774061231935
0.06070808836572744
0.05281537521841634
0.050207802689643304
0.05172211701725008
0.05476998473143613
0.04827005768705638
0.04476660912843726
0.044862374325594895
0.043821861599528084
0.04491162067069912
0.043054682301919465
0.041016130550165175
0.03899671272471709
0.03710924258725587
0.035729907773102317
0.03630292427018259
0.037116461917322555
0.037294488845204844
0.03725364524187762
0.03793976883784212
0.038354824532256554
0.03870299533010742
0.03894270620299405
0.03879236496112281
0.037869452811145836
0.03686072404593594
0.035515656882718176
0.03540457310831051
0.03570728786255216
0.035945195580924565
0.03643404911590746
0.03500300823766604
0.03212043137788425
0.02860719063992796
0.025563485253442673
0.02441121237518737
0.02672611388603404
0.030503055492396635
0.030179656922931713
0.028832699990399484
0.028704685572522617
0.028627356804745797
0.028822615260414915
0.02831038113325705
0.027644934559532205
0.02695731233252742
0.027032080149246716
0.02397652418182062
0.02231579582189608
0.018274438691112758
0.01288089239135169
0.013336830698732748
0.014653207690830497
0.015217723632035598
0.01563767190122257
0.01522895711243806
0.01010458820844897
