0.06699694859804207
0.06708327425201609
0.062201642432376573
0.06506408210453615
0.06068653526186716
0.052654425265454156
0.04846410272813986
0.05170604840523522
0.05286508201572705
0.0538844857453503
0.049654837445180074
0.043525343456178374
0.041545043685463676
0.04191076285925382
0.044867104893269484
0.04023769217223455
0.035931652794038066
0.03471899081454567
0.03303010828838853
0.031204125802179586
0.029804655100608847
0.02692995545112136
0.025816443282114486
0.025236644530474316
0.025354368933302465
0.02516438565391041
0.02509222023704905
0.02500563060535009
0.024859469335757247
0.024832772648038955
0.024719859514422206
0.02459899428001671
0.024424304617966592
0.02444880729516941
0.02430453234215294
0.02411974138652058
0.02398003974827592
0.023902968517469637
0.02388508448676003
0.023817905468290452
0.02338405331502511
0.023219409346037244
0.02386818380927451
0.023459546364781748
0.022558164800122172
0.022166320203463166
0.022639468750248196
0.02216376496573208
0.022270123248315794
0.021838523065702022
0.018471741836760515
0.01809816196165814
0.017147631534329296
0.0170490225755727
0.01712265546093884
0.017673554784958943
0.01846096794365241
0.019629579387324538
0.020776546033967423
0.012331577589744512
0.013284312317998898
0.012721842640180829
0.01226095212397319
0.009025149169394954
0.00915980894168252
