0.0639215323102052
0.06571686936530376
0.05913485811755685
0.05966193683077745
0.054645981807030314
0.048853122857478164
0.049783594544120444
0.05205237920098031
0.05162010265287839
0.050973347498013154
0.0414839525048687
0.036430048948603015
0.03826468020266716
0.03728603449372304
0.03680394212308261
0.035958031913860246
0.03667725997594028
0.0355870148191409
0.035279570720084606
0.03392593475663067
0.03262877454248275
0.029911016765707985
0.029990672837080977
0.030133754155155252
0.029400792974224696
0.02954403492143854
0.028999985032855096
0.02904291908649502
0.02906363206232701
0.029296201479296066
0.02923606161491099
0.029094316212297407
0.027294935811034225
0.024397165717383124
0.021236084826960884
0.022892745720459934
0.02147010330247967
0.01986661493070982
0.017531220374763744
0.01488962771689836
0.014235847797892325
0.012056336613445504
0.012683568902197899
0.011949511343816248
0.011323392704967822
0.01111379454681352
0.011427795918405696
0.011435842684032358
0.011411479046101288
0.011039724104754909
0.011053454413612215
0.01003237527451872
0.009987114782534404
0.010064451156098669
0.009349877075198606
0.008381748802045553
0.007563832920657743
0.009405573740144871
0.008010388503549593
