0.06479216920315345
0.06556704473109613
0.06361641607233902
0.06455243301293417
0.06290318501405219
0.06103431697139213
0.05752184198421391
0.053751963527435
0.051932630454980776
0.054084931146741594
0.05129161433832372
0.0484946671006315
0.04534758871417627
0.04259273380696424
0.04176576262275768
0.04026793217469927
0.04099695174201604
0.03933095403860815
0.034660486045888006
0.031136976720893796
0.028963180060835803
0.02838738272937888
0.028843814641994755
0.028836121483253648
0.028332050962235192
0.029068384371883745
0.029864090635022645
0.030429790807452402
0.031030583482641025
0.031437192797652995
0.03167380833774626
0.032101780141277125
0.032066016925892976
0.032038751982274134
0.03093320497230009
0.030215204207086472
0.028304263446076224
0.027166755915956197
0.026612562424957853
0.024784973049029414
0.0239030123926732
0.02132286096548485
0.020180048112977175
0.018748751139786555
0.01845545279600253
0.018212030662735714
0.017632598986707375
0.01728927605462781
0.0179223302871668
0.01834770656124326
0.01807199831399563
0.01833265696148716
0.018655085784672742
0.019327550185888286
0.01955578995567669
0.020509334675582913
0.021814760601808238
0.023211244429267714
0.023668319982221495
0.02396923383855571
0.0223293026630784
0.019074495209643307
0.015849362354451405
0.01497706680044188
0.01306247573546733
0.010870230010841964
0.010184661523471883
0.010691522941089741
0.012572379681496848
0.016058138161778004
0.019883651618294487
0.022437741484624747
0.007551544784641241
0.00940673394492186
0.004880268133213519
0.005103656980432579
0.00603478689295175
0.005830511559900937
0.005706680676388213
0.00573827519728273
0.006086314560376021
0.006229571305660936
0.007305328009193515
0.004821474261393189
