0.06705388456284007
0.06733995347983111
0.06345424430901934
0.06463009621721783
0.06104895527394708
0.05654700347513462
0.061338693755458
0.06178321765111562
0.05729292720728496
0.05338249027267755
0.048848435628582466
0.04822927454411747
0.048848990883234335
0.04634805331640777
0.044562763786452554
0.04233474679281399
0.040434316986444355
0.03735508110539092
0.03636990223937496
0.035696795770965746
0.037688545242946105
0.03964501896681041
0.04153831019918057
0.04235991643241488
0.04212722885014802
0.04044364477471833
0.04213381558140584
0.04413570723183157
0.04504987487960217
0.04551751632402209
0.04054205765227469
0.03922173149079718
0.037341020999802764
0.03470176912929952
0.034715548817253285
0.035630374957237324
0.035963005063013455
0.035548629986632
0.03522916956776738
0.03198968850125738
0.03042494225512746
0.0291306275042547
0.02658657324594185
0.02376123501688792
0.01946880566659016
0.014569619478024105
0.013853885149891047
0.014083523613698684
0.013918727373754495
0.014247118863679986
0.014435708907715535
0.016266132288809455
0.016112045451794853
0.016856732506138398
0.01808228675976308
0.020243331839668307
0.02036867281430725
0.015833967076955155
0.015614325956408215
0.015233006531183129
0.014976766462493777
0.015208766451163532
0.016411107093588125
0.015394798031925316
0.013813885187265748
0.012640183663773485
0.011483668630963628
0.010284160288274573
0.010331223157526062
0.010153902815470387
0.010145987492389645
0.009744155512908104
0.00981369505842031
0.009764818972785506
0.009161175522310803
0.009169503779110645
0.006981296543156695
0.006222636927921482
0.006041393360327954
0.006422842820032747
0.006147267662540202
0.006090259936401263
