0.0675207901737942
0.06727789341213712
0.0666795723099914
0.06687605345575572
0.06671906435046733
0.06518692900141036
0.06242658746064724
0.054768618991370824
0.05158106687600546
0.052143192611081544
0.05175198706473461
0.05241499246065016
0.04672113990724757
0.03864431582869043
0.03745313739236067
0.038938720598908065
0.039289606239574795
0.03779614911547954
0.038247880037304845
0.03586761111136883
0.03267159032576632
0.03253886007394884
0.032483976586564996
0.032300594367261654
0.0321723715554483
0.03225304457688425
0.032063023616349266
0.03205000262627364
0.03166776418349982
0.0317185141957555
0.03184840150578393
0.03196952123768481
0.031466176180579515
0.029595683905842593
0.0276604664205351
0.02768728357064898
0.02756240247437515
0.027991201494996065
0.028243233299615634
0.02837059083393784
0.02892760488588814
0.02729835955405598
0.026857173446696768
0.02641232957999782
0.025668916983532252
0.025798848212018288
0.02651702323281799
0.02556946964988949
0.024406340994349737
0.023559865650911907
0.021669379489523317
0.02021704091664642
0.018362012669411863
0.014692530108535032
0.014830174640201399
0.015141717112319179
0.015413492825999131
0.016237734304447235
0.017368179892021964
0.018303747641309546
0.012690724061977274
0.010213044789613384
0.00923773377149153
0.009192663908684813
0.009527170956922003
0.009416418471211567
0.009386581606982698
0.008960063318119682
