0.06570745469663873
0.06645314879522812
0.06315116785565664
0.06454624990198468
0.06203264569780839
0.059056019357805904
0.05473591250881201
0.05093320633569462
0.04887244209908156
0.05375647868370942
0.05026312801717215
0.04577814152069374
0.04259176062386633
0.04101141276355963
0.040438752922508786
0.03842157566173487
0.03821976373676381
0.03969013571016774
0.03992070615514181
0.03952123677395897
0.04037958476810202
0.03952028573700855
0.03844486426674791
0.03668278809367055
0.034185250947073684
0.03377000039952464
0.03232543249849077
0.03197942837147497
0.031571598386439574
0.031158307518217514
0.030907724134570564
0.0301121332364857
0.029308332865186176
0.028380258457680312
0.027662552753671504
0.028264118122724932
0.02807103730512317
0.027929853688445142
0.027593255743417346
0.025905043428901386
0.025409061619474902
0.025651908920164817
0.026862287576439985
0.027476425679806644
0.02773519102304368
0.027739569005608575
0.0271466030736945
0.02596916480600372
0.02501884325235904
0.024002736463056867
0.023886827339969777
0.024443055001862647
0.024917922947221276
0.024958184141803445
0.025016703641175173
0.026186394351456706
0.027304805806277234
0.02760383261035205
0.026402524593058422
0.026432871596367136
0.02647598149674035
0.026584598122379056
0.026261879081782676
0.026069249902230317
0.026014429354683576
0.025828084000260258
0.02574133088653681
0.025550537796313416
0.02553835868006236
0.02551359787449191
0.025591520044572047
0.025585031083855098
0.025762884060228267
0.025989220003712673
0.026768603637046733
0.02783778673051322
0.025400086434057105
0.025288719315171845
0.02507898704937939
0.02588162458016669
0.025964000585378122
0.025901366790477297
0.02600642941228317
0.025752455749880315
0.025748961385846893
0.025947076136152842
0.02634921528741124
0.024694262175353043
0.021534855860502106
0.014730520623180862
0.008147794684714233
0.0050024159864213835
0.005830281199613669
0.004826684079135443
0.005882681474148622
0.0040866819111644494
