0.06592899384872088
0.06595144142534534
0.06436269229275625
0.065363164579429
0.06369109945172993
0.06112362611256187
0.05882999664025099
0.057290935700545005
0.05599280136798634
0.05128507018734772
0.04655798716443082
0.04295222608497645
0.047898687585358944
0.04818847495715575
0.04550423322602645
0.042913950483200645
0.04404669487434729
0.04188003731004032
0.041021900399282406
0.03765383720447134
0.03389570094898695
0.031084468203729558
0.029298526955168068
0.026731944773776592
0.02676913542041474
0.026405502283636056
0.02635259073546779
0.026967340469822368
0.02663992149108084
0.02754693269073197
0.0263329391300564
0.025134324572692893
0.023368630108498926
0.02163818708561783
0.019742988592946736
0.017156720727809605
0.01425038052927975
0.012883914062289207
0.012256097778367794
0.011843221866795607
0.011847270620904812
0.012083178723899683
0.012442316244399567
0.01429395374318554
0.01030492556718996
0.010380297485908942
0.010362285308258997
0.009725208135610234
0.008422073079350874
0.008045716934809743
0.00834801392493906
0.010615387883439714
