0.06587918022578197
0.06580121421698494
0.06269685981298209
0.06132614709199764
0.06010806533305326
0.057772973081581754
0.05892287027897839
0.054786453054378924
0.05372861827707154
0.0531114564149924
0.05153402542942927
0.04851184940674692
0.04067617532710348
0.03532318995908292
0.032661708917390966
0.033389024945092084
0.036766022267167346
0.04058796048800285
0.04300521015047729
0.043540331113697206
0.04088987577698394
0.03733655367794703
0.03344820274745097
0.03234550258157715
0.03172832253604089
0.030748143116801872
0.030250392237553794
0.030516193958372247
0.030186087095914957
0.03012381345611586
0.030307717498379665
0.030272285821823824
0.0303143068755316
0.030361782970112862
0.030420222667296527
0.029970092748170165
0.029999124355237928
0.030103141024493314
0.029968790545794734
0.029485779207323943
0.028804113946062058
0.027443862148726694
0.026791578075590117
0.026378940572392665
0.02637869975049845
0.026920986550749565
0.027324887149185028
0.0276868552996029
0.02760996941136099
0.027668497738498797
0.021371665552400592
0.015484429558805525
0.00883365722669613
0.008665661196540166
0.008622754175830935
0.008392514873497204
0.00819604295056165
0.00828077128885422
0.008183187599606687
0.008279045997579101
0.007603713335324189
0.007106064629479099
0.006537670636432358
0.00642459372054074
0.0059795661457531435
0.005771955715176819
0.004988446140485915
