0.0645643156476587
0.06481359158457321
0.0615517337925611
0.06284871215493938
0.06058333794351611
0.057046803216612735
0.052334669169284455
0.050064820444292155
0.05185059735279083
0.055487490026432135
0.050945637132270315
0.04514785876940931
0.042146942562815023
0.041239814189247666
0.04228038373263348
0.042448620277853476
0.04191652512393234
0.03931086215900054
0.03507023216294608
0.031592970092095926
0.02995730776982905
0.030450012653922325
0.031080112562588313
0.031122031342110647
0.030922300126790713
0.03157255459058421
0.03242340561876642
0.031867605832301686
0.03077824710864055
0.030777649168036776
0.03075415583365928
0.027268226150107093
0.025556712837023154
0.026015959703121764
0.026020367371057142
0.02728360212007195
0.02717742962209456
0.02685314788536612
0.025944750964660347
0.024750344750401426
0.024677638790246596
0.024094146390155828
0.022679066253138577
0.02144376353610635
0.020410368703605155
0.019721940870918137
0.018140321679262387
0.01661647647197813
0.01660395318342248
0.01665748351539032
0.01765243975010576
0.01763070102885042
0.019433479406888814
0.017880136925162406
0.01812609262592583
0.01666361574077392
0.01674575692557432
0.01544733038572875
0.01407400562021289
0.012369268402541562
0.010764531183812088
0.00991205004915405
0.009264362169850524
0.0083875813015809
0.00758090497938678
0.007321544225146215
0.007349949636451155
0.00762092701416265
0.008680949909404323
0.008630978843740466
0.007124576210688385
0.006649945282172362
0.006179070181671467
0.006012003093872329
0.005988069727782519
0.005775908775082085
0.005544723035651458
0.00532620684307928
0.004966263809732047
0.004821047100112177
0.004781122720268462
