0.054404269896901745
0.054101697698036716
0.04516737070258668
0.04552377753136247
0.04711686350962943
0.0524399483319326
0.05283801329157613
0.048084957374271604
0.040491900736786435
0.03620893766683177
0.03388514554887822
0.03319600343772596
0.03376855497129283
0.03388730730702336
0.03352711608136055
0.032273667726922334
0.03282687444381674
0.03381446639392622
0.031544060735925465
0.029093327724462822
0.02780512822106616
0.02781485663397203
0.026736420460425535
0.02587156704101567
0.025736043807432094
0.025009419043255536
0.02393386327846928
0.0235166165383141
0.023269700351464122
0.023248881928804387
0.023980463261679817
0.025493618798680576
0.02576407106749322
0.02390308384142526
0.021186010761393554
0.016447573901345363
0.015455746654334421
0.014553722015319015
0.014479490149886235
0.013128632584083302
0.01170021386877203
0.011700574520361216
0.010769591362702119
0.009824878113034594
0.009803260881363305
0.00885525617201623
0.0068470398080958655
0.006624482251263521
0.006675207327155119
0.006799565150599244
0.007231342686609878
0.007023397237169091
