0.05923005830577118
0.059164393430918505
0.057075498571814764
0.0565987974465979
0.05355178278803595
0.05273429755577777
0.05312628036309343
0.05377437224057384
0.05274629244837083
0.05129541280376693
0.041820819455278574
0.03521439586478118
0.035518032432270266
0.036561792934697225
0.03519561409057908
0.028119699289090423
0.023694095433874938
0.023062910182708587
0.02097790088870763
0.020331100277250328
0.02028324279904134
0.01996176720033959
0.019815145342310884
0.01922431011145349
0.019087383620181166
0.018980457680977274
0.018946419839840207
0.0188713090549645
0.019092546686281235
0.019296994886735228
0.020037542114483272
0.02057441152488718
0.021119697215686833
0.02115405333329387
0.021169933359375764
0.02243342061739208
0.021279734247699446
0.02084990325734284
0.020678538789832297
0.019954378895755485
0.01913556002439813
0.019073662965560234
0.01706713175933218
0.01679466052425237
0.01508957745248281
0.014183989440178854
0.01386022150844096
0.013652786322917975
0.013656525612423184
0.01360794728947587
0.013988374772351942
0.014224781650336043
0.014385451079039475
0.015685331016070562
0.01656465815199233
0.0170050902551554
