0.05623315077726567
0.05535760355177347
0.04821547451190531
0.048108254796981394
0.04723509123296018
0.04904528258571903
0.05049451583497213
0.04996276175635352
0.04691764280029284
0.047371011070509145
0.04187431463615604
0.03597260721150265
0.03745333096505499
0.03837760439645889
0.04002458554196065
0.03582643124436371
0.03478694168011597
0.03524238918271728
0.03472934216618606
0.033536804985040934
0.03354704378611913
0.03303862280941485
0.0322093198143733
0.0316052979800087
0.03054242215073156
0.028276652427629025
0.027115703881466627
0.026269349677193573
0.025618182716341687
0.025719381680093786
0.02693040637150151
0.0287003582038234
0.029406148718033716
0.02920076291269645
0.028364792330590107
0.028073814944948625
0.028122299634242603
0.02874103035417369
0.029234161875469143
0.029706465701427515
0.029295473429593016
0.028707079793399943
0.029580183503518053
0.027051688985976777
0.024515526032783803
0.021280799731781076
0.017813582838601197
0.015294165812536486
0.01404843754569262
0.012366114572503565
0.010646913978420297
0.01007711092316302
0.009816213989185947
0.009748394740436811
0.0095606873103707
0.0101183109771058
0.009274721044031726
0.009096885818319507
0.008964675932049663
0.00771960029881136
0.008251032758093324
