0.054404269896901745
0.054101697698036716
0.04516737070258668
0.04552377753136247
0.04711686350962943
0.0524399483319326
0.05283801329157613
0.04726331658326841
0.04018791191200967
0.03750710854961763
0.03570102026879253
0.03436447719806376
0.03238566928248972
0.029981578585170712
0.027209110725183717
0.02402194059730895
0.02231169810028653
0.023557156703936776
0.02332289476289374
0.02357990797458743
0.02357378519019023
0.0230082094796022
0.02239145155892657
0.02172297142520675
0.02110090733480596
0.020952749790790016
0.020873274880264844
0.020960214769561725
0.02094965757816451
0.020975402509102268
0.020928169737931716
0.020980850265420747
0.02068792901453509
0.020574883296537425
0.02044728063500241
0.02032742559395841
0.01998913069311759
0.019952680921763933
0.018771115682605363
0.017121456682748067
0.015690820489867915
0.014946130743982562
0.0149335401205297
0.015493396437969301
0.014016383171414388
0.01423989559885184
0.012499131082101987
0.01291241011773406
0.011885617119995116
0.010596557971655393
0.00982502283986777
0.00879414372302069
0.008072599504070651
0.007560198911155426
0.008333855312178081
0.012419182163196098
0.01625254355276369
0.017835309823197813
