0.05738168713545349
0.05684403267690135
0.05329974410236799
0.05296325215892428
0.046844961342684996
0.04987172388468133
0.05290221753308595
0.05437695871306899
0.052056230770664035
0.04891474340111046
0.04411717714016929
0.03805694718601642
0.03847334682454295
0.036765490411754816
0.036509061169277254
0.03559981116517567
0.03537095550799294
0.035487625887287655
0.0348939871757632
0.03469634722538384
0.034958502514845904
0.03426688961150985
0.034755446920586686
0.03478174395015903
0.03455822722529724
0.03390249631223594
0.033765569758237905
0.03400423324769478
0.033478062774651055
0.03653312962484709
0.03619756764986011
0.034127521130087685
0.0341760304176663
0.03267656740489632
0.030076660389153353
0.028761125769567217
0.02866960505446088
0.02854988665265912
0.02702719306606483
0.02584540662742221
0.024254856372404297
0.024389305907761248
0.024615146114250613
0.024855769835156596
0.024535090486980136
0.024098166638388447
0.02399683306055836
0.02299402459353004
0.022237720094513923
0.021837598621522007
0.021279111769476375
0.02054567632334235
0.017366116836511247
0.015718523358646288
0.014730025155226041
0.01579633712239597
0.01530033719846393
0.01445540577686404
0.014392792809566988
0.014138496442606908
0.014467194391536037
0.015567000573204455
0.014587875258447711
0.011726632262503199
0.010319775084491308
0.008556729205685084
0.005950843711232048
0.005479853839828222
0.0050654953065445915
0.004592238449276878
0.005266262686222544
0.003683618206154252
0.009939422272327178
0.00922938674448867
0.008975052318075502
0.008876057997476615
0.008639163804227462
0.008101201476968307
0.009047342062580139
0.009474156271662364
0.009413232374623182
0.008248475009743163
0.008205814856758836
0.008005029296217485
0.0076189058962111275
