0.05478200901906885
0.055326539097891834
0.048980881456098795
0.04750018431072762
0.047714183499653194
0.051816543300746615
0.052959591316833664
0.05264158937929844
0.04772281503142523
0.047067149551854884
0.03764961963704123
0.03475825380408229
0.032941926300162086
0.0335714697949009
0.035632939756184326
0.034959738026342405
0.03383122030691668
0.032026199959092595
0.029067486476447944
0.025494561983544217
0.02576220041465733
0.025342897502767952
0.02601072330782768
0.02661657968603257
0.02587121633218443
0.02530740371852749
0.024795466540444244
0.024691354834500405
0.024619477159364984
0.024578084162328137
0.02512118631045543
0.025345842534091303
0.02530767595866448
0.025282863891904334
0.025174769608705457
0.025150096225239525
0.02481529119261972
0.024747826686275478
0.02474475625630539
0.024731732647328197
0.02469760351309677
0.024688528237059044
0.02462941160722119
0.024626791831202647
0.024588766814411144
0.024535427198640044
0.024395937053391388
0.024518640929974873
0.024421028315412218
0.024298677055653656
0.0242446175283599
0.02405868630359544
0.023912245579599388
0.023919735334666164
0.023989638782474062
0.024051709855533024
0.024090923010696975
0.02419788592101928
0.024493272437595495
0.025148218755291236
0.025934503137612495
0.023322404399400577
0.02341404993917644
0.023163196184460312
0.023273003302615128
0.02366971346431665
0.02326707779873459
0.02358833016228395
0.023588170116188592
0.02192391700943417
0.01795237070898826
0.011427102611330536
0.00733234888261068
0.005989713667666645
