0.05579006057354241
0.05433857663752764
0.04621809124351945
0.04888261474479632
0.05015799568451801
0.050792471312512445
0.0425850227724657
0.041058379299888585
0.03970703310164723
0.04552555996651573
0.043100620274624815
0.041108693534607464
0.03993825150483312
0.03785854502655479
0.032825748780860024
0.028017084824219645
0.026432941368486236
0.02610326185446287
0.026435531849786992
0.024830223731334346
0.024155998104016314
0.024163871673374953
0.02431806882413246
0.024334089162936074
0.02447964729501583
0.02485466496498496
0.02483375624742434
0.02509143227315545
0.025189123951759457
0.025249328034874237
0.025189269944803572
0.02498379061546591
0.02415578998340442
0.023563756615534247
0.02456710291476384
0.025674708295967248
0.02963062663482208
0.02676196984613696
0.021106829193833977
0.01813037211769477
0.015363913073500855
0.01573912493138559
0.017592210914773265
0.021399677032301632
0.024576239102126588
0.019299533778772682
0.01599876874012771
0.012848035966809623
0.009857387988888806
0.008759513269007285
0.007504797207987474
0.0074297628071388865
0.007592516090751868
0.0067721920329215065
0.006974327174687674
0.008593869481882095
0.007545259899399721
0.006614834399075333
0.005808949276492949
0.0051305817010907735
0.0036893748495858765
0.003482539837408856
0.00348047596179878
0.0036122735389071915
