0.05574108201130129
0.05622020270348016
0.05510583001469692
0.055493534940372805
0.05500747379246812
0.0523883644004889
0.04659206912907727
0.04715524329746937
0.04431701213741096
0.04045407765736079
0.0343289299690243
0.034792025780721096
0.03797532839971199
0.038577082457234436
0.037807526389007105
0.03771660764873354
0.03804617041080397
0.035407298433609846
0.034076074191651644
0.03210616244839789
0.029982837438210053
0.0293602721202981
0.029018135501065783
0.02910964627441947
0.02835742357603447
0.02765874455693316
0.02739592238649718
0.02736283981310322
0.027630888209801273
0.027790558787060667
0.026845761308593064
0.025686668467750595
0.025670704300557637
0.025815845084430068
0.025009742273605882
0.024838713806088448
0.02501700896487896
0.02486717069435387
0.024418126120903983
0.024270722425855113
0.022266767436657568
0.020938964593684505
0.02033129220545649
0.01654184525114714
0.011866289437699904
0.011248656557870617
0.00954754772137771
0.009647056994078215
0.00915317858119965
0.01091709106348038
0.010424898890198346
0.009689421600792067
0.009064628806058605
0.00804743698671729
0.007736775955906858
0.00670406553219286
0.007220318686780796
0.007383445026518878
0.005784875590666888
