0.05541936835524817
0.05588813771628236
0.053820104891771824
0.05533193625982483
0.05292835722958777
0.04897444902945967
0.04433941885639222
0.045624204685610015
0.04366001857756399
0.04550121873100819
0.04127155189901387
0.03925289688726566
0.039246201948893986
0.03845598727481956
0.03483126775288661
0.03088620945091801
0.028150589454925684
0.023822038946588204
0.020137293258926
0.019254815594722675
0.018858893412420565
0.016895002886788718
0.0167177257313773
0.017231659137787413
0.017613571948062023
0.0179435921635578
0.0171098504594679
0.01710086966482059
0.016865250474042463
0.016043893243506777
0.016208048191924757
0.01782673235576126
0.020016159818179703
0.0230780828679947
0.024886206086079322
0.02502154318246317
0.024592325797327175
0.021276265783257652
0.021482421296313756
0.018205158381020485
0.01413689629903329
0.013441363754359111
0.012829744750009598
0.012380679956225386
0.012761035098255784
0.013596482063462229
0.01362891169508971
0.011418510046386934
0.010863200307635617
0.010415914905442782
0.010298222229093951
0.010553180170471431
0.008664644017101883
0.008418845015515151
0.007491265933167985
0.007688922353033129
0.007200747124603281
0.007199787690762823
0.007148804333831683
0.006756985227897811
0.0069601237764052625
0.006970870950085178
