0.05446473150594582
0.05607204709263127
0.05274472764508482
0.05353590738211415
0.05119096715565769
0.04776448597850087
0.051923966183578446
0.05189438266053481
0.05063223870998179
0.04940399930879678
0.04249335431253684
0.036620267252707776
0.03837165382394884
0.04163887883953917
0.03822879044038997
0.035243537246282465
0.034483287982000704
0.03450552231959066
0.03547571900792815
0.03154517749716251
0.03161826745450989
0.031967108826772644
0.031393463213633385
0.03140381736498678
0.03153198853870751
0.03154438022791506
0.031566454688547706
0.03157826151745041
0.0319539942303802
0.03301875708851425
0.0325145404344898
0.03277132516375634
0.03098705716355058
0.028819098217217346
0.02697748947048254
0.026908651404004176
0.028631279588325474
0.02861788015562189
0.025295138103607808
0.025313151856147204
0.025391365865719624
0.026356813925457218
0.026869514311434257
0.02652822071354037
0.0259623548279825
0.0258289766803457
0.025223604580717412
0.01936013276297401
0.017024200784708524
0.0157748049836336
0.015272938243775245
0.014601423915450116
0.013638304384199532
0.012623070377092661
0.012510693728884303
0.012902037271943173
0.011099573185681133
0.010181668932453267
0.010077278405248183
0.009535139488420212
0.008679809193998767
0.008368194791374281
0.007161264628065207
0.00679613499407439
0.006461115172292276
0.006213382012913322
0.006068874959377014
0.00502047397908576
0.0049228020376131205
0.0030457903344996255
0.0030292798086582902
0.003012766869562808
0.0030258729729470894
0.003020681759689107
