0.0571889315538919
0.0553378992004986
0.05366483639089151
0.05312410130705655
0.051284338383447606
0.05142815118858136
0.053003771317866204
0.05362885315128162
0.05216717379754292
0.05149409199405776
0.04878487243182928
0.04115453139622038
0.04022651888256006
0.03856468070317074
0.035084019310318
0.03255135636734051
0.03009477676640938
0.03052538179745298
0.03037688763244539
0.030235402633335684
0.029749531561399263
0.030239529780449012
0.030803998288192008
0.03145368496162863
0.03182667115555928
0.0319006934246108
0.03141798094608683
0.03107243498605522
0.03083704422410254
0.031003158138131297
0.03121294326459171
0.03174552636058753
0.03179323056964965
0.03209199894456443
0.03259877434366058
0.032574375299065615
0.03325241023702693
0.03288615492062437
0.03135342822995045
0.03073604651492074
0.028842755635979364
0.02813489732526998
0.026285684520388403
0.021869937972930926
0.019056539449251283
0.01682402827267745
0.01742321360181519
0.01901262471648469
0.02098927710316354
0.02261784137129572
0.015380228522197082
0.014732773787118007
0.01400515477807661
0.012903536318283977
0.011754972570816181
0.010977428092286764
0.011237311659422988
0.011867736143315266
0.012298176678623169
0.01299963902643545
0.012930863090443502
0.012791597128623272
0.013010646797567419
0.013213586509009414
0.01380738292042198
0.01349405083019113
0.013643924057275025
0.014464052842935287
0.016812078131703257
0.0195505309870322
0.01792578815966242
0.007022725953001786
0.0076401029014412005
0.003654650207047277
0.003112783754607081
0.0030831000061429244
0.0030787751306360347
0.003073945758965165
0.003053350436073121
0.002878642041672329
0.0028355743613206414
0.0028217619720596397
0.0028346550522187455
0.0028402655161379933
0.002852609451402084
0.0029143810311032456
0.0030214318422729647
0.0032049689943867074
