0.04220723761682918
0.04205956682537389
0.04189149542086765
0.04156442101946955
0.04081903220392479
0.039539336871666116
0.037990504070714234
0.03692691403823648
0.03644996953709407
0.03625473025962659
0.03617849243264452
0.036129871814645234
0.03606457711280722
0.035960830388879775
0.035821380655345694
0.03572154083071375
0.03565765710272724
0.03551614829911547
0.03509632316909658
0.03456918050558191
0.03421874244827928
0.03404242933796268
0.033943404949300274
0.03387945946895522
0.03383968094253413
0.033814903062862695
0.03379542165491657
0.03378218685171186
0.03377476789826057
0.03376893128755086
0.033756295086126854
0.033720281836083374
0.03359987810380447
0.03324925305936291
0.03255471988938
0.0315396404530676
0.030485242859353733
0.029565700637242336
0.0288685335740558
0.028349896723409856
0.027799049760183533
0.027051738967617714
0.026045489252362188
0.02522296618342621
0.02479829749856104
0.024667797740456313
0.02464581596495184
0.02463925463499764
0.02462384535194848
0.024514162561562636
0.024365164351796517
0.024257803895370442
0.024206239831762972
0.02418197794273084
0.024170833894568953
0.02416585350718767
0.024164111641618233
0.024161671052446713
0.024151726239333635
0.024127995455210643
0.024084174380741015
0.024011109747824968
0.02394098692432522
0.023913668848648904
0.02390252338764249
0.02389128577041049
0.02388117613921785
0.023870610243488903
0.023865150414271837
0.023861184239063367
0.02385508500489612
0.023848748662179415
0.023845777247776423
0.02384557420016579
0.023844585646465265
0.02383413485949601
0.02362376906192777
0.022437028563333825
0.019953783529230683
0.017783282634580767
0.01668685885133938
0.01616496917532924
0.01575924140733265
0.015338660442082316
0.01491379150673201
0.014564748343794679
0.014241596060591935
0.013942263167912455
0.013676965162324873
0.013534627229592675
0.013476970279566151
0.013453923407451997
0.013352350086001144
0.013153379143953517
0.01289016270066294
0.012681247573643426
0.012537768147596003
0.01244854408994606
0.012393271044669864
0.01231740390104749
0.012153680789691274
0.01175227648212385
0.010856704377237982
0.00925037695197297
