0.042785489805344565
0.042785743963554654
0.042785603991695745
0.04278558981270833
0.042785539842774716
0.04278553937444528
0.042785502285934834
0.04278555041032302
0.04278559656017708
0.04278544767787006
0.042785702933040126
0.04278528286634237
0.04278321763651336
0.04277856072094376
0.04277308807509074
0.042768253733810525
0.04276263711596629
0.04275325409721334
0.042726202262733805
0.0426497134884021
0.042436576143959064
0.04190260849762042
0.04086436294812144
0.039461133250806676
0.037999849084441345
0.036851998268745925
0.03619997396988895
0.03594398915077759
0.035849955413160155
0.03581312341637315
0.0357956725478302
0.03577663821833259
0.035736889865094275
0.03562341615694054
0.035313014901546244
0.034553326806622445
0.03343714611129881
0.03260440793353401
0.03232105725524995
0.032272125629597276
0.03221309954856613
0.03192106138144986
0.03132096301334065
0.0306147688074955
0.029993211655172138
0.029418952581132446
0.02903192886291617
0.02886253228766097
0.028818092744575745
0.028810847629060967
0.028808999451311563
0.028778167901777375
0.028590846027137143
0.028250530136628975
0.028126186979441893
0.02812117777708425
0.028119879006488244
0.02811842914213171
0.02811767639382559
0.028116526521968922
0.02811693885522195
0.02811691087710073
0.028116778510634464
0.028116163458585548
0.028115704083405014
0.028113886613733523
0.028107207957442638
0.028102668720570014
0.027874288180901683
0.02718043198235102
0.02693659314683635
0.026927399800198818
0.02692726570126855
0.02692728482837347
0.026927239768843814
0.026927229615252058
0.026927328287343837
0.026927413866252265
0.026927215072945
0.026926990301480443
0.02692679250483306
0.02692825189168343
0.026923430062773583
0.026919781127795236
0.026909813368233535
0.02689344497167928
0.0268755274717126
0.026863769548558125
0.026854143270412616
0.026849115199137272
0.02684299142926399
0.026826566503120586
0.026783379091022116
0.026630828436308873
0.026171174659923847
0.024995763989373213
0.02279893301600045
0.0205383156661139
0.019414397363416172
0.01913141440658943
0.019085263487727207
0.019082629570868676
0.01908108310780504
0.019080303235595147
0.01907587728812813
0.019073609593275007
0.01907238096457915
0.0190723438422786
0.01907236142224357
0.019072353091528802
0.019072351893811713
0.019072348366358564
0.019072348321480803
0.019072348406271505
0.019072343711391042
0.019072348309613723
0.0190723509265915
0.01907235085226971
0.019072346891772275
0.019072347825336865
0.019072351513372245
0.019072350501701724
0.019072351978500088
0.019072347817179758
0.01907234998935907
0.01907234737382573
0.01907234738675391
0.019072331756018267
0.01907148393638914
0.019070795704916436
0.018308862948647617
0.015560980670972271
0.013626258487734754
0.012744506814973211
0.012336136895853975
0.01217923231745318
0.012055386128498465
0.01192311786549564
0.011659819235325115
0.011255829901465056
0.01071362373680238
0.01014586743954691
0.009639623184236184
0.009332260572010278
0.00914589508667017
0.009048516839277201
0.00898823547990272
0.008952674286753592
0.008924379584230306
0.008882887180065644
0.008845936434223394
0.008823830486700556
0.00882075211190565
0.008820723428466818
0.008820704962908028
0.008820651155457127
0.00882065619902213
0.008820645823377132
0.008820655227142964
0.008820665034217974
0.008820651081539734
0.00882064617822216
0.00882065661075518
0.008820652904668633
0.008820659486720096
0.00882065668470773
0.00882065827830313
0.008820654050610445
0.008820579439184155
0.00882036813822993
0.008817416818337354
0.008810586680934733
0.008753419148234364
0.008721268104386604
0.008721008843341238
0.008721017730932241
0.008719689871121641
0.008697080493193992
0.00863965530316986
0.008564947394071092
0.008342893395432373
0.008086293072187677
0.007966358700278583
0.00792003481508469
0.00789788341538344
0.007871236447536949
0.007805104768169495
0.007603765039723966
0.007327203476416515
0.007192359982631645
0.007178213004311413
0.007178313585907748
0.007157593329101255
0.007060944188030303
0.007037689615311919
0.0069742365849086675
0.006912495862446981
0.006757576284668908
