0.03852020514263906
0.03767955795689612
0.037131200921867405
0.036516785223397734
0.03575167566684697
0.03509797566868334
0.034778333836173486
0.034692034214962766
0.03467053642859466
0.03465658047710039
0.034644254553739554
0.03463268634166707
0.03462339300141478
0.03460852478333507
0.03457781850429205
0.034519544135320664
0.03445128545331792
0.034406469492281926
0.034374182472502755
0.03434432432573377
0.0343355194550675
0.03433282942373906
0.03432296330305965
0.03430352675606174
0.03428250994366628
0.03426584873672365
0.03425106053590668
0.03424473861430824
0.034241230705476654
0.034239868603028294
0.03423927453322167
0.03423863730336404
0.03423785368600207
0.03423546150745868
0.03423187221810039
0.03422998705445616
0.03422995702155557
0.03423004310458065
0.03423001833968517
0.034229919858440136
0.0342298210835249
0.034229668358382995
0.03422928131261425
0.03422897713194556
0.03422886502453472
0.034228787302856084
0.034228753081142684
0.03422867531259399
0.03422842677977227
0.034228082944416066
0.034227829943506836
0.034225722486708195
0.034212797111675165
0.034207199121201785
0.03420705695683311
0.034206738076090946
0.0342068297186868
0.03418883875169714
0.034044382589137286
0.03366874313543558
0.033419668741932536
0.03332992970813946
0.03324187760044889
0.03315488349849927
0.033083745822517545
0.033027455491002174
0.032997775875564815
0.03298222983726497
0.0329738011340754
0.032972164516808525
0.03297223640709858
0.032972163770317774
0.032972034950004364
0.03297101678185665
0.03296978742469004
0.032968382787028995
0.03296721307246664
0.0329657182796403
0.03296499883767955
0.032960588648707746
0.03288726723731799
0.03253002319088682
0.031801732170246295
0.031021951480969166
0.03044293071156635
0.030154349148858714
0.030033298429255992
0.02998288086874854
0.029961897063610545
0.02995371982859632
0.02994246208375835
0.029916994243078896
0.029834118964946924
0.02963803646106163
0.02925235578574543
0.02873252857856456
0.02830838510679854
0.028170702923952073
0.028165238482268918
0.02816267099100235
0.02804731965398824
0.02731816177803002
0.025954773164432208
0.0246413705435804
0.023761537169777823
0.02325781916015882
0.0229291196173052
0.022711263172265857
0.022482181009306823
0.022112878732003568
0.02138124751205582
0.020144280563976002
0.01869798086965904
0.01747595166154803
0.01663125918974115
0.016037651265878226
0.015693909312488426
0.015488910370337112
0.015366737023570495
0.015308569936583789
0.015279684971255758
0.015258015286668664
0.015238601527777826
0.015213174285873774
0.015171162506683515
0.015131218887010071
0.015097081199996388
0.015084659878979816
0.01508046236230826
0.015078856247182337
0.015079071524425077
0.01507887238733531
0.015078917364730635
0.015078920687562832
0.015078915562453546
0.015078908131348935
0.015078909671911419
0.015078908513919796
0.015078892775870068
0.015078893574456954
0.015078894498374233
0.015078897137475879
0.015078916763693034
0.015078912220020363
0.015078985538258457
0.015078990772476228
0.01507893569929803
0.015078990572933859
0.015078787876899709
0.015078625937588819
0.015078293596471379
0.015077960799804844
0.015076724035835133
0.01507161895767692
0.015066898775047933
0.015039437442328796
0.015030783231239525
0.01503073994761816
0.015030758320779056
0.015030746070406236
0.015030746505797325
0.015030748846829837
0.015030761003911559
0.015030763786875496
0.015030758526914696
0.015030762512740131
0.015030763500066362
0.015030763005213886
0.015030760441595683
0.01503076007225336
0.01503076129007021
0.015030764001851047
0.01503075917917493
0.015030759727088094
0.015030761407712293
0.015030692789110728
0.015030587427217133
0.015028105260082476
0.015017670307060232
0.015011291252978443
0.01438283413238255
0.014278171182179654
