0.04278340011284139
0.042783538041179375
0.04278341100562459
0.042783371189296024
0.0427831194379835
0.04278287078634668
0.04278055817805155
0.04277243815038899
0.04273802594020218
0.042665147192302376
0.042605614826304934
0.04257364676544729
0.04256006315232652
0.042550664074502545
0.04254123369179439
0.04253112743247332
0.042513787511964364
0.04249361421681084
0.04245937094700858
0.04240255608125565
0.04230475371262149
0.04212177731756629
0.04166649684393329
0.04037444751798082
0.03808336617462855
0.03625627670295743
0.0355148649967969
0.035327747965309124
0.03527185525801307
0.03525159470974451
0.03524493761160212
0.03524045715698492
0.035235600455911766
0.035227590521430326
0.03522007924209573
0.0352161070882527
0.0352163961814334
0.03521657992422054
0.03521679666157673
0.03521684543233598
0.03521680575647902
0.035216842805248956
0.03521682254579007
0.035216814331129255
0.03521681444565272
0.035216808749975875
0.03521687809995083
0.035216974831454834
0.03521693625116104
0.035216638044367324
0.03521664403893319
0.035217309266915624
0.03521095176697398
0.03514765266599553
0.0349452859533294
0.0345410113625083
0.03404919076340819
0.033600497199082986
0.03328521617648382
0.03307783672980126
0.032829947731687424
0.03237742802097902
0.03171855990962883
0.03098681206043972
0.030220722786235374
0.029470400640260824
0.028750853133521333
0.028183629592688213
0.027752224969577237
0.027457651133793216
0.027188359809608653
0.02700953281609471
0.026952156541260784
0.026950318021863474
0.0269505680853195
0.026950924067019724
0.026937439070099534
0.026857317479757697
0.026499812998208864
0.024959940651598914
0.021435499192346774
0.017785294368989575
0.01565408131438403
0.014892455446574058
0.014641305757288286
0.014554579878927023
0.014478330299721818
0.014384749229720823
0.014251800825575487
0.01408331429582391
0.013906775209423964
0.013749482847360382
0.013641042202107396
0.013563212953300307
0.013509139960642529
0.013473879262404799
0.01345429707940819
0.013433511228366338
0.01341149465940378
0.013379099141949003
0.013323587667813722
0.01326127289522756
0.013232370121964617
0.013220787951005897
0.013216783448730975
0.013210579156760209
0.013204481048839775
0.013202313621547489
0.013202310749548318
0.013202256646484566
0.013202051181757081
0.01320185235835022
0.013201834886439258
0.013201812232058774
0.013201814008383798
0.013201811443734023
0.013201812756664313
0.013201783847549008
0.013201789137229638
0.013201786079661458
0.013201817143106321
0.013201723780868056
0.013201086659128726
0.013198938236258652
0.013197731877816834
0.013197522096383368
0.013197411368787472
0.01319738212170798
0.013197394003897944
0.013197353449976986
0.013197318965456596
0.01319729930438656
0.013197292471894159
0.013197362847560002
0.013197033419260117
0.01319595623551637
0.013195569756610851
0.013193815547588176
0.0131835145709929
0.013166891306985612
0.01316545019345955
0.013152945923686186
0.012955377911332486
0.012518171400105534
0.01212994109999524
0.011950886915374024
0.011861033497424267
0.01181316347800774
0.011758908847913193
0.0117095836724872
0.011636890524567537
0.011514107857744349
0.011332789345607589
0.0111902144080067
0.01113947026985276
0.011023875803684966
0.010426619865183888
0.010203485978601635
0.010198443407658174
0.0101953104704903
0.01019515430224068
0.010195122770567281
0.010195093231643042
0.010195088136671469
0.010195081616326295
0.010195079816700502
0.010195082525837016
0.010195082897180505
0.010195085749454783
0.01019508333992717
0.010195083736000294
0.010195080401375902
0.01019508132908994
0.010195080888761565
0.010195077897660087
0.010195079789748943
0.010195081215150397
0.010195074148734337
0.010195083413765233
0.010195077276186456
0.010195081647115963
0.010195081809195816
0.010195079161111483
0.01019507977776959
0.010195077670270926
0.010195077127739403
0.0101950810130499
0.010195082019006638
0.010195079420824779
0.010195081623176856
0.010195078999238187
0.010195078223905873
0.010195073262441385
0.010195071749611477
0.010195078903501114
0.01019508744458856
0.010194795531316178
0.01019409579703459
0.010193635825941485
0.010193604287608961
0.010193498535732596
0.0101931031542394
0.01019257755588667
0.010192282104231218
0.01019213355697287
0.010192039426687357
0.010191954317577395
0.010191194936407372
0.010187168320216558
0.010181277901738306
0.010176485510088436
0.01017418740637448
0.010175153506170518
0.01017599952270096
0.010177680199694734
0.010177556253766823
0.010172246667613603
0.010136406223123538
0.009984275719170177
0.009666010254506354
0.009368429393914692
0.009234202048037318
0.009196593730194031
0.009168285632069714
0.009118201548468569
0.009066809706865278
0.009038479778017531
0.009027316075839946
0.00902153571876812
0.009020107142632886
0.00901997477589908
0.009019952897818524
0.009019885737866279
0.009019728740851737
0.009017855708390289
0.008971929317807825
0.008914411050483092
0.008901749612498875
0.008898416198031434
0.008896808514223694
0.008892980379780311
0.008890144044762011
0.008889427768303905
0.008888423432180511
0.008887007790291935
0.00888620414761817
0.008886020391901157
0.008884645755697102
0.008852083860529552
0.008800732792866906
0.008773553155413241
0.008753350901186589
0.008752020527578655
0.00873845757605162
0.008607174698213396
0.008187683682014677
0.007654232372162019
0.007413662930014141
0.007349384002526184
0.007327629293901991
0.0072645164791418915
0.007043136174501521
0.006567460700502856
0.005945959997962716
