0.04217357789750759
0.042032446812091395
0.04190248458686021
0.04170547385292999
0.04131198808956785
0.04062571406359878
0.03948808394955485
0.038106304323451703
0.037027465360269976
0.03645575555699701
0.03621511595652485
0.03610166188862176
0.03604441002869823
0.03601385072878851
0.035995051548818456
0.03599155534351016
0.035987133115135836
0.03597322123817751
0.03593652058894651
0.03586140813775305
0.035719593687488435
0.035491016915908995
0.035190646996819196
0.03486630381073449
0.03457402922928134
0.03433492511562685
0.034133694020644936
0.03399054914737298
0.033775188565117985
0.03324752276959749
0.032118366272280256
0.0304463376050319
0.02884680184330877
0.02799685428042986
0.027702904875362776
0.02759841019936979
0.027565942491493828
0.02754944561708728
0.027538038985242312
0.027528586402290178
0.027522416399667526
0.027516837329251555
0.027492235869139278
0.0274459366102243
0.0273230016556211
0.027093120997090298
0.02685771070313844
0.026738780897718747
0.026711453541727763
0.02670197611897886
0.02669619823764289
0.02669348646588835
0.02669284519986743
0.026692650974661277
0.026692640211310403
0.026692432100152607
0.026692162719741796
0.026691692124436343
0.02668996545554513
0.026680212463649468
0.026640507781313754
0.026607266543975126
0.026584273680154178
0.026529431107693166
0.026475602158080747
0.02646608444738885
0.02646588220699126
0.026465853937101904
0.026465852278834044
0.026465851484148817
0.026465852491883227
0.026465852189037412
0.0264658504706872
0.02646585224345843
0.026465857312042276
0.026465870159191652
0.02646582796746748
0.026465893772177923
0.026465490266634112
0.026464055437321835
0.026459921880510513
0.026456588653877417
0.026456660240424257
0.02645866276841613
0.02646371167786217
0.026463755238239482
0.026446935748492852
0.026352525684803917
0.026034878295113917
0.025598843925699978
0.0251711086750741
0.024642959385691884
0.023901832208004455
0.023041387857028587
0.022232736796655973
0.021684195551017284
0.021421046931711547
0.021241353422899675
0.020759483121056792
0.01996731284621495
0.01924236063010087
0.018764299204170762
0.018500856859433094
0.018334244595498712
0.01817185654602084
0.01789754871030752
0.017505570311058278
0.017084558137130543
0.01678950237897003
0.016655033758966077
0.016603662218092483
0.016586702579208613
0.016582837630277947
0.016581056865508776
0.016581288714243973
0.016580337243420076
0.016579980957261188
0.016576441277944626
0.01656869449853294
0.016563968646686404
0.016558072400930074
0.01655537654636588
0.016555271905580277
0.016555276672920907
0.01655526945013028
0.016555283822239145
0.016555260001643264
0.016555257173575
0.016555237214661817
0.016555237928275325
0.01655525546761945
0.016555247275064206
0.016555246007771234
0.01655523063887357
0.01655522593415547
0.01655520960549598
0.016555200356503295
0.01655517818064077
0.016555059946053455
0.016554967070794253
0.016554985134136956
0.016554373093266496
0.01655296454496948
0.016541162702090384
0.016481520780881026
0.016356505460059925
0.016179828117537383
0.015979301551050963
0.01577756826348985
0.015636740116904586
0.015484934242519918
0.01527684031251501
0.014837601197574242
0.0142165863818425
0.013434475944829114
0.01264788672863366
0.011822242399573296
0.01113240144417269
0.010458601593354919
0.009926475434515372
0.009464034967731978
0.009128174669307742
0.008965633806343116
0.008943683278532434
0.008943072998841107
0.008942044767753605
0.008942039750328938
0.008942018912083299
0.008942024740949484
0.008943178001299535
0.008917443234790743
0.008806596349820242
0.00880613752635415
0.008795378674352088
0.008789987677323486
0.008788879765966099
0.008788477557668374
0.008788540483196348
0.008788466593275918
0.008788186953981184
0.008788161724510605
0.00878804079660438
0.008787960166764744
0.008787494527249527
0.008783984807343789
0.00878038697614002
0.00877925918393148
0.00877928365138697
0.008779242660558
0.008779256160523318
0.008779260970394312
0.008779243981711848
0.008779233666834342
0.008779231792737848
0.008779232902735603
0.008779237505742705
0.008779230616399342
0.00877923334540069
0.00877923310702247
0.008779235459319246
0.0087792426361527
0.008779233273839924
0.008778865887151422
0.008778197280129142
0.008775525786738512
0.008770242057197107
0.008753540786094846
0.008753441732164876
0.008753545396557611
0.00875354630934406
0.008753317638332477
0.008753323202402014
0.008753044606565206
0.008750756460277738
0.008588522938943407
0.008034742778491031
0.007662376794041338
0.007496531775724154
0.007422116656873261
0.0073779737988193045
0.007334904587790172
0.007289438270761538
0.007234800539172513
0.007188823982397416
0.007165169020999323
0.007155990812340575
0.007152998901640936
0.007151965476133521
0.00715160605411939
0.007151830513689113
0.007151972183285691
0.007151770686895762
0.0071507056063726425
0.007097985885015262
0.007053183523398057
0.007052208475131825
0.0070521954496869065
0.007052154163068298
0.007052154073593205
0.007052152675195895
0.007052152020560097
0.0070521543142476615
0.0070521521717972595
0.007052152756168553
0.007052153751564129
0.007052153850713745
0.007052152640182592
0.007052152799055224
0.007052152946916227
0.007052152396428473
0.007052152002894292
0.0070521534512912026
0.007052154421099998
0.007052154689410829
0.007052158974857099
0.007052157072576497
0.007052157078374214
0.0070521419764406
0.007052130707735937
0.007052134302481001
0.007052128948777815
0.007052138234762123
0.0070521300298492925
0.007052132602599706
0.0070520198494377455
0.007052059441455904
0.007046128444814173
0.00704570990934475
0.007043802555258177
0.007038477146391695
0.007024469167308773
0.007006891649266315
0.006994620157714101
0.006984537724103436
0.006978831322933994
0.00697706183796591
0.006977035374235942
0.006974828326318328
0.006961014073183671
0.006953583463274059
0.006552981904057305
0.005177421845291853
0.004645553032022663
0.0045347738495811
0.004347940652147914
0.004133073428602847
0.003909861065787426
0.003749439652064777
