0.04471055269840433
0.044710602851998606
0.04471057611669569
0.04471057342303141
0.04471056085211434
0.04471056220733468
0.04471054550020326
0.04471057613373505
0.044710603667443574
0.04471058734856458
0.04471059363633247
0.044710594721663534
0.04471059514349302
0.044710595108704794
0.04471059506004645
0.04471059444991825
0.0447105944212428
0.04471059429443245
0.04471059407470858
0.044710593034894684
0.04471059301751564
0.044710585949125616
0.04471055434625469
0.044710502399786065
0.04471024190045355
0.04469022066595568
0.044312014969294766
0.04230689257602902
0.039142495850149825
0.036758973610615746
0.03560637782273263
0.03524499773360564
0.03509604706132317
0.03495693820734602
0.03478881898652605
0.03459518273005133
0.034380600074380145
0.03408211624977195
0.03360950615580985
0.03284161447156049
0.03196724515019459
0.031365479933361855
0.03109081385338653
0.031024344323497835
0.03101480752988028
0.030942786310824116
0.030865490016959433
0.03083564840312228
0.030831154960247426
0.03083097009700576
0.030830949073449933
0.03083090868317508
0.03083090670236447
0.030830909959289395
0.0308308580280759
0.03083063383457814
0.030830432759994746
0.030829422958843472
0.03081806117339537
0.030807229715231508
0.030800151624693812
0.030590517308633262
0.02997473157345383
0.028691754661223434
0.026891211001795024
0.0252169761456497
0.023972452102252583
0.02315780426020444
0.022349937243978508
0.021558157889977288
0.02096095665008758
0.02067171502379727
0.020541753508675646
0.020489706561504322
0.020444638976436606
0.020409270614919497
0.020386035376279286
0.0203718013986768
0.02036186160699639
0.020357207902881064
0.02035306255947487
0.020348270249974845
0.02033736663665029
0.02031976961581025
0.020305717955331898
0.020302687450896494
0.02030012851413755
0.020295054168238992
0.020291842845012797
0.02013507431239756
0.01760868821651619
