0.037709141580414454
0.03681551408449918
0.03640756303137938
0.036137922145024766
0.035895358098859034
0.035713640417660154
0.03563135450211898
0.0356121388336477
0.035609523417930444
0.03560832901830487
0.03560630598557959
0.035597075471088854
0.03557849736886668
0.03554216373114225
0.03550138870293276
0.03546344961725262
0.03542866692366974
0.0354059035226685
0.035393737034741676
0.03538901797815259
0.035388177038169676
0.03538821578587066
0.03538805677648434
0.03538769419912048
0.03538755144156576
0.03538744980303861
0.035386542661401954
0.035386471657925196
0.03538643074659697
0.035386250296770484
0.035386302202944836
0.03538622881165703
0.03537969320670995
0.035338428991206754
0.0352711273057467
0.035234863322748125
0.03522755258604941
0.0352268550048783
0.035226821500087255
0.03522678786033629
0.0352254170820528
0.03522079618257412
0.03521104998174966
0.035202757831391894
0.035198387488280906
0.035196133075990066
0.0351955759822943
0.03519519537154539
0.03519444052059362
0.03519374079360073
0.035193669254238426
0.03519376298534917
0.03519364215233702
0.03518698288356322
0.035097580173297116
0.03465656623885206
0.0341866835568824
0.034045036422623354
0.03403165429656085
0.03402910022617266
0.03402786677588926
0.03402697565884013
0.03402648615138392
0.03402519090656581
0.03401667310178623
0.03396046391034034
0.03355433271778401
0.03203329982893859
0.029313390172678967
0.027220788889930837
0.026443989209350437
0.026282456709759462
0.026253031758371147
0.026250408335005505
0.026249578468312995
0.02624967783038464
0.026249650207216726
0.02624934531189049
0.026249361332595957
0.02624926558039343
0.026249176385189713
0.02624918466362858
0.02624906896396
0.026249966626479593
0.026232515005708584
0.026199102605776067
0.02612673042359441
0.026014173757570452
0.02588109050302397
0.025619327351205652
0.025008081918884376
0.02380318706900395
0.02219527628181303
0.020949813351396614
0.02043213201949348
0.02029941546056665
0.020283831467700433
0.02027277390152406
0.02018979687532385
0.01995258177260966
0.019304047966803538
0.017844626800142024
0.01602361326630064
0.014558014961097881
0.013690495776454162
0.013093059110300218
0.012267559250733485
0.011245780837525168
0.010499027411811631
0.01015103502555307
0.010050574599959824
0.01002799650102715
0.010025543526303566
0.010026580567940101
0.01002790654032383
0.0100308262398283
0.010031134071717096
0.010030894250493427
0.01003090027386201
0.010030880138913713
0.010030856911703724
0.010030859142008972
0.010030892781345785
0.010030952897164455
0.010030987785725538
0.010030995615014325
0.01003100600037844
0.010030783630965753
0.010029301375332821
0.010018837535258594
0.010002546099010167
0.009998864211413591
0.009690389651015773
0.008696497212176616
0.008285581290412765
0.008219646435628369
0.008218650408668288
0.008218575436752314
0.008218565215866539
0.008218576211372864
0.008218580042225676
0.008218575998284364
0.008218580245352113
0.008218577355252027
0.008218574689024571
0.008218576808629946
0.008218582067485174
0.008218571192821442
0.008218599986507152
0.008218451143960073
0.00821816931879941
0.008216904419646278
0.008216796980111593
0.008216818879052089
0.008216789170458372
0.008216677539908223
0.008215516757403722
0.008205230495962796
0.008115934850617595
0.007613072605268058
0.007369326682601686
0.007323102431317469
0.0073127135503773845
0.007308782279221778
0.007307852417352899
0.007307776944686917
0.0073077048843232
0.0073076998754784735
0.0073076815507171254
0.007307672152135166
0.0073076697683675034
0.007307645636013418
0.007307686759037293
0.007307709466895994
0.007307699690856951
0.0073076947943424815
0.007307686968977504
0.007307336948398995
0.007305281175447706
0.00727757563523679
0.007238109217455051
0.007200765160589093
0.007177698826698464
0.007166879014654897
0.007160299017842712
0.007160058467107924
0.007158776080074473
0.007125474564126833
0.006795905349408436
