0.03876960218501256
0.037937220391044316
0.037496353720558956
0.03713584297327028
0.03675586040092349
0.03647087072219187
0.03636658380889353
0.036356238629752
0.03635713793320497
0.03635758187893483
0.036356721603983407
0.0363553842401321
0.03635383914855263
0.03634713443114268
0.036318888515241114
0.03622632493047943
0.03604427421714032
0.03584087169836268
0.035680719576143764
0.0355729293660367
0.035510533577621205
0.035478211443468965
0.0354474000940171
0.035374074878865715
0.0352079457354672
0.0349311357100696
0.03455352515308067
0.034217723504517544
0.03393189319982752
0.03355241205736902
0.03289043425402133
0.031820857035537574
0.030459322993771732
0.029327315195707828
0.02867431131770656
0.028158008195043768
0.02750903849846804
0.026873691955821247
0.026472502606339203
0.026272483607744722
0.02618267357927228
0.02615199810024079
0.02614230106801512
0.02614074652196646
0.026138654003121153
0.026127584096974382
0.02609929023794834
0.026065941630893676
0.02605412478462366
0.02605286152072393
0.02605276595153443
0.02605276602464711
0.026052765504077695
0.02605276817132906
0.02605277237958409
0.02605277395597348
0.026052775069247296
0.026052775156931943
0.026052775763327426
0.026052775278223056
0.026052775586326876
0.026052775239981667
0.02605277456260478
0.026052783464982833
0.0260527795810416
0.02605275190162192
0.026052796241319474
0.02605286473386571
0.026052758443460746
0.02605344337364271
0.026052215808554553
0.026049394170440814
0.02603720266146646
0.026013005746397356
0.025977051901291365
0.02592921125283454
0.025857941429029467
0.025751599443972553
0.025546154843381266
0.02511244556100021
0.024338085868626676
0.023180160875281478
0.022026741610348267
0.020417413983802125
0.016870215037460404
