0.04270409226503963
0.04270448311021506
0.04269998884767318
0.04269246334536275
0.042667247175154986
0.042603346436252305
0.04244335505073449
0.04217666871385043
0.04190706020589459
0.041763255818446296
0.04171570415907522
0.041685096424277666
0.04166776022306034
0.04165768064893624
0.04165061639748389
0.04164384761254847
0.04164254233144096
0.04164142502037286
0.04163510542800381
0.041628586128219326
0.041512958708653847
0.040931433275125655
0.03993649011139797
0.03901073038856153
0.03846024122919879
0.03818405608382459
0.03793373664263711
0.03767161738704842
0.03740900962309678
0.0371834280473338
0.037009104155799596
0.03691907133268607
0.03689029306513069
0.03685413704831367
0.03673297411210856
0.03642823844772889
0.03603091498697672
0.03560605525858163
0.03423406600863555
0.03155309810081349
0.029791858929561807
0.029394247566113807
0.029333205959601993
0.029294230951719437
0.029276545894413922
0.029258596908329784
0.029235166240070685
0.02918629597223367
0.029139148454156397
0.029109291963094124
0.029095267094305217
0.02909128805570205
0.029092248512849465
0.0290908656898053
0.029081716952973555
0.029052151140910656
0.029009625798909967
0.028956320325263983
0.028919357277410677
0.028866233294803548
0.028812697608502736
0.028784527424321867
0.028774717274568578
0.028771624131698387
0.02875822451630797
0.028740852776600566
0.02871426897434428
0.0286931378644042
0.028676577728320725
0.028669422462911213
0.028664013320859348
0.028653803845415653
0.0286274280963337
0.02855068375883549
0.028296413195204376
0.027535255475710983
0.025679134786476973
0.02258545058111253
0.020017526697949786
0.019154383544460103
0.019014134755956053
0.01900842197592351
0.019009171773638346
0.019009324482794954
0.019009282860778742
0.01900898448244269
0.019008624201867264
0.0190080144812338
0.019006855986268292
0.01900564583742951
0.01900429890878592
0.01900413578066587
0.019003631029639714
0.01900358316333312
0.01900362061058846
0.0190036134448164
0.01900361468991162
0.01900361252464806
0.019003609855163358
0.01900360667307802
0.01900360754956531
0.019003604386218308
0.01900360391932517
0.019003604398180614
0.019003610113351756
0.019003613111862966
0.0190036070885504
0.01900360896032238
0.019003613753268575
0.01900360547915206
0.019003593147257965
0.01900383249771909
0.018994533103248185
0.018931999292051332
0.01880731773334234
0.018678901366588545
0.018584444195686216
0.01853889269650177
0.018501312452972655
0.018477367472226534
0.018437470575868746
0.01831876699776841
0.01805441554621951
0.017747542632891498
0.01755552510003695
0.017513306866797754
0.017510993806522344
0.01751057998364718
0.01751045236427855
0.017509102272236666
0.017506034149167876
0.01746737747075585
0.01722503817497425
0.016795894486298438
0.016522577922951975
0.016302928315693237
0.01603074315872393
0.015827637857411442
0.015541368272637681
0.015136166942253254
0.01444006197779707
0.013610157821888381
0.012821950865050325
0.012245298702872909
0.011878749311991945
0.011715994080368117
0.011638816897559722
0.01159356822585435
0.011562391736304979
0.011535375147617084
0.011504737484686663
0.01147208203576039
0.011460848360015458
0.0114582063923668
0.011458290173733468
0.011458125686165112
0.011458100623997127
0.011457281018609421
0.011457149100042825
0.011455120660309522
0.011450634501025335
0.011368153646122474
0.01136809607040044
0.01136768287265323
0.011367684035758146
0.011367686209786227
0.011367681003726158
0.011367678491609112
0.011367683658916078
0.011367687553587608
0.011367679416443472
0.011367685380624918
0.011367686823420806
0.011367683790484156
0.011367682680557217
0.011367680867835406
0.011367685023525347
0.011367682293747619
0.011367679275537454
0.01136768643355135
0.011367688318293547
0.011367681922294726
0.01136763720577456
0.011367048245872084
0.011365291332266065
0.011305070884978343
0.010218718972002314
0.008618568614369807
0.00786886820687155
0.007652363334780234
0.007592815892737432
0.007578475129227537
0.0075712871273224715
0.0075657428747296935
0.00756112593994858
0.007557983345371052
0.0075576891814935505
0.007557662304152817
0.007557976525615463
0.0075579109595209715
0.0075578902607766115
0.0075579605331093785
0.007558105574209454
0.007558109757092897
0.0075581178321877
0.0075581054666887595
0.007558170339135767
0.007557902962169391
0.007557477363153369
0.007556196333092084
0.0075554814134664834
0.007554137903190349
0.0075536351914658375
0.007553637803044014
0.007553684124381671
0.007553658697112722
0.0075536456857180825
0.007553638083565343
0.007553628545979629
0.007553620092167359
0.007553638339626579
0.0075536204113429515
0.0075535880578731585
0.007553580983152221
0.007553588591748139
0.007553588952106355
0.007553590495335885
0.007553616246528865
0.007553018252318906
0.007549290094351963
0.007547865548278433
0.007547864122580164
0.00754784183689087
0.0075480789079745295
0.0075453085689536235
0.007305528702840919
