0.04261901112468065
0.04260608313543211
0.04258231302757751
0.042540059149090086
0.042437293597163334
0.04225297388686415
0.04200549954656242
0.041828717011433224
0.0417669642117934
0.041753301835697254
0.04174649192505539
0.041738803568033174
0.041734636169193165
0.04173291913122515
0.041732274044981615
0.041731977137433846
0.041731567116104165
0.04173053848625292
0.041728755364112774
0.04172635593516776
0.04166690388485863
0.041391755194588195
0.04096326209694563
0.04060733658270651
0.040422409400607276
0.04033229495404317
0.0402118592963657
0.04005537626779891
0.0398669335521102
0.03969018983530022
0.03959383362843613
0.03957565560987726
0.03957556559403183
0.0395733154681992
0.039569839961880605
0.039565713787913695
0.03956158921478976
0.039557556585122534
0.039487508055087224
0.03890450864193638
0.037396182443224874
0.03618014488728627
0.035030309750186055
0.03299297943257734
0.03225711798822542
0.0321817970733313
0.032154445611556434
0.032103589688495845
0.0320684421910569
0.03205670478952129
0.03205462374890607
0.0320540992559143
0.032053939707722724
0.03205383570912696
0.03205337143123567
0.03204029514730093
0.031994407037650115
0.03191653268409816
0.03178407264986658
0.03167772784954053
0.03163292528905974
0.0316176417575461
0.03161434055614924
0.031613475841927446
0.03161304391352304
0.03161304110975527
0.03161306439984796
0.031613065854205875
0.03161195965889504
0.03160676757020151
0.031580642134138366
0.03152763018234649
0.03144157031490532
0.03135188518625935
0.03132472021859681
0.03127808260149553
0.031260153112015396
0.03125517763750852
0.03121644697112741
0.031143263862523942
0.031003180717727983
0.030694087804519415
0.030272636533618166
0.029931419685192816
0.029719740669693406
0.029598182191610835
0.0295283600881303
0.02949396973094047
0.02947400704530992
0.029462965550339334
0.02945278251773255
0.029389837782789356
0.029174813030206408
0.028834528421647236
0.028403209779113456
0.027913631429657196
0.027095566920126532
0.02585803893405177
0.02442703241745056
0.023457522705426344
0.02308441027344168
0.022966897667375304
0.022804332558481685
0.02247310346041967
0.022056117498934335
0.021685394080646708
0.02141182434583872
0.021116682591571588
0.020818370591454367
0.020598408549933032
0.02050241662357057
0.020482805940415724
0.02048145217714548
0.020479692366132535
0.02047727017954417
0.02047635547244994
0.020476110335416513
0.020476051635451284
0.02047603094397048
0.020476029952205765
0.020476048129689405
0.020476055981742108
0.020476092858349573
0.020476024755916998
0.02047601824798471
0.020476018695508705
0.020475994816735055
0.02047600797241189
0.020474734702009625
0.02047042626916595
0.02011209379916672
0.01906035828196773
0.016946799163541325
