0.042691983659638486
0.04269205725472881
0.04269201710171558
0.042692013538075564
0.042691981783531924
0.04269198037196378
0.042691898065163346
0.04269211514197544
0.04269202249179846
0.0426825244525854
0.04263122236525775
0.04242822766725395
0.04197589630503147
0.04131130768263128
0.04059324661808021
0.039958251622048746
0.039445870119436365
0.03892168392209428
0.03836948734049968
0.037875819692367634
0.037362957974890726
0.03676766792275933
0.03627162000093782
0.03593028877989337
0.03572042867203047
0.03560069203380052
0.03552792838186848
0.035487535937194434
0.0354652695565735
0.03545285780859779
0.03544612422762382
0.03543906363965492
0.03542361064473985
0.035399894043829365
0.03538233185109141
0.03537494950491505
0.03537436167351139
0.03537441026599541
0.03537350211388747
0.03536860501938559
0.035361118821779364
0.03535510676936243
0.035343010949471294
0.03533374691770912
0.035279263404605674
0.035013773158002956
0.03408962444261255
0.03202398857037168
0.029731271026290997
0.028259474547197044
0.027516885192433935
0.026963453461221698
0.026522758061235923
0.026223000296835032
0.026051628005231767
0.02595334213785557
0.025905855808495498
0.025884342355273898
0.02587429085417108
0.025868966881693812
0.025862731043647256
0.025852701398109117
0.025845854356910045
0.025841194800744507
0.025839072564750022
0.02583184878088328
0.0258143394348929
0.02578426320572839
0.025745199527478845
0.025723894740344956
0.025715223314486283
0.02571264256298453
0.02571208700911429
0.025711882150915053
0.02571131664719833
0.025710142022891368
0.025706975217974225
0.025699779660730945
0.025692899849976657
0.025690346195182758
0.025685698704678885
0.025665844198904778
0.025647990745900937
0.02564450963518415
0.025645007515401913
0.025645510067678158
0.025644703138109744
0.025644833924451327
0.025644742582728287
0.025642986548583224
0.025637106804744545
0.02559921282721183
0.02539468191987444
0.02475688556605568
0.0237204843321596
0.02280633983045335
0.022393415616369337
0.022248226304386085
0.022203141197173468
0.02217293671339204
0.02215306551626444
0.022140266875149826
0.02212451434464686
0.02208029796197113
0.02193730196245308
0.021611380151182188
0.02058934352406735
0.018244573082508868
0.015087130609536087
0.012407527677924421
0.011025064659494937
0.010526928574541874
0.010360474148396972
0.010207679630747469
0.009979580868701377
0.009464546154582873
