0.04374056819004674
0.04374057078027675
0.04374056858476018
0.04374056812100731
0.043740565059172086
0.0437405656158516
0.04374055686086575
0.04374058942479808
0.04374065218120627
0.04374044923139544
0.04374051316917975
0.0437384929026691
0.04373005723546176
0.043712728434703405
0.043692618214784394
0.043676146288965344
0.043661708649606217
0.0436398696279391
0.04359379989413875
0.043513043370629105
0.043406591880889606
0.04330563435202285
0.043231983893597004
0.04318063390284548
0.04314041567265508
0.04309712285284526
0.042981431465770666
0.04277850874766333
0.042485919816032613
0.042185298949193664
0.04166716063583616
0.040717751107288015
0.03927422566494835
0.03751296916654952
0.03578760649228879
0.034307631768572704
0.033256369379165325
0.032550202841446045
0.03209913138266734
0.03180264937481324
0.031604626926462605
0.03148810229545521
0.03141738743024067
0.03135218311814378
0.03128314411399092
0.031190218536379502
0.031063323473513187
0.030683399526736578
0.029711067505761378
0.02835741196861759
0.02732274622315373
0.026776526018712447
0.026555064817120562
0.02648608831206553
0.02647545302635301
0.026474553474293127
0.02647460638466872
0.026474581692377767
0.02647358304450255
0.026451187923843468
0.02634748604515537
0.026053454217134252
0.025487517409546204
0.02488513343815055
0.02418604325355262
0.023302572276070854
0.022499749728720278
0.02028282950736461
0.01694146384068084
0.014465274459640737
0.013733038116897673
0.013597068277413337
0.013530523966614864
0.01350571817266593
0.013498551385618854
0.013494161224357724
0.013487734919059677
0.013468684728659279
0.013413697716505978
0.013323654318781743
0.013256767804921462
0.013251743094055395
0.013242959049436806
0.013193219066657744
0.0130224859853614
0.012856385369831642
0.012832195107664347
0.012787607705072033
0.012789079256393542
0.012776262346533672
0.012770759329118801
0.01276585341078994
0.012765230084399778
0.012765273593591768
0.012765293120637403
0.012765297148100948
0.01276529192723505
0.012765295903173284
0.012765292640452848
0.012765293048423354
0.012765293850601126
0.01276529614456012
0.012765297248867517
0.012765296678517947
0.012765296810165402
0.012765293988488786
0.012765293751832996
0.012765295847153897
0.012765299115245442
0.012765294445333935
0.012765292912268038
0.012765296133219096
0.012765292414722518
0.01276529341334597
0.012765299910234333
0.012765304694344145
0.012765294479822609
0.012765297020192582
0.012765293097026153
0.012765299568730019
0.0127650153881442
0.012764963142359823
0.012764422554912561
0.012763878243930504
0.012763834210892052
0.012763821753544655
0.012763824093508533
0.012763825027889072
0.012763822476524547
0.012763825934248383
0.01276382929391202
0.012763825282729818
0.012763828368740364
0.012763823420697937
0.012763821288978197
0.012763824964849405
0.01276383033886428
0.012763825900820189
0.012763824547814115
0.012763825171440708
0.012763822484099583
0.012763826918457401
0.01276382372700002
0.012763830513461557
0.012763836213038407
0.012763773622008815
0.012763495457996005
0.012763261436436217
0.012723541032221362
0.012592831021703587
0.012539955517472605
0.012499094273154453
0.012438861777298572
0.012391292684884593
0.01235541577579045
0.012328507275256544
0.012309637915521372
0.012296576117682548
0.01228899848867635
0.012278387367095618
0.01225516471091557
0.012196504199250594
0.012142946123721462
0.012129732690083654
0.012129188221615874
0.012129243880886856
0.012129559283035059
0.012129494792872854
0.012129491985356516
0.012129510901726127
0.012129547292622774
0.012129089338534
0.012126650849903017
0.012115933000176727
0.01209813949346739
0.01208860581999468
0.012086464647649904
0.01208237894963094
0.012080921192933873
0.012080929817265782
0.012080844585417274
0.012080805172846107
0.012080799921689889
0.012080789882581584
0.012080796114316584
0.012080800384700522
0.012080795091486853
0.012080795390847231
0.012080798570874733
0.012080796784531868
0.01208079673643161
0.012080798625410725
0.012080800306540879
0.012080794953248281
0.012080797503415239
0.012080796879769084
0.012080797357606175
0.012080794617045202
0.012080800684760933
0.012080800387222692
0.012080797332438395
0.012080798399142834
0.012080800874268393
0.01208079923544255
0.01208079671236433
0.01208080005412364
0.012080795347609145
0.01208079861726441
0.012080795366926503
0.012080795751534788
0.012080796140240957
0.012080795826930056
0.012080799114658753
0.012080792534737044
0.012080796335525357
0.012080897969126167
0.01207813550580511
0.01207263036833158
