0.04374054381820372
0.04374059797158303
0.043740541722589024
0.043740525655912826
0.043740403221943544
0.04374032417916617
0.043738788807082374
0.0437300541589151
0.04363785266769589
0.043049062002206644
0.04138165538899117
0.03953670565454321
0.03874159605460382
0.03846379938791022
0.0383280784016264
0.03817293434255688
0.03801962123161126
0.03793474977038845
0.037873390139060784
0.03784360597312915
0.03782132901655237
0.037772908251930255
0.037644436580136484
0.03736423633003125
0.03687445176680613
0.036261377326161366
0.03577800549842096
0.03552320941410446
0.03506440101073464
0.03384809983669509
0.03202650034386159
0.03050162978847032
0.02975833638972573
0.029494362636967093
0.029416821196341123
0.029395610634134674
0.029388851608289877
0.029387914826988167
0.029386286615687443
0.02938387436001824
0.02938262784651011
0.02937844062919614
0.029365010306882256
0.0293515546806846
0.02934361847554067
0.029338140724103467
0.02933718691436888
0.029336936045367776
0.02933691878219857
0.02933688925100936
0.029336855384425032
0.02933684271804797
0.029336839060329356
0.02933686487798285
0.029336862058449494
0.029336966142035355
0.029336936974388612
0.029336917047763447
0.029331197631412988
0.02928302647158086
0.029234545801775685
0.02914313666649274
0.02912952016791795
0.028490186508407053
0.025347354374330243
0.023978331351208144
0.023388847445587443
0.02259725143891219
0.02182883697294312
0.02136910414251146
0.02112550715751113
0.020976852919202798
0.020831371016496573
0.020689133209414852
0.02049877806138229
0.020250839337615914
0.01994172880424469
0.019575407230960462
0.01916392357980664
0.018795762956072624
0.018469448114163324
0.018217644986506475
0.01802115091178717
0.017864882282046524
0.017746593376310113
0.017665955519143153
0.017604101553511053
0.017543407727530276
0.01746031521458246
0.017386395331906557
0.017347546691344896
0.01733659720990525
0.017334229643145654
0.017333671632454757
0.017333400832156207
0.017333527884039118
0.01733363138283682
0.017333648729514012
0.01733361081554086
0.01733367417579555
0.01733375494888938
0.01733326526920222
0.017329928538557034
0.017311112249986285
0.01724806521760059
0.01710752601749082
0.01692620822602911
0.01686278463224466
0.016862747423455823
0.016699863626536738
0.016114174787167847
0.01607095623229112
0.016069770728772567
0.01606962222871901
0.016069635329409044
0.01606963697998652
0.016069639030350802
0.016069638209321713
0.016069638370268743
0.016069639586368433
0.01606963876200486
0.016069638047025277
0.016069638758777528
0.016069639394243333
0.016069638576946224
0.016069639471623744
0.016069619849426144
0.016069576955074192
0.01606969888579573
0.016067635085963955
0.016043590008981087
0.015414292980933256
0.013731948791101505
0.011798851566598352
0.010323607500596238
