0.03792010598332343
0.03683855062520382
0.03632418302428433
0.03596439449013752
0.035647387199885416
0.03539206402204699
0.03517698965420263
0.034943407382924084
0.03455612974012763
0.033923105467359826
0.033165715780889206
0.03239044456911416
0.03171275536996438
0.03085237967868053
0.0296888051924004
0.02825860668189853
0.026860042226368227
0.025856193120646197
0.025055283534393506
0.024141909761205362
0.023330711524878065
0.022911990166260447
0.022776092444053958
0.022741798985325058
0.022733294711401716
0.022730571897612354
0.022729578915450393
0.022729416699343915
0.022726141918090415
0.02272146680258318
0.02271992052951207
0.022719902699243167
0.02271992207534724
0.022719806983747575
0.022719830845024533
0.022719850120760485
0.02271980922864256
0.022719825928910913
0.022719898497518855
0.022719926260553837
0.022719885636541735
0.02271988181176848
0.022719703929848685
0.022718713236209196
0.02271732762160616
0.02271371864381878
0.022709803679686672
0.02270695041923566
0.022705909495356977
0.022705677104609457
0.022705721231747758
0.022705739445357847
0.0227057365957804
0.022705735452118608
0.02270573648916719
0.022705733518036744
0.022705732502503934
0.02270573678787054
0.022705716552186367
0.022705719268621694
0.022705677045516435
0.022705264398066315
0.02270438472918153
0.02270420245250559
0.02269901932278901
0.022692013669397996
0.022687839030378052
0.02268723565985653
0.022661931528732412
0.022576630965343503
0.02254900686608216
0.02254793191128661
0.02254791572591024
0.022547966322950943
0.022547921394363672
0.022547288752044363
0.02254330940205954
0.022532781842198882
0.02252375852693157
0.02252368325353901
0.02252248345546617
0.02252403053581351
0.022504422672925805
0.022351752961756073
0.021887093200990512
0.021129390201646166
0.020292446759820948
0.019156465896623533
0.016857240859451075
