0.042237701321871574
0.0416684223691596
0.04123356629791125
0.04064223905087893
0.039733274061646534
0.03874849903512305
0.0380600007550487
0.03770698944761031
0.03753695373228751
0.037437854886469564
0.03736522228317495
0.03727961581053887
0.0371856680692623
0.037084562534738734
0.03692101000390674
0.03655976054262708
0.035687743812946586
0.033890834855921426
0.03104796935541809
0.02822979463166213
0.026608070999287508
0.02566100083405672
0.024239067357886918
0.022070027721217904
0.02007542173373952
0.01876349125519489
0.01784292837641485
0.017144686885297286
0.01644737201847761
0.01579526486449166
0.015316782995537216
0.015076301622557608
0.01499593261826191
0.014979220432355077
0.014969401867759724
0.014968938409969514
0.014969451234408125
0.01496995535418016
0.014970240580009278
0.014970267470999181
0.014970244565021853
0.014970257022690711
0.014970253307172918
0.014970212088344514
0.014970217954893247
0.014970165957853464
0.014970558767109978
0.01497110274885172
0.014969330098911653
0.014955813447601777
0.014918688539852492
0.014876140336384317
0.01482629334373884
0.014781442614919446
0.014590423903558022
0.013239241078707581
0.012135850416778683
0.011673486668869398
0.01154224645027024
0.011498260506128849
0.01149317257161615
0.011482312330149676
0.011461855551722556
0.011427629739271786
0.011210031389654828
0.0105427723855904
0.009643166310600094
0.009007469878229016
0.00866458439515177
0.008524663119681412
0.008468607244197889
0.008448583346398779
0.00843536952262189
0.008425408139931137
0.008423729206811205
0.00842129213638033
0.008419755283927332
0.008419551235257013
0.008419472499746618
0.008419342169693934
0.008419224731551614
0.008419185462730771
0.008419078153759677
0.008419086590003465
0.008419062725422834
0.008419118670567828
0.008419146156470362
0.008419070645820603
0.008418596361037669
0.008418492045004217
0.008415045135767622
0.008359427174609866
0.008326416522356285
0.008324171902379213
0.008323098769364943
0.008323004937171946
0.008322871372348361
0.008322959239324634
0.00832292425266472
0.00832297965671268
0.008323006436151926
0.008322974366177913
0.008322961276123973
0.00832297568948623
0.00832298252203184
0.008322956694824099
0.00832305669444056
0.008323048343211696
0.008322466591489363
0.008310177896819955
0.008263315498264825
0.00817123385551513
0.008083364807433456
0.00801878671447469
0.008005147621592856
0.007981426540240687
0.00779092188454005
0.00758366839359507
0.007524562505182464
0.007512161528565328
0.0075114367327715455
0.007511435469099914
0.007511404874416984
0.007511396618344393
0.0075113869197496064
0.007511383334029118
0.007511388702551231
0.007511387690737579
0.007511382994852343
0.007511382334081117
0.007511385354112037
0.007511381104303175
0.0075113766376516955
0.007511375278748285
0.007511380650775701
0.007511414776959788
0.00751136076748208
0.007511415464864044
0.007511406802120955
0.007511294264087103
0.007511378901957554
0.00751058876765071
0.007506840505227924
0.007494763048369084
0.007434481725381869
0.0073571340286926416
0.0073170683182676
0.007308220317659481
0.007281207058044884
0.007137826554139992
0.007070955312728823
0.007070243323455426
0.007070232554827336
0.0070702325163865785
0.00707023149950382
0.007070230166516353
0.0070702294031951
0.007070232580934737
0.0070702316684925545
0.007070228110949834
0.007070230220297713
0.00707023097110279
0.00707023145741636
0.007070234393631071
0.007070227714207415
0.007070231347050109
0.0070702295307631625
0.007070230616792358
0.00707023280993279
0.007070228594678138
0.007070228400962598
0.007070228332958389
0.007070230805952242
0.007070230647736961
0.007070227394963253
0.007070231167251595
0.007070232299843555
0.007070230763787218
0.007070233379495609
0.007070228221431288
0.007070229990197569
0.007070233871686782
0.007070228572758023
0.007070233296642055
0.00707022861436424
0.007070233804599615
0.007070233072655006
0.007070232652419046
0.00707023123766221
0.007070231905786143
0.007070231714635598
0.007070231050021562
0.007070230031406639
0.007070227481897878
0.007070229760920903
0.00707021341410968
0.0070702295424909705
0.007070086854740486
0.0070700621448319895
0.007070050874551145
0.007069989000743505
0.00706997104464024
0.007069915002556218
0.007069780987148987
0.007068044983751736
0.007057282996813508
0.007023624941556929
0.006984840958252297
0.00697456886686543
0.006971250678685779
0.006957559204816147
0.006943396673369374
0.006940921773177959
0.006940746144848087
0.006939492257136106
0.006936419985831711
0.006934676501457863
0.006929839436129787
0.006919453815714219
0.006886543835047601
0.006771292133027008
0.006551026663999033
0.006290585968545161
0.006014704446763697
0.00550605123223986
0.005140103860202903
0.005120358846067645
0.005121016944333058
0.005121438877604511
0.005121772630271912
0.005121670943296926
0.00512167190537794
0.005121618741063944
0.005121612828424433
0.005121571189168465
0.005121508016164297
0.005121560770764953
0.005121306901412039
0.005120841836980576
0.005120502111015486
0.005119401927182131
0.00510780261741573
0.005054931256299256
0.0049906918309509255
0.004980427757109093
0.004980480352578996
0.004980445289388854
0.004980450191308382
0.004980444850752652
0.004980448362846542
0.004980450807162198
0.004980445477134676
0.004980444743362805
0.004980448844097473
0.004980446319059156
0.004980447652921839
0.004980445907491882
0.004980446928347065
0.004980446946554896
0.0049804424360165925
0.004980450024905934
0.004980444499853943
0.0049804415521484645
0.004980446599870017
0.00498044643307019
0.0049804425847229826
0.004970376782763814
0.004970617776270798
0.004970481808597315
0.004970408444552202
0.004970417700818902
0.004970137820812573
0.004970300641464614
0.004970489356096143
0.004971129979428198
0.004970905422631909
0.004971202401045363
0.00497198619071583
0.0049690753210866415
0.004966267216972773
0.004961508738501427
0.004952879910042664
0.004943468219313256
0.004930846544860295
0.004858879336937015
0.004509055841955919
