0.042767760348582186
0.0427678160448273
0.04276777442161633
0.04276776726215125
0.04276771792635915
0.04276772103181821
0.0427676219234283
0.042767784698925594
0.04276794896182431
0.0427673426744534
0.04276515891648483
0.042695938634729196
0.04229877321027739
0.04177693275702981
0.041402251819063936
0.04095189075166265
0.04053267803443406
0.04029185256333877
0.04016226761513545
0.04010473400091204
0.0400574534596393
0.03998292291964469
0.03980850468850265
0.03938661141842834
0.03856214775514076
0.03746112902600869
0.03648041339620399
0.03595640316679644
0.035743979385221704
0.03567099934124922
0.03564519074229195
0.035624208418698136
0.035602102213899915
0.035577511857490605
0.03555547003873592
0.035529348125288455
0.03550476379464605
0.03548604887811704
0.03547724844539099
0.03547275806347779
0.03546992002304732
0.035468949065975405
0.03546851497918826
0.035468424270984504
0.03546843672038355
0.035468421761362834
0.03546842336628019
0.035468294990494524
0.03546798671352692
0.03546679987181801
0.03546312552303001
0.03545593707796563
0.035448191645220416
0.03544233847555338
0.035433777620316104
0.035421101317028254
0.03540375258895595
0.03534243912235886
0.035232909120484386
0.035073059954146425
0.03487676847166459
0.03471252658911865
0.03459789143118161
0.03439151003264824
0.033967490642167704
0.03322761857212733
0.032200593999354675
0.03114197086269899
0.0302101945788783
0.029582414049692817
0.02921130117076349
0.029030515398367394
0.02893622640852643
0.028883391343256605
0.028842636993386444
0.028777268241597587
0.02861027339813593
0.02814981755273738
0.02714864287432022
0.025866997482968092
0.024875337928062423
0.024404407181884323
0.024254237328482676
0.0242097254964097
0.02417493641534985
0.024151644917915722
0.024133613107734368
0.024121978926957124
0.024105751933041316
0.024087676677933042
0.024073372962391523
0.024067839562368847
0.024066692494565167
0.024065525731901377
0.024064880287944127
0.024063825071410704
0.024062567702481254
0.02406155951829603
0.024061515471270754
0.024059954488594874
0.024057829395023576
0.024055125269635522
0.024053571588494752
0.024053500324830928
0.024053505985490397
0.024053553171341013
0.024053528779842414
0.024053519154932288
0.024053372191347577
0.024053293865616793
0.024053225197535427
0.02405320153533667
0.024053157497993336
0.02405316878458717
0.024053026795098978
0.0240527952977864
0.02405260460990122
0.024052417259594134
0.024052260134596465
0.02405227154185448
0.024052030919727203
0.024051813678335855
0.024051471545747036
0.024051295931693754
0.02405116510725454
0.024051006029007563
0.024051042068935154
0.02405136474210685
0.02405115726819672
0.023972885447595096
0.023155554096127167
0.0199515472408642
