0.04278087637955376
0.04278166696536868
0.04277955032926172
0.042776222506643195
0.04276223643321504
0.04271518775620852
0.04253465800689906
0.04202197855795844
0.04113707225906224
0.04018314850977479
0.039339825277354565
0.03852969837081719
0.03782960463838416
0.037304461307885436
0.03695268266978012
0.0367257590025685
0.03644603690826752
0.035901618137052005
0.03487533651518631
0.033685810181411785
0.032912508668671896
0.03262886401256566
0.032562850281787445
0.03255072224662311
0.03254935074937718
0.032549466445138536
0.03254934065320852
0.032549341077177246
0.03254932401479244
0.032549292341992754
0.03254928674690049
0.03254928111993534
0.03254918962549491
0.03254853490632791
0.03254478266246035
0.03252142699631755
0.0324601528124057
0.03240154499112779
0.032392171651779045
0.03238771348468328
0.03236862042290563
0.031388143345203505
0.029316750615083195
0.027778956560320395
0.026995260531938584
0.02649298678301595
0.026208540767207255
0.02600070384490461
0.025872627884443212
0.0257175271123211
0.02543735073999941
0.02504574088800191
0.024758411354362818
0.02467189106663758
0.024667221410576128
0.02466734897507606
0.024667291857105787
0.02466729665757066
0.024667298930689387
0.02466729876215147
0.024667298399438153
0.024667298609479943
0.02466729493899794
0.024667299430898217
0.02466730691557603
0.02466728049840721
0.02466724597650933
0.024667122909943984
0.02466715602419084
0.024667157641185454
0.02466485238604849
0.024661811702562406
0.024660407457174773
0.024649974244146607
0.024534264586487248
0.024263961772160315
0.02388774001243947
0.0235978644667459
0.02343460318397062
0.023351920137964288
0.023301645436950437
0.023238236614594586
0.023087954770244577
0.022686027123994937
0.02150928404237284
0.01953477083568123
0.017051516055976386
0.014659078762450178
