0.042395216220982995
0.04206046638917501
0.041748653475909454
0.04121743382051956
0.04019633639148098
0.03877293541623313
0.03749398172493977
0.03681620814288871
0.036530168560599395
0.03637635842266586
0.03625817466614848
0.03609551201496976
0.03586452488182072
0.03556347093708442
0.03513051820786986
0.03447517538796378
0.03355241746289082
0.03258459799096284
0.03195034892094461
0.031763437054711255
0.0317437880893749
0.031742953921773384
0.031742556353451655
0.031741820357817564
0.03174122610152797
0.031741006923258326
0.031741059046373185
0.0317410453326495
0.031741043681225975
0.031741044332624
0.03174104427454504
0.031741046509572934
0.03174105375706667
0.03174106931016108
0.03174105530673181
0.03174075043944187
0.031738635526143706
0.03168533598817844
0.03116087780052528
0.029348574676694255
0.027548038084618573
0.026742400155876003
0.025850684564870326
0.02397172728266212
0.021565167936522585
0.019774058913209578
0.019026158796305852
0.018743668391989
0.018606472142828595
0.01849146634939048
0.0182968876907531
0.017840850269220918
0.017227722403213692
0.01671525667219711
0.01643672365879569
0.016223035885349797
0.015890580873290077
0.015283847263294873
0.014569146198290505
0.013879129085387323
0.013300541932173173
0.012719007961829178
0.012027599249535708
0.01101897888220704
0.009515282436813157
0.008159380274443176
0.007710281877427237
0.007634096580628169
0.007395791306713854
0.007244132514277425
0.007203453322851341
0.007201900151423284
0.007201930517904654
0.007201896511466729
0.007201894883205816
0.007201897289914916
0.007201898267964335
0.007201896895563172
0.00720189493034746
0.0072019004325073665
0.007201899421414182
0.007201885187333324
0.007201899925332479
0.007201894332922083
0.007201898054485632
0.007201903400884217
0.007201889408853067
0.007201894768810436
0.007201892553854847
0.007201888965361244
0.00720189038397074
0.007201891385506971
0.007201894238536036
0.007201896878105992
0.007201892280433995
0.007201894682278894
0.0072018935801542745
0.007201890960493492
0.0072018896096098396
0.007201897274881767
0.007201898340950478
0.007201896556891878
0.007201892591743342
0.007201893884977912
0.007201888680191397
0.007201901130440997
0.007201891569308548
0.007201891435060473
0.007201893344044489
0.00720189308171289
0.00720185341672721
0.007201881778406682
0.007201885980946338
0.007201874807201608
0.007201890208256232
0.0072018820044239765
0.007201885214192965
0.007201893234374717
0.007201883835928316
0.007201880006618926
0.007201876859705034
0.007201886216397938
0.007201880813228801
0.007201885906202706
0.007201869948999446
0.007201876167284914
0.007201879334322159
0.007201884928927518
0.007201881657542672
0.007201879441817874
0.007201877259662861
0.007201885813101953
0.007201883633368381
0.007201886890260945
0.007201883345370138
0.007201878753775046
0.0072018771662848285
0.0072018835765291205
0.007201877091941209
0.007201874489284214
0.007201884843578338
0.0072018824432857195
0.007201846973260821
0.007201692402510657
0.007168360009320893
0.007079138116365572
0.007055270596380776
0.007054490503335512
0.00705243628439072
0.007036767739576434
0.007024541685083981
0.007016260998659502
0.007004042252754928
0.0069524047228072105
0.006802104284480061
0.006603329913287433
0.00653954683566412
0.006533753332050569
0.0065337495725468365
0.006533823527074478
0.00653377282219817
0.006533783324677485
0.006533781737390318
0.006533782224856898
0.006533784611592491
0.006533796137649715
0.006533781294826983
0.00653380579061817
0.00653378629328818
0.006533763072669416
0.006533752560565895
0.0065337587556864125
0.006533692908199447
0.006533675385439571
0.006533699892842554
0.006533695277029453
0.006533699877661711
0.006533703162486368
0.006533703533715902
0.006533696142698702
0.006533691962449544
0.00653370113353459
0.006533698034567704
0.006533704402623625
0.006533699157243248
0.0065337006129712345
0.006533711728813074
0.00653370541697694
0.006533701630976515
0.006533703195700229
0.006533692588783915
0.006533704197415619
0.006533692484335395
0.006533703941393782
0.006533695965487209
0.006533703864324204
0.006533703754429749
0.006533703655392079
0.006533699976421279
0.006533709918372238
0.006533702474251972
0.006533711820176339
0.006533709997222668
0.006533699672990224
0.006533704739241343
0.006533700851350956
0.006533709579647687
0.006533697437392686
0.006533698242684151
0.006533721977312634
0.006533650427697966
0.006532607318191754
0.006528157180335506
0.006527396165683782
0.0065264625420440175
0.006507376725627123
0.006340476520156681
0.006261234245780068
0.006249967534630075
0.006247460724787176
0.00624606325181472
0.006245560431831992
0.0062453416013197914
0.006245146920322782
0.006244556633149824
0.006244461946705355
0.006244464318258798
0.006239461207645867
0.006221925007388266
0.00620051582207755
0.006107983669514504
0.006084992247448248
0.006084963287699965
0.0059166166578389955
