0.041113313336543465
0.04074224687014541
0.04040578145345782
0.03984095982552404
0.03881157740975907
0.037505726201827086
0.036453508651229004
0.036007094776120754
0.035849123912859174
0.03575258290134004
0.03568732221663248
0.035642230528254534
0.035611689573678634
0.035586601212908006
0.03556361910791387
0.03553303549314337
0.03546928152840501
0.03534664935553941
0.03514578590228981
0.03491681096990316
0.03473135693417702
0.034613760162450546
0.034549312643077645
0.03451557016527018
0.03449830500424714
0.034481612104115926
0.034456329263218
0.03440242901046333
0.03432336984429783
0.03421089700451132
0.03408045307366652
0.033906193070940976
0.033495137206234864
0.032881511550314955
0.03248678696261713
0.03235702214172333
0.03233654085179615
0.03233347537170381
0.03233233527844999
0.03233173248271905
0.032331411771992453
0.0323306621276416
0.0323307981238756
0.03233037354468631
0.03232855744905682
0.03229239202963776
0.03213875126077758
0.03166489535537078
0.030792044985927528
0.02963322127722708
0.028609947114302738
0.027975330211191772
0.027681173397940625
0.02755533798309523
0.027499138244247698
0.0274740566413917
0.027446712819444122
0.027395080768520028
0.027282602514853493
0.027121517624691907
0.026997616596037676
0.026954649503054758
0.02695326692297225
0.026917744972970396
0.02651720697289403
0.024827259891076692
0.021652476477066918
0.01869576316417333
0.01576267492968166
0.012625043923888466
0.010466982871033665
0.009599684981895243
0.009280430828052083
0.00918304180103065
0.00915485657600936
0.009150497377377593
0.009150524114084398
0.009150394023505535
0.00915031287390922
0.009150290946930484
0.009150283459759177
0.009150270995571858
0.009150269482731939
0.009150273711444334
0.00915027370710294
0.009150275358942778
0.009150269231426337
0.009150276470854115
0.009150270427924725
0.009150280528969537
0.009150316872819845
0.009149022563562557
0.009146585281113498
0.009139829437873118
0.009116382262942195
0.009026294554279843
0.008886890504904252
0.00873509290875432
0.008603899629369603
0.00850947008418124
0.008433815951418048
0.008387660311955043
0.008350361990133727
0.008323038276779673
0.008298475572761782
0.008280113543442798
0.008267638648853654
0.00825762315259035
0.008255815730766758
0.008255499075842295
0.008255235357200633
0.008254157470712812
0.008254195906389103
0.00825367085762402
0.008253499026959512
0.008253498133088207
0.008253499948702312
0.008253496474336567
0.008253493533666596
0.008253499161321388
0.00825349758364084
0.008253500778696595
0.00825350334798419
0.008253492805380626
0.008253485813944885
0.008253484457342915
0.008253474623723653
0.00825346709066857
0.008253393793877562
0.008251543577536647
0.0082403116639238
0.00823186303801175
0.00823174707396786
0.008231249997966627
0.00823109866619837
0.008231097121434983
0.008231081856003724
0.008231085083185367
0.00823108686034414
0.008231084715649995
0.008231087676947363
0.00823108239044426
0.008231088058222421
0.008231085632912577
0.008231086300759045
0.008231087011221293
0.008231087696780715
0.008231088532276214
0.008231094029567823
0.008231020856935183
0.008231050244517596
0.008231035630445539
0.008230976042509292
0.008230883874077543
0.00823093123020588
0.008230873850587347
0.00823087926340683
0.008230758025963337
0.008230386043059647
0.008230022455577
0.008229181658885781
0.008228707856850828
0.008228712301607358
0.008228756854506658
0.008227972794806537
0.008225942005066758
0.008222573279408748
0.008217479334892447
0.00820979438212083
0.008201831533592227
0.008190550010283584
0.008181363915591811
0.008178175559612507
0.008156320268643519
0.008096181877155832
0.008080213772080576
0.008074071752780675
0.008073519358176975
0.008072226226571418
0.008071274978029569
0.007746098404979518
0.007734375211184421
0.0077324996116715445
0.007732452560730153
0.007732459457465105
0.00773245828803534
0.007732458149272092
0.007732462345497713
0.007732461686982274
0.007732460522836411
0.007732460736795114
0.007732460295551653
0.0077324603411457055
0.007732461618610388
0.007732463018806078
0.007732460288918519
0.007732464601690712
0.007732464093817337
0.007732461205880957
0.007732458536746674
0.007732458704964632
0.007732460337272272
0.007732476307658731
0.00773241130607903
0.00773177994479506
0.007724292749390473
0.007572104180899569
0.007245267087437547
0.006922449650046885
0.006719491829222476
0.006582879877723265
0.006351668716019024
0.0056981549447299214
