0.04271240940571169
0.042712625252850536
0.04271248882763623
0.042712470024732704
0.042712363341605594
0.04271233123307335
0.04271200657333005
0.04271223293117949
0.04271234328672264
0.04270791701208811
0.04268956056205193
0.04260365419373946
0.04239034853385424
0.042045693650295694
0.04164059634594903
0.04125107811503724
0.04090324582335128
0.04040497730645411
0.03960903921170352
0.03861784411613274
0.0376175402249529
0.03665743867760309
0.03585453144937086
0.03532208959378902
0.03503754728273534
0.03490168078091931
0.03483312282459443
0.03479347647089339
0.03476465863892364
0.03472593685362801
0.034652551265419496
0.03454450555106025
0.034454655013867255
0.034408333700769275
0.03438528015902426
0.03437405081024337
0.03437054639604865
0.034369671423191146
0.034369548432186
0.03436954633468699
0.034369560870823296
0.03436955244827483
0.03436947969175542
0.03436926768762061
0.03436746183812724
0.034361222137695074
0.034351269132742515
0.0343393674479016
0.03433049281644455
0.03432451268574743
0.03432324597703019
0.03432060202947647
0.03429762859143746
0.034167158890380585
0.033836497774239284
0.033137163396332596
0.03171013586643213
0.02960560268355055
0.02770203097421547
0.02648511095164051
0.025578921000476842
0.025026367698684725
0.02479972741195591
0.024731983958108605
0.024720380846219355
0.024719589725144073
0.02471947575190064
0.02471936923293642
0.024719384539923
0.024719266266492276
0.024719241232890835
0.024719180925583163
0.024719171087219063
0.02471897439300798
0.02471656616368564
0.02470424500848645
0.02468528262780531
0.024671590514334013
0.024664821521761363
0.02466310583714217
0.024662872598177274
0.024662847015165988
0.02466278199693453
0.024662711718852787
0.0246626318256338
0.024662569953053447
0.024661820380481567
0.024661460507325914
0.02465905790533624
0.024654744672658272
0.02464600373377184
0.024635584334826648
0.024621021308904808
0.024406635809124475
0.02350968159513207
0.02207089671203063
0.020836792102505
0.019837300071388887
0.018975876481686454
0.018215192148465745
0.017627632166367348
0.01670587686519355
0.015263747768481037
