0.04261511305731654
0.04257465970946736
0.042521319990948624
0.04242741219891555
0.04221694152246524
0.04186408634071787
0.04142907897679805
0.04101219693009036
0.04007801119374137
0.03866042179330021
0.0377558160207754
0.03744917025275073
0.03738167870348209
0.037369399294981384
0.03736764023701224
0.0373674508734899
0.03736738941214455
0.037367212210128876
0.03736490345871482
0.03735715899628336
0.03733648569540713
0.03729318689088286
0.03723583292414327
0.03719458529032674
0.03718176903411589
0.03717924388460977
0.03717685538594842
0.037174473074653366
0.03716662354262505
0.03715127538413642
0.037131129831203355
0.03708853024716556
0.03700654953520784
0.036882192904508046
0.03677067471486774
0.03670847705800596
0.03667894967127676
0.03666068468428304
0.036657789831374826
0.03665757321630468
0.03665756930689761
0.03665730735526394
0.03665746746479352
0.03665762821853682
0.0366567999784505
0.03665633816554788
0.03665611126444087
0.036656110565447125
0.036654641723147766
0.03665133952058581
0.03664834303372282
0.03663457195545668
0.03633680254723714
0.03518808874646602
0.03371603604915846
0.0323077129650556
0.030798563969786637
0.029733359637584632
0.02920372210772414
0.028643864677923972
0.027806195481533468
0.026855743346571977
0.025974962209242787
0.024701919331843417
0.023065709211279654
0.021433681521754837
0.020091627565891366
0.019145021537972873
0.01842826347147191
0.01793146391611845
0.017607731151059777
0.017445907529857533
0.01737021009896535
0.01734060456049022
0.017324863168634814
0.017308257248493098
0.017285282730160785
0.017252576874772732
0.017219200474102532
0.017203061298999248
0.017190576495179
0.01717736606418909
0.01717150427706818
0.017170784859234532
0.017170391228211897
0.01716994387791876
0.017169491124198553
0.017169166789404864
0.017163667427873258
0.017156469650837686
0.017154104960940487
0.017153998691363453
0.017152979264556653
0.017153114119950783
0.01715293908291631
0.017146776632076925
0.017126889591978663
0.01712041254150834
0.017120348819184842
0.017118888668704306
0.01708058400801944
0.017038781487396387
0.01703769821364294
0.017037379834639512
0.01703724275283227
0.017037234053927403
0.01703722812285706
0.01703723191794199
0.017037229510783288
0.017037239708221803
0.017037249573039273
0.017037244476057527
0.01703723618492108
0.01703724796327663
0.01703724796437776
0.017037237720641616
0.017037249298705624
0.017037248078461593
0.017037244082201353
0.01703724543196374
0.017037241759707108
0.01703725491460364
0.017037246659589098
0.01703724722282188
0.017037250520089656
0.017037245317926178
0.01703725567414067
0.01703724159876624
0.017037248439995527
0.01703724973730807
0.017037249721078014
0.017037232816419907
0.01703713163693899
0.01703706839856486
0.01702405582139377
0.01643840874701521
0.015002071095529574
0.01398167936019194
0.013508355012619664
0.013272730758135511
0.013119080401697864
0.013008199172370467
0.012943599201134923
0.0128643253085009
0.012701984811636185
0.012425262531279745
0.012152289584165046
0.012074441163623481
0.012067851500585234
0.012067760151163993
0.012067700289217633
0.012067573861697737
0.012067587203096733
0.012067585811425533
0.012067589200643911
0.012067586326857106
0.012067592611917923
0.01206759096000424
0.012067593426685027
0.012067589692128797
0.012067602913820284
0.012067536700891312
0.012062750961859013
0.011935861327507237
0.01119021453196584
