0.04352160756285267
0.043231361747679185
0.0429562245324782
0.042482938882822334
0.04154985497306967
0.040176239704414474
0.03879019885472377
0.03778602425095418
0.03713155035548692
0.0366760114801576
0.03636596430002317
0.036114847064620786
0.03590170224848126
0.035739671745340006
0.0356523579374419
0.03558993815576469
0.035532579602946666
0.03549245783046202
0.03542877725457364
0.035351263111580364
0.03531255442359927
0.03528981144534335
0.035276719413641446
0.035270613704543
0.035268225758175197
0.03526727877654151
0.035266567225011834
0.03526609495389442
0.03526586679802853
0.03526546649056682
0.03526502792802464
0.0352684169235383
0.035275350296631154
0.03526818705212389
0.03491865509542542
0.03332616610870829
0.030641881024329753
0.02756789526187967
0.024983335229052817
0.02321551667216799
0.022157283457636512
0.021604197748569497
0.021225264677804757
0.020822961166374776
0.02018524945464043
0.018875417392401506
0.01669889365370775
