0.042565402636045316
0.04251573139247488
0.04244827887486023
0.04231087801682812
0.041955141077269734
0.04123952451301406
0.040122702495196616
0.03886901499958443
0.03769418978660762
0.03673843062242547
0.036111948785492
0.03571719096903359
0.035468013263914716
0.03528433117071883
0.035174194184028826
0.03512326129618328
0.03510084456436431
0.035087102991507794
0.03507136648934266
0.03505064498731517
0.03503516027187732
0.035032125423299074
0.03503202428883069
0.03503202189688591
0.0350320221127159
0.03503201749711353
0.035032019988920075
0.03503201904401914
0.03503201878779289
0.03503201913401451
0.03503201915328011
0.0350320189468506
0.03503201879068399
0.03503201914885188
0.03503201911091408
0.035032023430365815
0.035032021403861
0.03503202088398065
0.03503202683556759
0.03503204677389032
0.03503179642884907
0.03503029927477001
0.035003055586862425
0.03488851697501035
0.034638689391921614
0.0341833567091329
0.033672896739670125
0.032737786138666965
0.031136591527112047
0.029075810930710617
0.027553271922859383
0.02694079144958467
0.026800796885642224
0.026692953520287353
0.026491208569950343
0.026348916394378332
0.026300723069685013
0.0262749218613524
0.026258918670528153
0.026247708435563004
0.026240639062601108
0.026226951391761736
0.02620113428887189
0.026165599104849595
0.026133050667309074
0.026100784969419887
0.025982003375394327
0.025809459352008034
0.02572527511898344
0.025706963393199875
0.025703600222036247
0.025703053066493908
0.025701744853359007
0.025701460346818705
0.025701250179380016
0.02570115138789478
0.025700988969450233
0.025700298415474263
0.025696850842554825
0.02568370399261971
0.025660881521111022
0.025648701491149437
0.02564185876412619
0.02564161085362736
0.025642082816210148
0.0256199620222552
0.025222615539357795
0.02285035362346033
0.019962513744841752
0.01951966608648837
0.019511540170127132
0.01951189024250404
0.019511892110868366
0.01951189039290339
0.01951189176807861
0.01951188965474062
0.01951188992332383
0.019511890769291156
0.019511890384062067
0.019511890298791273
0.019511887859554624
0.019511891569258207
0.019511892046170463
0.019511869376030857
0.019511860598354577
0.019511920062895042
0.019511978426136087
0.01949881084812958
0.01934666434762337
0.018442230181633417
0.01673430609188642
0.01568162619165176
0.015467238093088885
0.015442724660192999
0.015439072967988509
0.015439170742408491
0.015439272842594266
0.015438170857244443
0.015431083134091349
0.015400645558009627
0.015340901606311182
0.015312816552814522
0.015293758506145973
0.015282596384684793
0.015280923723684425
0.015280688532849883
0.015280608233205858
0.015280650482437689
0.015280636177070742
0.015280638733195982
0.015280638574326131
0.015280637884306968
0.015280638850245285
0.015280636428177683
0.015280639213474433
0.015280638738161875
0.015280638996822733
0.015280639323108297
0.01528063738874877
0.015280636822115109
0.015280635873600784
0.015280638636826943
0.015280637337912153
0.015280639364205926
0.015280639113034629
0.015280637475167436
0.015280637704781398
0.015280636377931908
0.015280636269805003
0.015280640465605766
0.015280605606875658
0.015280037565371291
0.015279949636283685
0.015105225216419946
0.01365035946662789
0.01270810301732552
0.012555470576839568
0.010987008446522716
