0.04217108681300039
0.04201708906754031
0.04185394013809053
0.041562032059685755
0.040952115871537326
0.04000335344416512
0.03894514939744228
0.038211153851232346
0.037848461796099894
0.03770776399720669
0.03766660874458751
0.03764380947396085
0.037615241424509255
0.037566072684057136
0.03751548420371243
0.03748250722274754
0.03746660595267116
0.037457847481646496
0.03743006074556585
0.037296545481710346
0.03693349058104512
0.036423228178276375
0.03600309619465747
0.035768578259530746
0.03566901661276195
0.03563153866421726
0.03561473179719699
0.0356073451202649
0.035601149758700004
0.0355901824975163
0.035570221342596145
0.03547210370974022
0.03522222477523802
0.03505214689304139
0.03500813550509279
0.034982128013169675
0.0349688414004929
0.03496009055657587
0.03490183870825333
0.03474080157759399
0.03449586394529818
0.03423761372791455
0.03399000905802537
0.033618558080874196
0.033019212899783025
0.03207411978600236
0.031026393066527873
0.030289019211073725
0.03000460289879714
0.02976571417664993
0.029294719323778456
0.028568489684408515
0.027750005086121778
0.027030683821392374
0.02651596222234932
0.026155147530507076
0.025906170487351016
0.025720497434301475
0.025607657500818972
0.025555955884811098
0.02554469945388232
0.025544424282634225
0.025532693149386453
0.025488758911165144
0.025455654174178083
0.025449862152666924
0.025449802208309728
0.025449093423673793
0.025448287490719746
0.025447339142581845
0.025446478504170447
0.025446106487941402
0.025445798763270272
0.025445649288538104
0.02544564914540029
0.025445628451726973
0.025445605298444692
0.025445588616018762
0.025445581401586953
0.025445621232342425
0.025445635817752235
0.025445651661049
0.02544563203326192
0.025445582130726733
0.025445625537137213
0.025444167637662763
0.025439996728812787
0.025437523969031917
0.02541048995830415
0.025355136637148813
0.025354702762862554
0.025354426620389867
0.02535093872291718
0.02522233332029608
0.024201994214780278
0.022439439923187643
0.02143415963668898
0.020838749017182672
0.020246133118024468
0.019780684580250896
0.01942448860007954
0.019266724337467636
0.01920256365850047
0.019040448115860052
0.0185643567298951
0.01740749146317413
0.015545138234308297
0.01410029544660812
0.01375619707818553
0.01373781590877565
0.013737606218549435
0.013736616624193896
0.013736478410772154
0.013736495863598994
0.013736506976147145
0.01373653395883021
0.013736519939522525
0.013736519063103718
0.013736526034626368
0.013736522673456689
0.01373648455154229
0.013736540568418007
0.013736590970937074
0.013734767392739697
0.013724042075699014
0.013532448012043773
0.013002557840335915
0.012956280117929557
0.012945189416812386
0.012244482187656804
0.011562439999112906
0.011550778038246041
0.011549649114993461
0.011549652265711877
0.011549664655890916
0.011549660117833007
0.011549658592971348
0.011549665188523718
0.011549666554784966
0.011549663808058528
0.01154966319226614
0.011549659275008386
0.011549661984574725
0.011549661009323028
0.011549658499622169
0.011549661843166307
0.011549663095355931
0.011549657367944452
0.011549661190098088
0.011549659534571167
0.011549659969768762
0.011549656855487598
0.011549665896232745
0.01154965493621409
0.011549652241493657
0.011549666730244691
0.011549690906677524
0.011549703576491752
0.011549704756730526
0.011549727994439011
0.011549711266892226
0.01154973289819676
0.011549730417327405
0.011549736357537218
0.011549729405745987
0.011549705796112532
0.01154968222878398
0.01154968850315402
0.01154951910334108
0.011549882090791826
0.01154857082818111
0.011547778607338561
0.011547355418925175
0.01154724642888373
0.011547285132229843
0.01154690894420969
0.01154621609666029
0.011545648184895342
0.011543172316455654
0.011527014959130326
0.011233540070052818
