0.041304422469222626
0.040937915595894984
0.04064373964224133
0.04023395025075893
0.03953594614213511
0.03862406893753321
0.037741966912139185
0.03702637293927466
0.03642583503087308
0.03600421109330026
0.03581306025188146
0.035734006299403605
0.03569305077019803
0.03566034288217953
0.035628182616341424
0.03560985171902399
0.03559803229510326
0.03557858751096731
0.03551773964320809
0.03539406517577389
0.03526127194634246
0.035206306568927925
0.03520138418111429
0.03520147472205799
0.03520135799324331
0.035201490274079074
0.03520066630357818
0.03520080717847916
0.03520086587169123
0.03520088352440039
0.03520103371668618
0.035200973106900346
0.035200931467884146
0.03520087048036358
0.03520086052658517
0.03520056760415229
0.03520058317260793
0.03520044421529118
0.03519913674849839
0.03518942629307055
0.035161472120145205
0.035130796705294384
0.035113202062579514
0.03511104907939632
0.035112826662790586
0.035089381495718004
0.03491749881477966
0.03328465756206181
0.030741874590734818
0.02971794582966325
0.029079890112641407
0.02850747068132157
0.028094905779106786
0.02784182206094551
0.027700349431314136
0.02762618733645049
0.02758955833882871
0.02757498728719428
0.02756765097267805
0.027562707655728554
0.02756060674504488
0.02755901092400796
0.02755694230471039
0.027556772457617125
0.027554962502560863
0.027554173454057102
0.027553193229781996
0.027552400692878655
0.027552049275720355
0.027545219050173098
0.027498960020623433
0.027404367419266697
0.027324869994995813
0.027303718731232912
0.02730337395349459
0.0273027936248915
0.027302723760028506
0.02730274268553709
0.027302729852030503
0.027302741222254127
0.02730278394548532
0.027302788733453303
0.027302789138437387
0.027302799585518494
0.027302715978801555
0.027302786991620615
0.02730267844871485
0.02730287557738491
0.027300631728689462
0.027272370171268403
0.02710879185821346
0.02664006062467505
0.02558172922782605
0.022542525746465404
0.018023113910721193
0.014615206141492377
0.01308273474055482
0.012638689542962546
0.01248402362894095
0.012394160148143747
0.012313178026825166
0.012242323423445542
0.012144527161138835
0.011903119741651988
0.011359368984366947
0.010791953367419215
0.010559278519533817
0.010534947386915896
0.010534975803644302
0.010534896296159826
0.010534859498935609
0.01053444640084158
0.010489420052157078
0.009977895132368379
0.009201338758692924
0.009038628850229826
0.009035494911397709
0.00903472835781403
0.009034705431651467
0.009034846556503683
0.009034782846364409
0.00903478276960597
0.009034776196237767
0.009034780117780639
0.009034782310326476
0.009034788450171655
0.009034763588334254
0.009034761770142747
0.009034756591636965
0.009034753071752638
0.009034757903893695
0.009034753466928707
0.009034751519449772
0.00903467273158096
0.009034698595360307
0.009034720762179994
0.009034619282538625
0.009034587810712643
0.009034612512422782
0.00903457809341642
0.009034555792834846
0.00903457372637675
0.009034571971023407
0.009034592903297192
0.009034593462160075
0.009034578874225539
0.009034593695702354
0.009034506585459139
0.009034404060183434
0.009034407468635874
0.009034408059082082
0.009034331813369566
0.009034414490763303
0.009033764035290395
0.009033363555272999
0.009033303912903686
0.009033317467792687
0.009033256877939898
0.009033111284343713
0.00903311235301624
0.009033111119140761
0.009033110471785637
0.009033110252338704
0.009033107221040265
0.00903311174234526
0.009033122900967519
0.00903305922177648
0.009033021671707666
0.009033029071270368
0.00903301315233775
0.00903299609542119
0.009032996555903087
0.009032995563330707
0.009032994552156774
0.009032990601341814
0.009032995307380273
0.009032990534425458
0.009032996127871642
0.009032986424031062
0.009032995277910323
0.009032994653256113
0.009032992659146607
0.009032992590551339
0.009032988935977235
0.009032990732601182
0.009032993153418713
0.009032994580830294
0.0090329881856566
0.009032991701655734
0.009032993777575831
0.009032987958196239
0.009032990662500228
0.009032990267758103
0.009032994302612236
0.00903300559188933
0.009032951890985278
0.00903305810477637
0.009032857194385764
0.00903282058527664
0.00903319076025492
0.009033214536390768
0.009033104831019708
0.009033145430589803
0.009033339459412565
0.009033518070465398
0.00903349148952817
0.009033329812459061
0.009033675893236599
0.009033148975492195
0.009032905380787517
0.009027026688710455
0.008975970562144102
0.008927507445989918
0.008796573647486155
0.008416726990397562
0.007958462426846202
0.007543625486238808
0.007165901537353023
0.0067783391225590016
0.006458528321183723
0.006199260913204478
0.006032210897797252
0.0059528876922960924
0.005917057865640065
0.005902445863819712
0.005891483880845248
0.00587456969055211
0.005857215394949263
0.0058358684346246905
0.005805537490842236
0.005771837349732562
0.005733918723266365
0.005703511811504882
0.005687268900520948
0.005672859876196578
0.005658345945945237
0.0056547913154340245
0.005654435231937464
0.005654557179151602
0.005653438238300088
0.005639988278310403
0.005616890149138518
0.005569048242622894
0.0055432424674297
0.005540329961788419
0.005540281713894182
0.005540569136315919
0.00554056450744342
0.00554047587452499
0.005532186527164258
0.005496703453762744
0.005436803408167194
0.00534709028044248
0.005263817175845282
0.005210770112836935
0.0051683304859467235
0.005139914417736728
0.005129551720551383
0.005126855917793906
0.005125751249298916
0.005122005421964239
0.0051176106866974175
0.005117003367182636
0.005117001586486007
0.005116978342326055
0.005116982982746903
0.005094482436869919
0.00508865804208287
0.005085271069879279
0.005082613785660473
0.005083875396368932
0.005083886123678664
0.005077314102077604
0.005016931857379401
0.004794024431037521
0.004344826329349003
