0.040914515900776105
0.04052353536254816
0.040176572544371125
0.039605096360862305
0.03857172148685383
0.037254856924857346
0.03616931705975227
0.03568818531270077
0.03551518438264328
0.03541464863568775
0.03534816476237095
0.03530234262293046
0.0352712048086066
0.03524408501467345
0.03521909658343667
0.03519143696497553
0.035154206126744254
0.03512320444760833
0.03510507861333621
0.0350978245338322
0.03509536745513804
0.03509461226391403
0.03509440113058665
0.03509434867586123
0.035094421893971134
0.03509432138260583
0.03509425380152686
0.035093945964172514
0.035095370263891486
0.03509654895886206
0.03508577750920942
0.0350378768782774
0.034910898946551215
0.034699343336512735
0.0344832499550518
0.03430193173323438
0.034194548439830885
0.034123020146444596
0.03403772623029781
0.03386447880935527
0.03344774469940435
0.03244977410468499
0.030352980123991118
0.0278243146649899
0.02597662339621284
0.02523194848976336
0.025036296045405793
0.024960252743612767
0.024920815219310152
0.024892487054219876
0.024870365171456826
0.024855592323722114
0.024843617831146834
0.02483435485565239
0.024824773222262845
0.024813984750473694
0.024804937688647465
0.024796648220250083
0.024792037295771806
0.02478838009355698
0.024784654309217183
0.02478312903502359
0.024782413048604447
0.02478197717432405
0.024781679412929938
0.024781674340527523
0.024781516143711747
0.024781002099281708
0.024780420372130258
0.02477787744875183
0.024766641400626562
0.024713185559667544
0.02454585011845886
0.024487502396463762
0.024487152447702203
0.02448699001737188
0.024486679189979463
0.024486700182113484
0.024484363138085857
0.0243390608696206
0.021813060006790563
0.01713821350101921
0.015705105580074243
0.013746074801837257
0.011683744850058023
0.011174474341225881
0.011121338941132418
0.011110357970952672
0.011106205093612948
0.011104688807451123
0.011103738007009156
0.011102402901034541
0.011099285145084396
0.011094595017486013
0.011078661289703981
0.011061539368090966
0.011041297520502246
0.011019914501671736
0.011000845893509045
0.010987946052379311
0.010978036473333504
0.010971373045509552
0.010961902473036245
0.010947388940426048
0.010895594089051006
0.010648707261077375
0.009963467594997652
0.009035478204539133
0.008410766697053417
0.008115554235988141
0.007999926167091114
0.007963052725821835
0.007942694434452077
0.007934325528619626
0.007920226538012986
0.00789005477073886
0.007814552642592213
0.007678769811796588
0.007529569286484763
0.007456050605206206
0.007415283879927795
0.007384350627801421
0.007384216661391372
0.007384491427203058
0.007384630511016556
0.0073626511690909145
0.00724646156346769
0.007201239252912311
0.007179220293371174
0.007177307059979573
0.0071771312036670075
0.0071771281080019005
0.007177141522006689
0.007177148706853421
0.007177149656126579
0.007177144610196714
0.007177147293754448
0.007177142429976268
0.007177145098935111
0.007177140588053026
0.00717714064905627
0.007177142465635955
0.0071771450975087175
0.0071771373700141895
0.007177154410484518
0.007177227318328857
0.007175841271663348
0.007168192408853716
0.007167758999737207
0.007167597135833656
0.007167521071909247
0.007167489691407531
0.007167491221370735
0.007167476706832057
0.007167486667709668
0.007167490852387429
0.007167485049545599
0.007167483812916447
0.0071674830206425386
0.0071674833746495714
0.007167484840405996
0.007167484702311173
0.007167496024696082
0.007167469278471632
0.007167483483638704
0.007167486538030943
0.007167493434451054
0.007167490402175624
0.007167483547874559
0.007167489535135013
0.007167487384311705
0.007167492402748183
0.00716748779074285
0.007167489226527275
0.0071674933133421825
0.007167476827935549
0.007167478721400123
0.007167479246068624
0.007167484229829653
0.007167485767067211
0.007167485356771982
0.0071674872654606415
0.007167490722050513
0.007167483617788149
0.007167491014007389
0.007167482950536674
0.007167492867989443
0.007167486054115807
0.0071674841576376885
0.007167493874107065
0.007167488912628986
0.007167485541419019
0.007167475536616545
0.007167445985284866
0.0071672898135085395
0.0071672972018243354
0.007167322456865305
0.007167316443167802
0.007167309594055718
0.007165370118941533
0.007160408257736979
0.0070791121032144355
0.006994073139886186
0.006983774011917284
0.00698309366255779
0.006983128657812036
0.006983043503183766
0.00698303914457198
0.006983039804893758
0.0069830346236111306
0.0069830365679818904
0.006983029906175789
0.006983038240591904
0.0069830394933535385
0.006983034322021754
0.006983047853501894
0.006983045602866014
0.006983037417615184
0.006983043877112159
0.006983038900905518
0.0069830350534827
0.006983044698876453
0.0069830445766222915
0.006983046239630748
0.006983039517618391
0.006983037243493293
0.006983036854618941
0.006983038961559968
0.006983043767713721
0.0069830445515742514
0.006983040679848659
0.006983037889666436
0.006983038282372969
0.006983030647609779
0.006983044025365507
0.006983044296299048
0.006983054799358217
0.006983131754835859
0.006983173492392144
0.0069831797683768
0.006983269896353348
0.006983262754111542
0.006983268037964694
0.006983237259058759
0.0069836717317211605
0.0069718492773351275
0.006950978021836243
0.006935266533120293
0.006927957768513673
0.006926733837438235
0.006926552748774315
0.006926661600155221
0.006926544392692219
0.006926720174689495
0.0069267734444497745
0.0069268017086849395
0.006926723323817799
0.00692593446160517
0.0069250446195750015
0.006907610759865582
0.0065912647745215575
0.005982418634435785
0.005723282869087446
0.00569009420591759
0.005689972913479693
0.005689503442010136
0.005682730294224038
0.005678982502674083
0.005666285700229657
0.005620485150617932
0.005498699909317634
0.005356778017917423
0.005290591396423327
0.005269801263634656
0.005267177117505511
0.0052673472024054565
0.005270670203272741
0.005270088613488844
0.0052693389707311605
0.005267622771530858
0.005265360068213702
0.00526314352394447
0.005261068669711207
0.005259484246418818
0.005258407959003833
0.005255275448938836
0.005234162340972631
0.005207362274918002
0.005201264756410908
0.005200845384551132
0.005198530907621215
0.005182781988798595
0.005041583925641171
0.004995631415589349
0.004994669170314197
0.004994101450075528
0.004993920530499904
0.0049940618818890056
0.004994340875628561
0.004994230739057574
0.0049939095428578675
0.004993314534843496
0.004992856123677917
0.00499269410473972
0.004992324336988641
0.004992423723587016
0.004992613106355863
0.004992712491366427
0.004992290050160386
0.004990330107630254
0.004989973751561159
0.004702885785910946
0.004331822300164096
0.00413257893226127
0.0040998062729241235
0.004092517689061906
0.004092384250110358
0.0040923782863376765
0.004092439056557709
0.004092443142923004
0.004092427107857719
0.004092560493356699
0.004092412423231642
0.004091804419845752
0.004091791680706326
0.004091928076797252
0.0040918422956504295
0.004091396462822101
0.004091530412808579
0.00409129658730704
0.004091290837778865
0.004091370613261796
0.004091228069629987
0.00409123185360519
0.004091178622591992
0.004091168239711336
0.00409143012839187
0.0040915602963371355
0.004091796198159501
0.0040918848024095724
0.004091997594960457
0.004091449924664212
0.00408897816727767
0.00408289572234504
0.004054697241349783
0.0040458860768980386
0.004045440201562889
0.0040455911975075835
0.004045459723217429
0.00404528817780526
0.004041101614053231
0.0040214087953811565
0.004016666316826468
0.004017100492057122
0.0040070069002358065
0.004009544216076412
0.004010050037744233
0.004009474215962167
0.0040091786190974135
0.004008447401707579
0.004007440649005249
0.004004543241144206
0.003997339027133733
0.003993572968833846
0.0039923248042992455
0.003991539095704521
0.003977795280160249
0.003915412567308757
0.0037405798766153905
