0.03877573455017885
0.03795000195311862
0.03747251818463386
0.0370368035435433
0.03657956783855316
0.036225200320221286
0.03602354874758802
0.035926755563909174
0.03587398302297115
0.03584134125456873
0.03582451167897065
0.03581480963751203
0.035809122746858324
0.0358074148727731
0.03580735854562494
0.03580755149617332
0.03580935817858897
0.035809644273237864
0.03578681006491294
0.03567397564515427
0.03525397627564466
0.034215572303709314
0.03325004347052445
0.03295914809467455
0.0329280242978249
0.03292715349083746
0.03292714664530177
0.03292666680715622
0.032926332596181856
0.03292580711275475
0.03292563078039446
0.0329255820465184
0.0329257056707745
0.03291778300020147
0.032716246579077866
0.03177845188881392
0.030689056104313512
0.02993253719647049
0.029334756866767762
0.02868385409819101
0.02800838079790086
0.02743546345269235
0.02696957817543071
0.026633721481713113
0.026411853099738765
0.02618809580743303
0.025965958313769254
0.025707546072652823
0.025210392706406067
0.024100618652895377
0.02224836338304548
0.020355475990729194
0.019388902936192016
0.019137901167607052
0.01910825430019626
0.01910494711958296
0.019104290114997736
0.019104100966965448
0.019103872947605176
0.019103363539194628
0.01909973445011473
0.019095753633991377
0.01908830340922582
0.019085323892996293
0.018890839859660696
0.01693787306059097
0.014682575390463689
0.01434946667600918
0.014349238050025104
0.014342589230084789
0.014342163204375497
0.01434212806134988
0.014342078421795615
0.014342088982019502
0.014342084502954724
0.0143420885043156
0.014342086766457486
0.014342084674213098
0.014342080691825326
0.014342070828067854
0.014342067467693252
0.014341929717782934
0.014342310236083722
0.014339849731502952
0.014312960677308232
0.013214152612063936
0.010985870077991487
0.010708208462939801
0.01070302260804586
0.010701832046157342
0.010702033839463974
0.010697227626744925
0.01054044626563307
