0.04471057429728273
0.044710594908441426
0.04471057648445405
0.04471057260420245
0.04471054319133242
0.04471055063238724
0.04471044563579347
0.04471074937574033
0.04471076871907995
0.04470448912495412
0.04469358242538595
0.04468199776933557
0.044679337826070094
0.04467847571041468
0.044677953531901266
0.044678054960853336
0.04467723037129824
0.04467735423089916
0.04467492288996114
0.04467368047602197
0.0446718297503023
0.044666557951975445
0.044651326423303876
0.04461250714896482
0.0445230676894149
0.044333555022675476
0.04396864411093799
0.04338905457441618
0.04228460055954222
0.03987130973319169
0.035042096889871456
0.030554371898912663
0.027749639190330272
0.02503211479595172
0.02254656880044903
0.020699218200404195
0.01951789304692414
0.01887232562878743
0.018547132172968973
0.018301415307247045
0.018099095884172002
0.01797167048420048
0.017903187272046494
0.01787461035754948
0.01786587179600075
0.017858149734846195
0.017855253066278984
0.01785287926553879
0.017851673502410945
0.01785129251047195
0.017851350267288252
0.017851343717097637
0.017850229285935913
0.017845909487684285
0.017839544627666803
0.01783319901799602
0.017827146977175076
0.017806028429097107
0.01777461961921957
0.017763257535452433
0.017736831406226342
0.017644604871853157
0.017518115635085728
0.017393377424362706
0.017293263605420196
0.017231124667721
0.01719317619533698
0.017169873940118516
0.017154493103509902
0.01714345959328615
0.017125546937055675
0.017091444148942307
0.017026893689803927
0.01699714528657976
0.016993181594526157
0.016991349987419618
0.016985705176789316
0.016952592994931726
0.016856522194245
0.016731174435911232
0.01654240074855459
0.016174349205978777
0.015882241358112316
0.015752886043273948
0.015708935143898928
0.01569853077949456
0.015694367671162886
0.015695619511821152
0.01569510025164444
0.015694048367289284
0.015693756505470294
0.01569369952858503
0.015693704435698657
0.015693709827317725
0.01569370567137359
0.01569370475805447
0.015693721900085552
0.015693726474766526
0.01569372319485797
0.01569371875838198
0.01569371830502017
0.01569370745232964
0.01569372404708946
0.015693800847291987
0.015693417929155764
0.01568907952081417
0.015686036396205583
0.01568605238588598
0.015685658325995847
0.015685866019431373
0.015685865812961438
0.015685863120263658
0.015685869012054
0.01568586542848686
0.01568586726119273
0.0156858669759921
0.015685867765754116
0.015685868081759678
0.015685865517678716
0.015685864830992276
0.015685866143403344
0.015685865912296405
0.015685865531906085
0.01568586423697632
0.01568586440768296
0.0156858666167362
0.015685922302335675
0.01568598922674511
0.01568639680094984
0.01565815144039397
0.015221430307160557
0.013774127494928763
