0.0656717680221713
0.06587500363506786
0.06541448992370588
0.06488729943421229
0.0644005003666976
0.06354002047357159
0.05885024552358492
0.05381333101249701
0.06082302021182979
0.060505450421300205
0.05983972017980173
0.05738190234589076
0.05638718840093216
0.05635737652841324
0.056075774073771505
0.054898828674050985
0.05782966681367274
0.054921715862605566
0.0551505090439239
0.055035805265141166
0.05497398757179414
0.05374262823331196
0.05505979641830044
0.05548265002713406
0.055278632395327335
0.05603583812898855
0.05580481212944185
0.056114110621862424
0.05648840866322076
0.05265922338778275
0.052180822432486826
0.05351090321681292
0.05053652149609837
0.05008164488741934
0.04984724674879004
0.050542607644701004
0.047794970578041066
0.04844636264612643
0.047390318444861794
0.04555674449713313
0.04615766349256426
0.045427202375493206
0.044164835580372326
0.04429386490439631
0.041208418301842874
0.03902177444681458
0.041235454980335554
0.042334188142865874
0.04181382966076665
0.04002560710022661
0.03888008303758693
0.03688206729284084
0.038738211253736825
0.035714536472246386
0.034665671363994774
0.03654954824545785
0.03214897474380668
0.03022718680383999
0.029362172692477085
0.029485280821120764
0.028741456114677242
0.03211549264096655
0.03243906612573269
0.03337695705687345
0.03008952322687067
0.02978289136344729
0.029118332794617594
0.025910064139036744
0.024227915528872317
0.02487402711697439
0.025255721326129816
0.02581042123003674
0.02573039691362195
0.025383932497897742
0.025864289054744118
0.025863452270763036
0.02589363558030743
0.025947255204843728
0.025940069691275325
0.025916679559294546
0.025765215355218342
0.025757017548073864
0.02592816789243808
0.02566649547844103
0.02564742580574498
0.025659381860786225
0.025878850381137415
0.025708962064285704
0.024958881040860394
0.02527922418874369
0.025219634582232055
0.025361760781439705
0.024298392906965206
0.022226894245943433
0.0216907063132264
0.022135589403578043
0.022591023075387472
0.02335604615001231
0.025879738606722276
0.027782999083008682
0.023583045691091348
0.024191409270699554
0.023881125580516877
0.021639488928205712
0.021431999354924815
0.020862286854574533
0.020065275672632533
0.019155647873594115
0.019602417524355813
0.01960017066525179
0.020405882604546618
0.021293863942055666
0.01929454068365988
0.0194176974585724
0.01959550649335692
0.019215737204735142
0.01883420477060742
0.018179204369532395
0.015341831127531878
0.011106581950607543
0.009758887834367782
0.005594429788785861
0.004955134876895852
0.004009195236812851
0.0028051645368028445
