0.0658930419689194
0.06597515785601565
0.06549780412429142
0.06425746104049554
0.06418169833239436
0.06359301050535456
0.06392119020996306
0.05817937575782864
0.053657311517564914
0.05352898896652518
0.0502890431080415
0.04950970992123404
0.05232889543327962
0.05197169716175186
0.05331002441446287
0.04855833009560772
0.05040144524235993
0.05067339699562142
0.05382421820491115
0.04480938802700328
0.04152996907082923
0.039998087739521876
0.03602168004052194
0.0321212757794507
0.0317694507499878
0.028658049084138004
0.02856029068552327
0.027578281797737924
0.026567697148031637
0.02587350896478889
0.02586447987119185
0.0253747120288448
0.0253909976760697
0.025900899902337494
0.02568407709368897
0.025487988642482886
0.02586636668182368
0.025876797001263583
0.025723972091427672
0.02741379748771015
0.026257399795797578
0.025500236796015235
0.025465383044594794
0.024867371993643653
0.025606400613518113
0.026824588888306723
0.0285720950143384
0.031130540458467432
0.03272062044234488
0.020666474244057036
0.018268365701864662
0.01783733939801353
0.012710806748200973
0.007138447170988366
0.007768670831944154
0.011438530075834714
0.013690111942450588
0.007375790751699768
0.006039642004488792
0.005846073218475486
0.007065968697432855
0.004888964692151594
0.004805666252275639
0.004600050600620536
0.004891908890717476
0.004415719505501785
0.004591873676849461
0.0044519450061094035
0.004415335201477195
0.0042446266124170524
0.004159442772197733
0.004271647403277554
0.003673447804767011
0.008122925728492424
0.003994947036877251
0.0038673503389897532
0.004337321636862007
0.004948164911145174
0.00462451242700103
0.004026797550826811
0.0024083105143081368
0.002322415347294389
0.002550755851330443
0.002436509450088301
0.0023316486177663823
0.0023492515146468183
0.0023117849632477206
0.002255718990377738
0.002500003108481476
0.002306347284560657
0.0018504679690349176
0.001837150802892972
0.0022343338887720107
0.0019699770522221965
