0.0661022712717447
0.06548459581233869
0.06568612366163122
0.06421645830543819
0.06369220694503659
0.06298049756249592
0.05736651806953512
0.05476287065115767
0.05975149595114046
0.06092217998862072
0.05804581894551617
0.054467856015141806
0.05310309223792042
0.05380158247571707
0.044762889295810446
0.04268166844519697
0.04747598431928544
0.048139648996843885
0.04406317663913709
0.04291655025673142
0.04238122320410322
0.04318291167509445
0.04229999550149473
0.04197278731047345
0.042882314850127036
0.04319376614368062
0.04356535565972775
0.04380982655149483
0.044788031716575145
0.04066826628609281
0.03861317927246056
0.039179668699259165
0.03672733333981621
0.0328173291614231
0.031531261821642044
0.030029194608888782
0.030226789253866453
0.029780337386664975
0.03016366854168496
0.0300459276732379
0.03131433255852112
0.03113210197485668
0.03135075529297137
0.031458477300610355
0.03165620785823177
0.031689391151562045
0.03229731565272422
0.030164706798059993
0.029065385585293556
0.02918778543607044
0.02858925690382473
0.02673331940406398
0.02596118461691427
0.025933525182967983
0.02431105004500661
0.023791053291476433
0.024815076951391072
0.018812148122870038
0.016430938052050724
0.013566640610872184
0.01241591874150773
0.013619597807734016
0.012620319175740842
0.010770897214683571
0.010948815582668418
0.01100026834650047
0.010327269165150076
0.010999775997944152
0.011939483857708454
0.010496512951469025
0.008419342400711356
0.008152338271081359
0.007342263864587212
0.00761906181767503
0.008435965231126918
0.008687944147719529
0.008344301373424786
0.008652132753152639
0.008882983317811354
0.008832550767550119
0.008724786719085194
0.008164391117240245
0.0077712425503129335
0.005045704851306386
0.004530156625556497
0.0040805619345959275
0.0042180120281874005
0.004061675141013992
0.003941128152367447
0.004306647763038987
0.003593510600410977
0.0038356014005264238
0.0034985567329124784
0.0030907156747911153
0.003325351555594809
0.002570125655303364
0.0027294104307417867
0.0029813753898844672
0.0029899178679301834
0.002833551995639306
0.0029447902467236438
0.0027673174284152265
0.0027746732446955295
0.002732475214874251
0.0026981637437945897
0.002563005148447446
0.002557610802052003
0.0025968678695483392
0.0026694044407529283
0.002825375271588935
