0.06460872650947584
0.06187390704672229
0.06458043587196864
0.061444394908754196
0.06263031020575449
0.06330746805097581
0.056067006071857765
0.05203312513164189
0.06838984512478682
0.04948880106052003
0.05562697734022874
0.055245872511408854
0.05532549834892451
0.051250167976494634
0.05172868619231649
0.05094862767383378
0.05229701601920488
0.05017431358895273
0.04713228418900973
0.04476874248568554
0.04536030424398995
0.046326160928635556
0.045467691710450515
0.04528909700542268
0.04535410318271524
0.04756094339968774
0.04813178666399532
0.04822715079121892
0.048594226548544485
0.047488425538381174
0.04704842792004934
0.046299744764993864
0.04656380291759398
0.046426855051011864
0.04633661123253868
0.047022042956994296
0.04578638333533212
0.046078492926765954
0.04616182903208615
0.04427871503381894
0.042023806043665096
0.0391198457517787
0.03744725615689931
0.03865106176252733
0.037265791924994414
0.03772944119202261
0.03743444442336153
0.0377727384286539
0.03545110298633454
0.03562659763731004
0.03282061614727443
0.03123825855334406
0.030936043049779597
0.032813424417372596
0.03115580872863981
0.03111059651595402
0.028683685675116883
0.02856269039500338
0.02753238921821785
0.027066730462266576
0.02559782811271832
0.02571087076759836
0.025586890292496188
0.02613123690498516
0.026660365378674212
0.02776102164378635
0.02777887036097474
0.028001101354242802
0.028519696096840356
0.02911979809477794
0.029090058320680297
0.02838116290565975
0.028022603484037838
0.028093816863674285
0.024470732198173153
0.023335216362909198
0.022026110246090337
0.019626541706894134
0.018370333447047756
0.01920446902545456
0.019416635813793545
0.020312774376475093
0.019264185741769756
0.01974582812279779
0.020762708771949332
0.019730786334267916
0.018563683098523777
0.01350639146250168
0.011157328482603727
0.010896468764172391
0.007620155050761277
0.007757511242936283
0.009259195175100354
0.006933928776124084
0.006588605096060105
0.0067447803875544795
0.005126517227988686
0.0038387353286549243
0.003668964200709947
0.0035965020237748208
