0.06441552925284079
0.06550281891581712
0.06005420901345979
0.06247548658614099
0.06454218669997804
0.06482677696936438
0.060584146540921285
0.05795954695500218
0.0543847534627185
0.059177232021091174
0.057984126496380586
0.057761889344398167
0.05070537332597024
0.050406202515761514
0.051735325873797915
0.05350120963706816
0.055870235975869494
0.05011682894735932
0.04899830983627391
0.04384131181369168
0.04029353715848749
0.03827209419741638
0.03715829076785522
0.035446198478903575
0.0349822988603759
0.03901587661315918
0.041895169779235145
0.03957067298429276
0.03488814436612252
0.035720963804289435
0.03486493048834457
0.03434864162148772
0.0319615727566151
0.027000839969651278
0.025097392566653175
0.02503795199961468
0.02647265817454996
0.02597497240681894
0.025339865534985743
0.021062785096725607
0.01935097159332725
0.018434685570329953
0.0184756126780231
0.018805896026031207
0.021014603028547872
0.018106129844253523
0.018078561274688338
0.018736331123531638
0.019666020895374885
0.019891867925978676
0.019883105427786336
0.018945175776160363
0.017969888029422385
0.01712504296392171
0.01731624559613431
0.018162976109427683
0.01731566966435221
0.0178509979046799
0.01738994875283716
0.016377995827008805
0.01601190339748295
0.015013929094207646
0.014908591936663593
0.015224092051517434
0.014583841261680233
0.014741091522927501
0.014649231560005013
0.014527198856654513
0.014766923025284364
0.014926518159373557
0.014226694754565422
0.013714444244325684
0.014090583025095168
0.011227523510383792
0.007951552645263505
0.00728226423594313
0.004213272444901247
0.005080973542692356
0.003968146812638939
0.003591861370794775
0.00303894287925859
0.0025653222284069805
0.0026108330156211536
0.0027140336240557934
0.002730952971926832
