0.06680331558644403
0.06677963620259332
0.06649461445720535
0.05910569792419503
0.06405207299513797
0.06038759574565425
0.052522516803417754
0.03866940367125602
0.04455140648528825
0.05839153700200465
0.05683838409015224
0.05435308979308914
0.049144041575916016
0.04343728345297109
0.045714330677242315
0.0389854718697411
0.04177602058057062
0.043832754332821446
0.04030369494980006
0.03835314261797658
0.038562598148592045
0.03993241383680109
0.037103110359714656
0.036352085864499284
0.03683635406635724
0.03648961453348976
0.03597463009022335
0.03733864905957777
0.03750136585749501
0.03714546882596997
0.03541388645197212
0.03520043832803368
0.03484838609711512
0.03612613434084174
0.03671544770880333
0.03410782014712297
0.033372807576082505
0.032373948386998
0.03077853601643774
0.029819289708619766
0.029379338004249737
0.028942147576901465
0.029170072013680666
0.02926511610118777
0.029219455901178557
0.02925110023357099
0.029221264440571104
0.02939187507735698
0.029429027744390674
0.029830888692522255
0.029991434504477766
0.029961101940655602
0.029697609416224492
0.030190230345417467
0.02709810804594041
0.021891768278115332
0.0214737720271551
0.021765868381241865
0.023901638620889957
0.025304233495779413
0.02062770759124577
0.02438317861317021
0.018911028762473633
0.0174122098524153
0.015260018464721083
0.013455374286847559
0.010901276508187275
0.011864718847935557
0.012728413462788215
0.014006399923752277
0.015240646532881479
0.01671839426642321
0.012011845965151454
0.011504740203691705
0.011895649162207794
0.011751303765161297
0.012425645986523858
0.011880239727974902
0.01210154848394004
0.01177472769935732
0.011267893039402257
0.010882416756965687
0.012272048192636551
0.00967046845628922
0.009609994561170955
0.009063367795194432
0.007160155029605484
0.007854421441207494
0.007217761094877916
0.006493591793356806
0.0075385193964205115
0.007877284987465009
0.0063830965890661695
0.0055503464746412805
0.004668417221254099
0.005137699355072271
0.00395986958956897
0.003116866879781629
0.0025985047506595963
0.00261967267920093
0.0020853318599757366
0.0014885799380314412
0.0012974554513793919
0.0011657737291694138
0.0011308359540171064
0.0012056063466204113
0.00112627336268751
