0.06724149100617162
0.06706491312934988
0.06689499195709066
0.06628533511697145
0.06570360125110529
0.06670404025716108
0.06414840673118173
0.05582393250417843
0.05971972780354956
0.06191807312787105
0.06018507715089211
0.05578572275489052
0.05251427492465488
0.04769353235508151
0.052319996893573195
0.04584514122403003
0.04591322277886007
0.04407494143998375
0.04652462479243583
0.04588095905063034
0.044680704298949964
0.04405580743421377
0.044201207659803385
0.0442577904150543
0.04363686121560399
0.04384320898361188
0.04199807116549266
0.04108298048673101
0.04128561847179414
0.04166738391485766
0.040692346699668897
0.04022353185214336
0.03783047501705572
0.03591201691834306
0.032662928201849455
0.030606168297871876
0.03141823450379543
0.03266227023548549
0.03198445468107729
0.03224784889347145
0.031929394971084754
0.03139965197436685
0.032133847141861314
0.031249068557004468
0.0308910363595296
0.03018646382161515
0.030375417428456338
0.02873686216615438
0.029875834503037175
0.029052202280486147
0.029502228867072513
0.02930604465396841
0.02785387851418831
0.027441616472078816
0.028199379577890326
0.02838727352141318
0.027685438549497208
0.02703485633199798
0.024227640150092943
0.0229673655554406
0.022091222366514427
0.02804293182912619
0.028192072720041143
0.027380263896096903
0.02708426014665768
0.028238710301841132
0.02672437609521872
0.025519711269816923
0.025680651031907052
0.024560596872639874
0.01605182871100075
0.013616775461483713
0.012416173866746056
0.011436608063767928
0.011740676141785008
0.012257110865873961
0.010916323306246147
0.010819073972198822
0.010534816638971468
0.010483514099410446
0.009948483465648958
0.012653455630701917
0.008474674993416545
0.007234610360511273
0.006207620195554718
0.005781933197665512
0.00536768259266149
0.006039737755771313
0.005168829437208073
0.0046005337936324085
0.004483419409188224
0.004347848953096025
0.0045323825455013764
0.004627012663858176
0.0042371872701591415
0.004377914596686387
0.004230081013946255
0.004232625230182018
0.004119490157355682
0.004579383681431247
0.0038903973678109716
0.00446281475656079
0.003380847785112075
0.0036696086688668655
0.005561692602859876
0.0026166910501392864
0.0018783463510163294
0.0018745919794131575
0.002191025872743989
0.0019559861771810535
0.002061426274471254
0.001960866316394018
0.002020138603899307
0.001993677680062765
0.0019890370315421377
0.001946515085764386
