0.06333359898926379
0.06664273518623605
0.06533756986498272
0.06383401442347279
0.06366214737506846
0.061819598955131165
0.06034566182261914
0.057477382898988696
0.05904518355630286
0.06137795261297085
0.05965228315781466
0.053972472382548264
0.04793286148129252
0.05227614585762138
0.05509617229746101
0.05064244014701439
0.05073489416092566
0.046706645291520986
0.040044066100265945
0.043246164028987684
0.04393192749367244
0.0431858855125195
0.039802776798289405
0.03876848193589819
0.04094742798468133
0.04134581004794065
0.04045678344778593
0.03838039509286789
0.03529393694086944
0.033797572768949825
0.03283724620344751
0.031663960950856905
0.03404790328925099
0.03378949942794706
0.03470123692016468
0.02672482418205341
0.02847349364544015
0.027224690750567052
0.024069675221602416
0.023337702585552705
0.024327404146273313
0.02442476074588284
0.02424432565516497
0.023215448013879418
0.02366707371074386
0.024437062781283766
0.02432640820775531
0.023950135421414918
0.022877480030626476
0.023846735136815952
0.023166957818503923
0.02302179941142323
0.02310460149284759
0.02298429001780234
0.022599570449600693
0.02205347516976402
0.021782051321873063
0.021622828189692047
0.01871621826339745
0.01456072197089699
0.007868620761998913
0.008231924215416676
0.008291277215611115
0.008834047069334784
0.007574316495519218
0.006820791456215743
0.0054600234593263726
0.006134494096928348
0.006252929978068709
0.0058017788993272095
0.004677506015211264
0.004304895782008406
0.004522447728255711
0.004819061377167353
0.004847361538495323
0.004804721331192032
0.004990812061328478
0.005026078220696853
0.0046613353302499844
0.0037596202777194984
0.0028673812350325746
0.003016100580808641
0.0027926951775080313
0.002840447530161174
0.0028261025323551804
0.0028456985041331448
0.0029352421885174298
0.0030644903290218757
0.0029353219658680247
0.002919733766696994
0.003163054505690075
0.004229544302438164
0.003036516433439122
0.0030701824373840173
0.0030501479511685857
0.0038388154895290724
0.004140907731324029
0.0049558271563373
0.008236718109356968
0.0041340883875331256
0.0050126341377730215
