0.06698887061169169
0.06452483559691351
0.0645836436758934
0.06436232980004544
0.06386948435306557
0.06260489267755742
0.058482622235866956
0.04669868754297648
0.0419239264490169
0.05934145653780506
0.06239114249107243
0.06014653788340627
0.0577233510955809
0.05483199805159362
0.055933826495854606
0.050487908213621695
0.05138487697148486
0.047351643306507346
0.04466412154297496
0.04044904255416192
0.03961144287421747
0.04146298530116721
0.03792513638844256
0.03786683995828767
0.04153746771223295
0.04029775185747717
0.040887283069107744
0.041119889268321885
0.04288244583971707
0.03839712911879206
0.03912141854959114
0.03540204045609235
0.03586443642453471
0.034065409384056416
0.031323748183918365
0.034452771855654526
0.018717136892789196
0.019939518427406978
0.02197757855482375
0.02285381221901222
0.02114946022724553
0.021345027809584704
0.021735413403237487
0.022191518502946036
0.023212588945963234
0.02384955858061385
0.023566882762511288
0.022751479224243337
0.02069628539370721
0.02014626183251294
0.020198465705637582
0.01912684073400746
0.01959258171152487
0.019176427514249493
0.02044862369683634
0.0217964085730871
0.013921870679393508
0.015945589128206674
0.011726257834281417
0.010274271128816273
0.009332560454296786
0.00727564705646531
0.0076888838827888035
0.008188541557559848
0.00911274498039704
0.00899001467851031
0.009023029510979027
0.00859828618455595
0.008497780643512738
0.008335346580913082
0.00822444763800399
0.007594658818205227
0.007322648581785611
0.007725558265599249
0.00796322837206381
0.008098941897112702
0.007892879367799439
0.007581349593543123
0.006967124597085603
0.007047722468242567
0.007297462598695239
0.007123717438921837
0.007091687046827144
0.006896408160035354
0.007039489413854435
0.00711046301127179
0.007297856937386554
0.006907324860148686
0.006580090024373108
0.006570409357756879
0.005989466103604237
0.006040097424993704
0.006055099195961023
0.005981993684176301
0.005890366792180411
0.005921683492395531
0.006036771191658211
0.006128482995509428
0.00594680021376808
0.005992762283567519
0.0064077839448124126
0.006163875272463131
0.005869830519060835
0.004761159016596329
0.003797126515120467
0.0025988146282674126
0.002180187961028824
0.002207878437675544
0.002115544775260387
