0.06538244131884839
0.0659379891390101
0.06539862644208445
0.0633110981018031
0.06463023142007031
0.06422749759181308
0.062420146439303374
0.05426083820814226
0.05601290321115615
0.05493800411359372
0.05346199130494439
0.052032426819484105
0.053152931316881896
0.059589042611339633
0.058548876891925436
0.05127289809010588
0.05172854146499011
0.05578784065729168
0.05478660728805266
0.05136770190139264
0.049200216624175994
0.049691695553684585
0.0504934801526056
0.05063512636993095
0.05157744678272009
0.05093200621804177
0.04937035634501476
0.04725261667919122
0.048282320475327975
0.04464335625717619
0.04213111421453072
0.04063356685716762
0.04090593708013157
0.03995549592941662
0.042729771030967326
0.04662755986113814
0.045157173240231614
0.045162376783917435
0.04469535291715491
0.04493552154306433
0.04363117704640652
0.041341424468031865
0.039375917037665055
0.03610884546871186
0.035978377465775
0.03617448097352145
0.037450245851393366
0.03395377080578694
0.034068642062204925
0.03297339020087897
0.032911677163255305
0.031031025221676646
0.03178770774951584
0.028010107850427256
0.024678722625909737
0.022266157991707197
0.02009650017762374
0.018754563849635683
0.01621616953203588
0.009887397971600246
0.007505825072940213
0.007834468755526998
0.010087732559852137
0.009931702955522276
0.010858020232538288
0.007954514644199733
0.005196954168381232
0.005166176045039869
0.005262712513225987
0.005268150105248913
0.005192109054654972
0.004916802076631554
0.00443286606679473
0.004894342964174115
0.006040264942092941
0.005388844264932857
0.005193671981848199
0.005864789954764765
0.006566023088636556
0.006453818928469173
0.004556277630710663
0.005353658881189586
0.004185588670698047
0.0038618782536859846
0.0034383439920238484
0.0037788723382694714
0.004196321560913998
0.004715355224449904
0.003418933079960233
0.003121293979667442
0.003015381240397748
0.003179799926486181
0.003591024185768389
0.004353519374152724
0.005629319687913345
0.007020500144775593
0.007652295846372723
0.0075999401467719595
