0.06716643941112786
0.06716643781626608
0.06419129628256894
0.06258535979900401
0.062389693408198464
0.05773884065817964
0.05034287482704426
0.04739537500863078
0.05410404261235367
0.05884218922155666
0.05328133724489557
0.050829244282326325
0.048829139938854384
0.047817048077528616
0.04807536253206412
0.05014594761339179
0.050634838335794304
0.050758074090010805
0.04728643750889591
0.045973174224658686
0.04541418770192685
0.04720402430145451
0.04434002562979214
0.04114872571719139
0.04137023882186594
0.03984524455980149
0.03874006132703093
0.03884613561569256
0.036994402130534204
0.03316667718357511
0.031515883169019016
0.03338412639370045
0.031584401777656604
0.027642308367143164
0.02577231527560879
0.02410550466987533
0.02365399738901639
0.023042224766266377
0.021947838321634362
0.020675064762053403
0.020735495232532087
0.019044326539699726
0.018025071898062586
0.01663550139604858
0.01996602784694598
0.013794003846390504
0.012551534382525847
0.012510464505861716
0.011018944003312965
0.010559275031311328
0.009765531928784064
0.009257729348186026
0.007811407197711979
0.009458899282357866
0.008005762681924518
0.008784606718143713
0.00870852768073763
0.006693792026639246
0.006694988215311742
0.006569865551888373
0.006491501065963512
0.006526692223065261
0.006414130315284153
0.00682931620952392
0.006862141713277086
0.006918037596730361
0.007006357945998996
0.0064692518373398325
0.005647246394111161
0.005214037846484493
0.004841852252193875
0.00461894084671514
0.0059599383812343355
0.003928203281570061
0.004895169715082441
0.004467957655321042
0.004170812321172636
0.004461232578284109
0.004415249251468919
0.0039321758793950555
0.0037931853388356996
0.004016888152509518
0.0038721743578887884
0.004238631833214539
0.004370572830816675
0.004176252026805978
0.004592418202673088
0.004518393069679998
0.00410182817954671
0.004670841158934239
0.004765682359260155
0.005653298006242008
0.009320574625912827
0.01687228678487217
0.0035779031671880437
0.002291031739640103
0.002671695517996278
0.0022087791667390537
0.0023790493989465657
0.002158619259714194
0.0016880751789701551
0.0018575198316856853
0.0018146774739201202
0.001846979672451658
0.0018535874981252727
0.0018416876790842813
0.0019353331723799847
0.0020820734051038856
0.0019353939381748014
0.0017136074611641893
0.0014369320483049973
0.001375871104930277
0.0013521772724854801
0.0011206345305019288
0.0011420975766780255
0.0011693618831787015
0.001548986475855743
0.0017246806269294265
0.002202235977963772
0.001741792757630542
0.0015829239433971833
0.0012104168216218853
0.0013673994428334048
0.0014245980283466048
0.0013960750230891075
0.0014107193036978218
0.0014344669031271396
