0.06309245663898069
0.06533641037978331
0.060660395513830165
0.06369984734859042
0.06394044247215291
0.061283628892479326
0.06034840875258161
0.05868250305669543
0.05609924336919734
0.05495727458158184
0.05517077482721772
0.05407246007863744
0.054025898742046
0.05080493448556012
0.053606114910532944
0.05058670130450851
0.05589065166234123
0.061066355351501206
0.05704617810617317
0.057039160906653535
0.056368238791402195
0.057162629665665605
0.056470563934329476
0.055076929930283305
0.05539662852446494
0.05514291172344011
0.054526924334095825
0.05423998619500215
0.05355354007650402
0.05297842229865176
0.05280884791899727
0.05333613120509449
0.05195658797494571
0.05361194211847949
0.05120538508590394
0.04459992163456234
0.045092507641674606
0.04287474316589248
0.03999022371919718
0.04028194966001266
0.03826965304569796
0.03488014072521818
0.035183617084514514
0.03599541724300037
0.03611676063136874
0.03647422006849066
0.0377444502177622
0.038550653638741356
0.037851790607313404
0.03828212597954762
0.0380608669132772
0.03821339320452011
0.038209326559743295
0.03759739791350852
0.038373585277165306
0.035962499815443395
0.03166896376210094
0.029027638267745605
0.027542281924373562
0.027668220196104727
0.026408256818030544
0.02732266431539097
0.027210459429284635
0.027104722948866664
0.02718544349743088
0.026994599535375686
0.029152202759695857
0.031060986695592447
0.03200061375946646
0.03196397252851429
0.031912625724174394
0.0298890318533721
0.026909904985201526
0.024601505046587313
0.022774768648616314
0.02599064210772674
0.020763075130681142
0.011989234136585394
0.010943253683501028
0.0109223298963914
0.011022769264485447
0.011175762768886096
0.01312780533443555
0.011644821848459176
0.01241322713800027
0.0069972412311252044
0.0067576829675544525
0.007242515068720873
0.006599032300609913
0.009146809046103994
0.004933397256976093
0.0028006189491269528
0.0027112343813846863
0.0025093475532373096
0.002893606285984784
0.0035979895192600557
0.005265903533241477
0.008323483022598957
0.012545919006987559
0.002405128718310379
0.002598519676433161
0.0032524161385210186
0.003639038708247668
0.003342190928658668
0.003278339284214273
0.005212767494233148
0.002542022156665986
0.001930012636237099
