0.0675253188284788
0.0675052074718121
0.06748288606452324
0.06541797280292726
0.06541467464682207
0.06742836219630553
0.0672665351844933
0.06463573965581357
0.064351142551142
0.0631423211346345
0.06375253601032725
0.06005434732351135
0.059460701746870355
0.05977515093099039
0.06441618828019784
0.062220360696453064
0.06385706491235386
0.06377236167750869
0.05515267030664287
0.052907974868935274
0.05388565998658601
0.055233912119938694
0.05419461870451261
0.050104795435506826
0.05155216866093394
0.05163488534237882
0.046114251921203664
0.042815282349738866
0.03877123361365327
0.036715904059456274
0.03543254006360703
0.03361684644801629
0.032471337455994474
0.03701228753234056
0.04052893892066981
0.03832648079079828
0.03770593774041429
0.03718819057842477
0.0355556993408972
0.034343546252777586
0.0334326847607403
0.032822101385964496
0.033449701512845584
0.03257747056174773
0.03197594511746972
0.03206175029783564
0.03482180529563422
0.029089146578547272
0.027812039833802968
0.028696939644640776
0.027217783657796212
0.027634414030087335
0.02702900497571248
0.027438038741085937
0.028089385795802998
0.027203685698235558
0.02560108911511726
0.024897953859035676
0.02173027768610075
0.020533400184982915
0.01897074768330064
0.02144037261165227
0.02124383144997154
0.02152512252164293
0.020811670788178936
0.02210196295713403
0.019534131886266223
0.020060794218075134
0.020035230269289706
0.019677035149647498
0.01964932332006094
0.019146303771547968
0.018813957986626075
0.019706673375979214
0.016363217013831012
0.016441924980237374
0.008867913232742167
0.005405942450141312
0.008219174788602481
0.006311748574385734
0.005240958080472553
0.005497790556454025
0.006783829672041237
0.007505504508203002
0.00645810167212319
0.005374427137762556
0.004889682144623247
0.004609548591845242
0.004448795132396661
0.003945486357473117
0.004028455658431798
0.004147900022202842
0.0038397064311542074
0.0040301411993396595
0.003505437269314934
0.0030022115707676036
0.0027520843298545522
0.002900051870438017
0.0027070019586380176
