0.06663888610894976
0.0664689382935405
0.06651774395527081
0.06542607306077686
0.06623573134290071
0.06589261903811933
0.06578781355654206
0.06366320870370618
0.06194498732496386
0.059735926712749896
0.061146120743233286
0.06221197360892222
0.06296776858685423
0.06060863295297259
0.055925232466704625
0.05902644478891585
0.05072597274719086
0.05077713095337254
0.051362833869941206
0.056103921434358106
0.05837503180598904
0.0541984431029726
0.04011931611570473
0.03895817456001368
0.039351265659086955
0.03756593747892264
0.04013488676054399
0.04049042222546214
0.035447017704999716
0.03486757639577649
0.03374255139675475
0.03357094181989335
0.03163527480583709
0.03153941248925403
0.03139643923607185
0.03041214961630711
0.029095780533018877
0.030200075893813527
0.03050773555654162
0.031091837632915873
0.030755855752348408
0.03068050215934345
0.030861802369590872
0.030573405215301438
0.028646915772677833
0.028244137615099328
0.028082264916868386
0.02774290428588601
0.027321844636128023
0.027000415888611143
0.027065986428588484
0.026611199833215676
0.026109318191243503
0.02656216901804149
0.026974312579943798
0.027465105636610466
0.02771292424172413
0.025158100865992867
0.02379178824083316
0.0204476979904578
0.007848754046002203
0.00907341782749365
0.006652363678187891
0.007284288598105742
0.0062098800617021175
0.007532824541462091
0.01052614178009808
0.015603454993677286
0.007594196487647466
0.007583320827166536
0.00774826954545988
0.0074944758226035855
0.007123431761973113
0.006277356457986411
0.004775545835147378
0.006444596647377644
0.0036845917427132434
0.0036677569961986126
0.00422068555033889
0.004819029851971844
0.004552320737355994
0.004197846275221201
0.003327040502136909
0.0032644187977437047
0.003241555474649588
0.002965915055034639
0.0027137862046283305
0.002580852917469315
0.002866324333196228
0.0027929352739794223
0.0028268721259571785
0.003191150492379805
0.005165532447098645
0.0074263870816486865
0.009372403234639665
0.011993092976079514
0.014455475230486367
0.004975000832424607
0.004399166411748096
0.004561425830871831
0.005429776475488807
0.0060643689637334824
0.0037366670449340174
0.003831174885435502
0.0033876209490806878
0.003185287293110718
0.002782964799778714
0.002215102308757843
0.002103094585114981
0.0021454309687934403
0.001977575940719598
0.0019012278670496687
0.0023559502638179236
0.0030531667506725232
