0.06574760682750103
0.06597346299248266
0.06361324701124638
0.06153054000314376
0.06163984362800403
0.061889621139898945
0.06141771418839837
0.0558262000677344
0.05607225868371837
0.055132404817908556
0.05150305964224164
0.05167327036382435
0.0570845776901861
0.05178427317841398
0.051237152080021574
0.050687156352618216
0.05105258195262928
0.05226245875915646
0.05216413295774725
0.05016896345519084
0.050317904000751194
0.05111033793117317
0.05099706239306138
0.05080989131362412
0.05200426364443136
0.05088103659913829
0.04658256009523031
0.04434769849963054
0.04294049015670995
0.04231229994057234
0.0423568963374655
0.042871906345404026
0.042794842478917815
0.04263304759714952
0.04169299681952836
0.04238834204184038
0.04013113572966682
0.04039028163043397
0.039617846675369876
0.03998139127139492
0.040424099396728363
0.040901652052158184
0.03890699202376386
0.039334339837615556
0.04066792770035702
0.03908179096183409
0.03924450478797471
0.03904746188964135
0.03929082609135756
0.03839877147792898
0.035305877319976864
0.03322213793113134
0.030776497224320496
0.030989514037849716
0.030975383136539254
0.031955890407074604
0.028070587432614435
0.02682173792558906
0.025251538276806765
0.023451061042564843
0.019574722062125908
0.019997167550825083
0.019062766930723486
0.01881068317043951
0.018703599262692664
0.01827793938128761
0.01820809610175687
0.019437641626012428
0.020013190771304208
0.01996207978909877
0.01958512739652258
0.018704875974557552
0.019700742734355584
0.020041125873628225
0.02057412023676882
0.020931363461069604
0.019194337177093197
0.018156977756689355
0.01331680809036709
0.00861031027297014
0.005908842295962046
0.0038897840093953737
