0.06527002254059387
0.06552818798705143
0.06515987220533886
0.06541574850789292
0.06471993687347596
0.06472995630937266
0.06502000287322289
0.061977074663266574
0.05803154639899732
0.057438145156068106
0.06151196221377438
0.055665565528805666
0.05985088843816645
0.05805419298052906
0.052099696999622906
0.048613890270232905
0.04851081686450954
0.05282956623203931
0.05483006053606039
0.050405233908109366
0.048852042079254546
0.04720220695700995
0.0465040462307088
0.046510411943082926
0.04656402503532135
0.046574692053423516
0.04571622889407782
0.04522572390326068
0.04310198989788894
0.04349380958495374
0.04368958276289286
0.043782801882723085
0.044221331089283736
0.04464160365332382
0.04537687876442207
0.04921688800068785
0.04525017252181432
0.04325999813171181
0.04288346710134561
0.04181478571014324
0.042004988615291367
0.03944624919063409
0.03575169491278754
0.035958678953996265
0.035495238330657576
0.03514537619648814
0.03474280015725957
0.035882916761308586
0.035817946708631795
0.03202523044589726
0.02811561260787405
0.026688185392438397
0.024107396215623387
0.021672161875611128
0.022945544552390805
0.02389519780628846
0.021402968659350964
0.019252243142106874
0.019488339855944385
0.019671170509040412
0.018964645493266798
0.020523180209265378
0.022036363686389435
0.0206286065865918
0.020774070892979026
0.020938898567664073
0.019653491454866907
0.016173250793674224
0.014450765533226722
0.010724234350114242
0.009525795671669723
0.008970629048810214
0.007262405259550383
0.0069562370645625295
0.004467364335911614
0.005017472838085136
0.004681887836564613
0.004554507917650313
0.004649351769867873
0.005029494388283038
0.004769729304357128
0.004577814248082785
0.005078744649602584
0.004143198124202253
0.0036663890855155278
0.0038492184021991587
0.003235051242549983
