0.06510272772133155
0.062063567190137676
0.060891258843515324
0.06328423802219828
0.061563108980195604
0.057612338862023715
0.047479798517334415
0.046993569886843854
0.06150396196896329
0.05290463627466435
0.05370915102992424
0.05181548852370673
0.052437016554379795
0.04319261077624342
0.041625641085402544
0.03802369422546966
0.038896136926251774
0.03479695664703454
0.035502340823184715
0.03749328576943128
0.04019677024910007
0.03931687609192976
0.03679642261406209
0.03641167293829862
0.03594996855271396
0.03522585206718727
0.03421025443786302
0.032621251127658055
0.03244943010845258
0.03171368515472122
0.030276773901521063
0.03145608168933047
0.03164164017658154
0.032112418774617055
0.03249570236808906
0.02802515374829301
0.02929030078137815
0.026600016235606528
0.022225909327930764
0.02194943927101949
0.022125006865608133
0.02219396144405047
0.02260041892442072
0.02303120932360102
0.02401851449295929
0.01987129917219977
0.02162340226922621
0.022089662417954587
0.02063009456212435
0.021021854616558148
0.02036995779232409
0.02001299344205266
0.01978094126669553
0.01929800156236791
0.019680179003397684
0.019890146010361272
0.019982403123069096
0.01923218507468585
0.018431698909787377
0.018385474980906105
0.0172027341218775
0.019265771834896202
0.01934200471335345
0.018178464064163763
0.013920526020559138
0.006916683895707586
0.007157141532222483
0.007367833853937722
0.006320723743566163
0.005951342773431049
0.006177206963589604
0.0069204295621411675
0.006958104048482693
0.009089254608104145
0.006673878719744929
0.005067719917405834
0.0051083568747629215
0.004107842654575496
0.004555935560745049
0.00543775350985428
0.0054844199025388925
0.004612685430985053
0.004714578839263138
0.004612730203654259
0.004562721098271308
0.0043674640522788945
0.0036766499435972543
0.0035820668373747096
0.0035764180536365883
0.0048272200752667825
0.0063040157960328035
0.007979809314391578
0.006630723612320892
0.005632335393445802
0.0051459320792806825
0.004100616551999168
0.0033097282320911506
0.0028789260307839105
0.0026203036566290823
0.0025872097052252103
0.002583124520001023
0.0025812595040709267
0.002558205198479595
0.002587998267799739
0.0024871647314163056
0.002465958622413725
0.0024847462410392948
0.0024815299645266757
0.0028635858613447313
0.002863725374955852
0.0019799534999697097
0.0019554462302302797
0.0019312314843916113
0.001967203511880448
0.0018767580973101411
