0.06555416163791664
0.06557160126532145
0.061978871252739515
0.0636992312336724
0.06453731047021105
0.06268306156072315
0.05347749156055252
0.05154227708565464
0.05694018453450464
0.06146391011434177
0.05812500660613274
0.06076217621951944
0.05639567198161475
0.06068358715706719
0.0629507752041274
0.061268289438791736
0.057878541677829784
0.05212359995416403
0.05177182783061096
0.04729530827792197
0.05272796366449227
0.05362652409270674
0.0485557765525166
0.045985193465039126
0.04567594351449919
0.04546383859771344
0.04607269294957477
0.046386179021100725
0.045731158115085935
0.045935976485509095
0.04512402648371151
0.04651782142315909
0.04642150505814193
0.042002169924676105
0.04183619324173454
0.04152731773267262
0.04042420839926772
0.04046083630995636
0.03859842161013959
0.03913569540945259
0.034702806601512544
0.03295912334947373
0.032626482331176924
0.030970450253261173
0.030277454517526118
0.029737280825531946
0.027893453939431642
0.028253037095441233
0.028857108642126494
0.02949101620590901
0.031032886789621246
0.029903352117661985
0.028543820274026247
0.029190117091832845
0.029331172422770196
0.027066973674605335
0.024847127054596244
0.024747926424595865
0.0246165528188531
0.024224750127182716
0.023869236604963175
0.024567595435311732
0.020497125292954804
0.02123027878421166
0.020431037406325906
0.02017226357561576
0.020168459753332032
0.020132132540760104
0.02007049594667745
0.020086732177200483
0.0200310912449842
0.01999436480253889
0.020226464870769074
0.019949059941395637
0.02189253528907509
0.014557389366818158
0.007594394726056095
0.006236465564478209
0.006448785427126742
0.006917367748888986
0.006828600348817117
0.007210450323470521
0.006826869922738299
0.0074949018404153024
0.008866583249653432
0.00995986887192363
0.012547279287422745
0.013190818824029043
0.014380419309895047
0.018320989690353517
0.008371490919840237
0.008052679352439671
0.006845204581203082
0.005716921808616676
0.00522061189595141
0.004685116016849341
0.004416833489494107
0.004020634457394808
0.0036533168682329987
0.0037610460058670847
0.0035738191588779397
0.005282707740134593
0.004964745451072401
0.004878407774602032
0.004342526630007895
0.004628442917623845
0.004461079445346076
0.004454608310821188
0.004067988990712777
0.004288823053084716
0.005639526582405774
0.004312888267799115
0.004732196017477284
0.0037505234101419893
0.003737179569219166
0.0038713270464818057
0.003738372814631156
0.003726119068337005
