0.06732818698313062
0.0672545400361509
0.06243578430283289
0.06499949772030982
0.06533750804022503
0.06308762667545337
0.05394450308764121
0.05343232674724631
0.0509605963730186
0.059254403750584085
0.05785865633768673
0.058207460903543895
0.05675844129381659
0.048251065872156516
0.04552187309836624
0.0508892282927743
0.052177922900633784
0.04220846615253002
0.041113824698009935
0.03956021289073377
0.04101925952696422
0.040126533888509716
0.04274719566458075
0.038083840633997695
0.03842185055411215
0.038315705428698395
0.037405352139146045
0.037778917908333966
0.03481454473892704
0.02428687958791651
0.025158736388324922
0.02552585846670326
0.025864937003208115
0.026351561538118337
0.02821075951002064
0.03085519382497285
0.028642556701804267
0.02912926960977465
0.025823323053113516
0.024345903397763234
0.024589822035046553
0.024159208643416728
0.024301915158276694
0.02218386001622622
0.022493552165506154
0.014761749212649302
0.007844734772058038
0.0074780659413373335
0.00597560254659101
0.006225257484510822
0.006031131385435941
0.006709749574475457
0.006024628560604956
0.005307427395707796
0.005029862582658658
0.0052706783483875705
0.005207612818977944
0.005735701038653164
0.005151673593081669
0.0055936359833521476
0.004248494751675796
0.0041665888273423836
0.004644296987101095
0.004514719834657019
0.005816639045300361
0.008672574569493819
0.01213864222926646
0.007657317537008489
0.007342901814514868
0.005833218691703951
0.006436253445563793
0.0053557298627567385
0.005362607210482444
0.0058376933450083315
0.005382808530546928
0.005354364755242853
0.005524877230761213
0.005513454224125902
0.004719100515044589
0.0052504698769138235
0.0047612237908009935
0.003522749958456645
0.0030121604547686
