0.06255488254080117
0.06458094194456357
0.05982411753603121
0.06111924117723015
0.05984252371988209
0.05866880135625037
0.051017598018721765
0.05364995819076904
0.05167648481261466
0.05735463717574405
0.05643796737903451
0.054271502138354785
0.05364415581422878
0.052734930656372025
0.054305340136482874
0.05295400377593423
0.053806611406410285
0.049948062819805676
0.04996687965347871
0.04880888043933879
0.04877785237013868
0.04897100007183934
0.04812875526077748
0.04709572851627274
0.047858671322128746
0.048229262541271245
0.04824424613640828
0.048383363887458994
0.048825565586082524
0.050243413608991
0.04820969486562122
0.04686923346717648
0.0438986217126134
0.040940529236616105
0.03836142378436443
0.036627953025064074
0.03828994559896343
0.031599781489179905
0.031334946207375876
0.029466936593513956
0.030884099182467588
0.03129406298880559
0.03136526973623514
0.029587644427562305
0.027515255564246634
0.02826672783809216
0.027356666830302388
0.02684551248564049
0.026335686468008025
0.026449856598818582
0.027443729845866495
0.02579277255383775
0.025725080428760993
0.025884846619986104
0.027017631181681896
0.027237142247998374
0.02549280645967553
0.02618588066044469
0.026096568047739077
0.024354489509833353
0.022605387722054695
0.023258097349310787
0.02292602940483011
0.021757229375248387
0.021410730529728722
0.021114961017573833
0.024134168965959435
0.02126384338359738
0.02121415832547027
0.021004269825876727
0.02069623980224075
0.020716881453033804
0.02151057593295286
0.02034345527472799
0.019494722497058754
0.020974248819794667
0.017118986405268318
0.009171048981503617
0.0073269421454509615
0.006265463422667353
0.00564790584491256
0.004899028563320079
0.004030115335832679
0.003416858536522864
0.0038653972618987913
0.0037998110545306454
0.007928732606474313
0.011296174609247337
0.011512168543774827
0.009350206893560257
0.0044622515834010215
0.002432609531431895
0.002442835358846394
0.0024141249909479592
0.002159406472831153
0.0017584034392158858
0.0017371275809943839
0.0017643475512721376
0.0018233114414751342
0.0017860170408566763
0.002036949651939961
0.0030108988442559327
0.0036457127326729507
0.0027954169003560963
0.002096049615988569
0.0024958034094540176
0.001815395720563429
0.001798015432088897
0.0018689754681562429
0.0018583809511193725
0.0021121786855440388
0.0021610952923883588
0.0023612026242783328
0.002240405288789805
0.0025275860788517915
0.0024584689616233236
0.002434084429286793
0.002444892644328471
0.002466870813881157
0.002381009727198873
0.002354428795357494
0.0023190644360148744
0.0022713444013745853
0.0022256769039484424
0.002178426503911891
0.002392828221232347
0.0025782178369037983
0.0035033202887617258
0.005899745522059283
0.004965764026483386
0.004925023576525291
0.00521320664564956
0.004029765002836791
0.0043767696390058525
0.003269181091898365
0.003481675267874072
0.0040303716629938
