0.06496224903129458
0.06356051145105372
0.0641753283616345
0.06405500293454176
0.05923208502847283
0.0633178429731653
0.058606710186783234
0.05310350689334239
0.06394607611759534
0.06017085181953471
0.058124942020800235
0.05548698325238596
0.05615608560156205
0.05214673713091588
0.052110133764886206
0.04535699917399031
0.04905713020693796
0.05102278105122681
0.05079585815828129
0.048642512733719154
0.047806872673337365
0.04659118638968146
0.0478317625182909
0.04694743939508428
0.04504288150326853
0.04484226048281198
0.04503716703130857
0.0440367332736734
0.0432550614706946
0.03594583179464808
0.03470931245053757
0.031300701405202774
0.03393338240225179
0.03191384325389222
0.02985443423151197
0.032533665467113546
0.031935174130500676
0.031082473585692702
0.0306662834525637
0.02880500576555182
0.02801542540694501
0.026204736452523143
0.02621873604979819
0.026671634696244877
0.026260450538141827
0.02631213788079774
0.02848414047014658
0.024345752499282013
0.023565981420702032
0.018431929197582585
0.014520161439973096
0.010836151578501776
0.007615944014791953
0.007632858079581711
0.007853673852811239
0.008138357689607363
0.008062903189815677
0.008596976370970118
0.00855224809137684
0.009032974379049569
0.009345362505003915
0.0087217893754194
0.005114377307996857
0.005194423918117063
0.0050267375328152996
0.005570707716958585
0.004676811654285132
0.004533548571926452
0.004350665135276172
0.004175094900475386
0.004202449395383927
0.004582960572560394
0.004574473483451315
0.005489417406440266
0.00620202291422335
0.006900183153447468
0.009534207786481048
0.01281177884237599
0.016359850786516365
0.018676650010964968
0.021100909481965358
0.022156310774493544
0.023073102061178425
0.01963531308510806
0.01886124134438948
0.013981881146068461
0.010775150939931082
0.008387657655098645
0.008188957334852887
0.007124839085808987
0.006751617182218631
0.005740664438172679
0.005682470888216925
0.008735240128404594
0.011182074291475514
0.01202709497230702
0.013828939240696383
0.013821517235109926
0.014177035759974182
0.01486952766684255
0.015386748963428086
0.012859381167189597
0.013258032941102274
0.012727904451572004
