0.06589918633959907
0.06525132732974671
0.06563615065271002
0.06473780180415885
0.06445391176265572
0.059759754602948495
0.055233738659901756
0.046872337568480575
0.04989477454918984
0.053185104984972906
0.05386849605774309
0.05436530278360811
0.05296117928402798
0.04740767962753146
0.0472067299583572
0.04610275602373025
0.046546473917955834
0.04790461481641506
0.051090975252132846
0.0474205833734245
0.04725721210445564
0.04792008599267633
0.0460984487131619
0.043305128409466924
0.042613237604503564
0.04259831497509274
0.04117154607867479
0.046812578849928024
0.04491502789047609
0.04291706787525346
0.041960131786618456
0.04223456074296277
0.040229360630615225
0.03905992953588748
0.038948426258356955
0.03979900980213202
0.03828497907183644
0.036714439532003394
0.035823510835934144
0.0351053484212148
0.029870527428802744
0.029189317368723374
0.028869077952948262
0.028348165246086014
0.028356117259653965
0.02686440916453535
0.026923196892825685
0.026158544869067178
0.02831088264146299
0.028185468888413785
0.025986876756384978
0.02493888308400044
0.02208629381345595
0.021430269478745514
0.021411102012040033
0.023893090157929918
0.01833124116514627
0.017472488971609672
0.017102612707066887
0.015495304242176862
0.01527449157638837
0.01594386804047347
0.01597940285010248
0.015065834949296664
0.012950086584280264
0.010123320148571199
0.007472019690752901
0.004178125785536216
0.00354213951803865
0.0034460081735338617
0.0038979323088933725
0.003941474248401086
0.004789878798433522
0.004855896662260723
0.004550152040391273
0.004514858420532863
0.004594670653220454
0.004886006068231416
0.005403434160583507
0.006513569361698584
0.008131868362793454
0.0029670570648914975
0.002604785941430325
0.0021660905921354334
0.002083600885618479
0.0023647201204142127
0.0021903931558886892
0.002128285511580674
0.00202700491853123
0.0023010265792059613
0.002238017714396369
0.0021468771785645335
0.002166813051718014
0.002335250722555398
0.0029669546410729755
0.0022282578269464007
0.0020129615772987173
0.0017017702866319563
0.0017184431955725521
0.0018664979838189447
