0.06681908205152305
0.06578494961026905
0.06552343272685866
0.06382431495007447
0.06281845064801847
0.06025663442320449
0.048847815154498764
0.049586801496698904
0.050717305257580995
0.05751387588952049
0.05566071907771788
0.05345858629651691
0.053187966590681666
0.05319952203012095
0.05454241482052971
0.05326108340724454
0.048621643770137064
0.04885361923361197
0.049185359385638894
0.04678431361402374
0.047422715352876316
0.04744108311608909
0.04416030317354194
0.04185694889268322
0.04243120793191822
0.04365025177630304
0.044122540472399635
0.04449752461483448
0.044132380793381186
0.04365569044314273
0.0424690416009602
0.04315934975844008
0.04407497563082787
0.044909259447165666
0.04570104425715763
0.03971985258153026
0.038482485663427726
0.036889188780433985
0.03410825637912597
0.031676815092866156
0.03021137692066574
0.029224869465330223
0.030983515264459163
0.03136270805526092
0.031173980096180897
0.02923963225763766
0.02769749756088479
0.022254568564248477
0.01746757144545514
0.016783950923152133
0.01621206534670087
0.01535023801139158
0.015202005122621383
0.015363258134621605
0.014933198504607241
0.014273891080364283
0.01420346618393611
0.013823718790014379
0.014509629823912377
0.013050950621312465
0.012144765353034446
0.010492609092225248
0.00946029982881441
0.007448396989934316
0.006797516717306961
0.008347567177029825
0.017138960401699196
0.006749856708588614
0.0055158367045567884
0.005183944255637509
0.005228289184877422
0.005308807686988997
0.005355506983801901
0.005421528432107662
0.004527014611877465
0.004600976072703948
0.0042854002704081065
0.004375719252990392
0.004402625058714251
0.004724777579231942
0.004204491977666806
0.0040333113458750035
0.0041726208484823574
0.004140052644493268
0.004176314104125907
0.00424111092150483
0.0040802943544759555
0.0036988145320546372
0.003594866255149094
0.003031544970228391
0.0028412071376036547
0.002763950054862276
0.0029279309339369916
0.0034428795774605636
0.003125246944603086
0.002997153003922001
0.002874634280571026
0.002971866107302564
0.003258102254617436
0.0032751823943105635
