0.06490173148569608
0.06461499728726236
0.0626258003949363
0.060030669548970315
0.06124139328570995
0.06082415607878503
0.052093318328880936
0.046751982971775276
0.05165828472527216
0.05622206620731525
0.05219529334515742
0.049200554469150004
0.05157280306401825
0.046045576376889726
0.04624175215156555
0.04398529638541655
0.04311435998622509
0.04450663212512912
0.04467160683701294
0.04088055574864241
0.03910570159893239
0.038037559719779
0.03630751216488918
0.03575093463749687
0.03801527365921965
0.036017022535388
0.03552801488156815
0.03488591871859528
0.03462182552953799
0.0359104271186888
0.03303624527962968
0.03204605885800052
0.031997458547278874
0.030724603958758853
0.030692735280049514
0.031219242032266517
0.030981973632868188
0.03040637752086349
0.03000219966673393
0.02922783041425605
0.02842620463260316
0.027486251824707274
0.026431790081598475
0.024533387307234988
0.02364259177686587
0.022756400874803396
0.022916630266643125
0.022144786791832342
0.022382124238421876
0.02201120543223388
0.021893596298377112
0.0220461535386893
0.0150337241263546
0.013815216901103933
0.009147564825003137
0.009192123567660939
0.010046655613735304
0.007964159864608147
0.00798012244200234
0.008284982462952152
0.008803512960809983
0.010942951985139435
0.01196503433129488
0.012731306683667166
0.012744284342349059
0.011885173785398806
0.009535344000509776
0.00538195507176725
0.004470602529396223
0.004670877625982092
0.004612031880192924
0.0037522745840714946
0.0038624093124404522
0.0034814592953334197
0.0033741572937469005
0.003486723883127672
0.0029424226089520664
0.0031749385676289603
0.003923781429873616
0.005007078801925778
0.006265751967981402
0.006964625535593093
0.00685919272332497
0.003783902095858641
0.0037466294772034027
0.005283410959300501
0.003520581268087146
0.0034770919337303247
0.003422073284642017
0.0030871899667067096
0.0030433223074186576
0.003000311168395813
0.0028976497311008517
0.003192010028559657
0.0025519195624236967
0.002821003963347738
