0.06203149817138574
0.06406744905503228
0.058536492404818695
0.061229608559289016
0.061004743230726285
0.06003300332273685
0.055788806183494535
0.052788634265212464
0.052981286364375976
0.05552750469853371
0.0553855420889196
0.05312306127492739
0.05402938411854371
0.05117621823793212
0.05006023067763955
0.049906698165113755
0.04995883727394214
0.046933459151235805
0.04679478980410765
0.043367925615215505
0.04174702218676458
0.042037516847499116
0.03996406438345566
0.03566905541584646
0.034771805680478246
0.03362630542956608
0.03122389681373089
0.03105291707411149
0.0317000496486349
0.03300910597467069
0.0336331274285466
0.033256135874650566
0.033383297722963515
0.03358402718443749
0.032613056689650796
0.03551623897160805
0.030156757549861003
0.0262595891924223
0.023994002212572387
0.02343585787278032
0.024776806906668263
0.02137903558954503
0.021976706644465254
0.022194868599275823
0.022970788503358205
0.02165555934109781
0.022096248039803566
0.021881975472232792
0.02109933513410328
0.020019796513394736
0.020397574626037196
0.01981145089436205
0.020285339809052616
0.019439491098792967
0.0188305886385684
0.01819424285976047
0.01796400083236223
0.01790750142360955
0.01785620664928211
0.01785097115650508
0.017810072995460436
0.018258778402151774
0.018546022225523453
0.01882569736935392
0.019046468237451954
0.018656662956438204
0.018776930126126502
0.01789602523930044
0.020665970179190446
0.021364767402650125
0.02075048242432296
0.020921693495481678
0.023098556891932836
0.020273596850482658
0.019136410214879614
0.015025096674143026
0.012485069497703786
0.008588908770434658
0.0059386471547852775
0.0053916823726443104
0.005079144790944988
0.005605301574552872
0.003877991139526614
0.0028882412679597192
0.002406701108963463
0.0022689934521629013
