0.06684273515670497
0.06684989692745369
0.06554838009178375
0.06622208896862425
0.06554274722489772
0.06625378026901417
0.06541008274321387
0.06236844422839256
0.06367890467154928
0.058872580872786386
0.0491873140965125
0.04971134775577122
0.05349082309260877
0.0543990176172283
0.05795613214355268
0.05207801367723946
0.05177447179419048
0.05312006138247829
0.05152503855078333
0.051763828702704566
0.04595630419923528
0.044214079903485914
0.04389070816870636
0.043842898527565684
0.04415561728812947
0.04415298960347214
0.0438124506509629
0.04311734206213004
0.042006961220571945
0.04204275626326859
0.03987905729936116
0.04076392308073839
0.040208821816271695
0.039618452988899565
0.03961022272770641
0.039573037629268885
0.03560124171281294
0.03349133231813877
0.0323589270966571
0.027889959698608996
0.028595137662367986
0.02971174405754008
0.026132520839968452
0.02424248406772234
0.023610277225133453
0.022780463945796352
0.022495640483864283
0.02168270609186466
0.0222554001191337
0.02434626433974491
0.02527744891280007
0.025463848801889673
0.02580358946047496
0.0252623935305138
0.0237406760944073
0.022274995713933703
0.01759356038076385
0.015016761948561443
0.015880882958049947
0.01701950860157283
0.011850730577128012
0.009479856898283045
0.006171078658712776
0.005490805955394435
0.004811140225942859
0.005020656606026938
0.0050553790127950814
0.0050564240587755264
0.005091223290048125
0.005332374835750451
0.0049737353873561905
0.004398258039746582
0.004373096298628335
0.004195569306794927
0.004437581917556624
0.004223909307873658
0.003612286211589391
0.003640287349253507
0.0037148536994075798
0.00470614974276198
0.00814105564861218
