0.06245399154037436
0.06620669415413115
0.0639512848382434
0.061759789941014116
0.06230884736276767
0.06501087340200978
0.060505949090941105
0.05302566017395121
0.05572074871017527
0.03818072136380581
0.03951379915391808
0.046580613975042734
0.0572797370930619
0.05618100973022674
0.051998339877740454
0.051161420039958924
0.05201407327486895
0.04846041792137083
0.04608722172436857
0.04395870954896631
0.046098448231309624
0.04749330951529301
0.04609410932514507
0.04623056159996059
0.045545890644206194
0.045832012701926314
0.043737059955347914
0.0429790198908343
0.04322826011530781
0.04296565414029254
0.03734466951496854
0.035025515643115686
0.0347059197052009
0.03497039436838369
0.03342936011678154
0.03311536597838445
0.034874672119853706
0.03163841797396844
0.029519710421117534
0.029378866704289727
0.025616966657489627
0.025386005389287154
0.025357516314153443
0.02550478595074093
0.019027252415126705
0.017121478509786608
0.015581486394779333
0.014651676578649981
0.017127310372709773
0.015495229890658067
0.01486033192247974
0.016522345098022004
0.01626017991339647
0.01347133168965044
0.015400304427545804
0.016687853004960444
0.011612705744222943
0.013074548313647174
0.013094823177186986
0.012845702205045403
0.013945220217738887
0.011203216738208878
0.011050871647248925
0.010893561597366928
0.010970406790005115
0.006965387825839562
0.006258100244550495
0.005611597611937709
0.00368926383783935
0.0036472303373728224
0.0041893111056885675
0.0036885751288155406
0.0036078888583634555
0.0036486223363021357
0.00365107696513335
0.003519645199555833
0.0035600372840272642
0.003639117356092863
0.0034755721885419747
0.003582953745664023
0.003952929510723399
0.0032647375782848802
0.003248165185403514
0.004091077203695168
0.004600620731439808
0.004716617072877957
0.004800239300575654
0.004948610935370775
0.005305426097308219
0.0046943708182709725
0.004631479203564303
0.0045826944973931935
0.004540726619854237
0.0046659497957867065
0.004649616894540206
0.004934015766010288
0.005089710803712781
0.0053659685612134425
0.0054813561100476894
0.005387930348848942
0.0049078889492092746
0.00404207554327281
0.0036389820271494904
0.0032892866935608917
0.0029689727328169463
0.0029942498402536215
0.0030924989056772007
0.0030219658881752843
0.0031613178751555174
0.003329099558202767
0.003755990299180871
0.003994891121992985
0.004415011719457673
