0.06560150827372646
0.06566878609303028
0.06576298133172144
0.06594673032693041
0.06581797101080077
0.06514253416210587
0.06507496255992659
0.06307348764566079
0.056495164525521724
0.05206327906268571
0.04628021119240446
0.05020465872013033
0.05334782651830295
0.058980767402850805
0.06063365157197781
0.0516250989530554
0.05098136166696135
0.05058635416128113
0.04984932839890095
0.04984822511513168
0.04977450170784577
0.048283655680167924
0.047565034058585115
0.04733470240069234
0.04755956721751617
0.04801203698400359
0.04770141064986072
0.04919496355354777
0.05028994017990022
0.04923326856640784
0.04718284574338003
0.046489169307991074
0.0456027782779451
0.04152449794063454
0.03999059665185599
0.03738968777819852
0.027686702495950875
0.028120317455394422
0.02470191269205438
0.024314842669974374
0.025590038376377456
0.025623522415036015
0.025930857343912834
0.025415392772726305
0.024542075269693348
0.02467993056830563
0.025518946185599793
0.023364369819914462
0.02164943950492547
0.022010834727706693
0.020144077956477595
0.01912576655164955
0.024729103936249646
0.026223526812767874
0.02631751737484599
0.02640433093004882
0.02565064848264992
0.024571710294922968
0.02319075001453069
0.02172122872391693
0.019860783113973157
0.016423206861369593
0.018725649489468157
0.01704295259230842
0.020105217704869633
0.016701913455060134
0.013795348769962832
0.014839108015024026
0.01460804063390759
0.014105079232758715
0.013501691694208985
0.013450755400922845
0.013637578932749106
0.013539459348320796
0.013100529377940718
0.010180585226335442
0.011577935218857376
0.009514095288898636
0.010992081718500149
0.010931749084654009
0.01152680270072817
0.010517290611353522
0.009352575837673176
0.00693551622936782
0.006040243230997736
0.005189420874442821
0.0055399744807997624
0.006109910058324776
0.005954492311173022
