0.06721119748936552
0.06703809787971032
0.061564348431900624
0.06661002645993865
0.06621523238401276
0.06696605802879667
0.061180017392842734
0.06020876581678332
0.0611193360633083
0.06248042767109465
0.058342028540235895
0.05625490959169706
0.05988025482290512
0.056243133064084114
0.05264371777132413
0.0476196495883364
0.04759441865788839
0.05454695018027427
0.05340106818924472
0.05174508121328296
0.05158319955530506
0.0519179183947473
0.0501358006566697
0.05084089089947501
0.05100520742907591
0.05078430603057901
0.04879057532020119
0.04746633027223329
0.047703294220984245
0.04866854627765238
0.048398986686517056
0.047959400932912566
0.04828150388346539
0.0482580044412581
0.04743743195871467
0.047644856420597244
0.046422417559694944
0.04711753392683463
0.046643698055166063
0.04444141838438388
0.04355160387895955
0.043354392737541825
0.0425575636657502
0.041875813756696245
0.04076323930738907
0.0407045950333996
0.04110424919507439
0.040391179155309986
0.040712251659857854
0.03989967773176662
0.03918765826594985
0.04063456201531432
0.03906195057085303
0.03811840233826117
0.03622850144244434
0.03472864198550293
0.03488925268138622
0.0344103570044538
0.03415849528767761
0.0341063323099487
0.035613056642002136
0.036566524906023766
0.03640977579185956
0.03655348879034535
0.036492489032048096
0.03652155218487139
0.036328308263432876
0.036568813318359594
0.03650736253845784
0.03575934265717382
0.03614203414704455
0.036042363676925045
0.03582004776406421
0.032009350405891916
0.028967654206062746
0.024059771228749905
0.021466110356266124
0.023793960570169803
0.02456398514591931
0.02426257310610324
0.024448358255395406
0.02616001929378067
0.022281625999664732
0.022159849446563105
0.022255530610314853
0.02290671730758546
0.023654065539951856
0.024188306012990594
0.0239382049321267
0.022978472506542384
0.023060587826661753
0.02335381921164414
0.023373880039596368
0.02319077222863977
0.022919676112837545
0.02334470002049254
0.02246208386486747
0.022408818773886004
0.023089823947885765
0.020291951348582637
0.00615694442899737
0.0030710645307514576
0.0031954547846363033
0.0030597225953690513
