0.06741152619500307
0.06749980008690505
0.06359821151951252
0.06582777771463116
0.0673136799407052
0.06662239269194085
0.06510058371066926
0.0641948728541191
0.06434233561099596
0.06369074302926547
0.06219209450052008
0.06003593623749541
0.058191222421766185
0.05410853885852618
0.05536351047364754
0.055535603988557954
0.04793289627582956
0.04945612027383609
0.046978502054387
0.04588304183176474
0.045370896915592034
0.04459581156479154
0.04469800169222539
0.039573551311678
0.03861178777880259
0.03914255380288939
0.0386054907537914
0.03966394115369748
0.04056185363595683
0.03586240849141051
0.03627240229827983
0.036215184337770975
0.037539725375356214
0.03608169990248137
0.033540459644620685
0.031474460221232826
0.029094086200176315
0.02985940692725056
0.029672981777286802
0.030368214368894187
0.031318439143219634
0.03211607390928532
0.028823114710354064
0.02729186018456203
0.025480836375109332
0.02428932796970848
0.022049583205138962
0.021025661252414438
0.01933917972695818
0.018394301099483316
0.017215517306009318
0.017391877078881103
0.018131503484171013
0.01833982436601336
0.01822955252794799
0.0180626087288212
0.017206741558802304
0.01712770915572764
0.016916624463977098
0.01698421059785826
0.016761135172518222
0.01622987774264624
0.01744855849062209
0.018401731883079836
0.01797008330686589
0.019181673956292597
0.019623139288289848
0.024545271722463975
0.026217119588375557
0.02241449885425861
0.021620823793335485
0.020557002176580543
0.019988165046514437
0.018499348349693818
0.012416104120930695
0.011386778558052531
0.010623235380895017
0.009953666420901314
0.008946125741038405
0.007260032614753196
0.005517924163682022
0.005127664356184723
0.00494945597876516
0.0048546824332007426
0.004996412109381184
0.004975429574897075
0.0058162639053262934
0.0064967209720428075
0.0065517200290763095
0.0033652189416800214
0.002570858588694097
0.002583544297908818
0.0029036321142815206
0.002862050284962512
0.0026619271855862986
0.0026828579720658842
0.0027206967846847025
0.0025931602686909035
0.0027397899398481675
0.002590940220315834
0.002133881316947293
0.0017540867040520365
0.0020725651243864913
0.002066274688621403
0.0018308416283918736
0.0017736781861600447
0.001893344680890112
