0.0651076872549382
0.06684369480519584
0.062019525617537256
0.06475763660287673
0.06070370067267041
0.05267539275456684
0.048058131815772925
0.05064435940614646
0.05380343000524791
0.055254258144255664
0.04937101081067638
0.0430769905376774
0.04138899556275951
0.04197911468908009
0.043386316712978865
0.04132569836244441
0.04071284855087716
0.041759154487618355
0.03877652208219152
0.0349386681732276
0.03370487715830988
0.03088048622297933
0.029282391554225518
0.029167364375279316
0.029367137503253413
0.029313084289370673
0.029525786085766673
0.029137334988781318
0.028947080968205
0.028871393844538434
0.028733709420748352
0.028338782734416514
0.027812919794685535
0.027244826153475586
0.02733525770086336
0.027337213549543375
0.027829327799799363
0.028272293990547936
0.02616130406802284
0.026743603562069042
0.026962003870012616
0.026281119405086387
0.02568840955697806
0.02395408008876297
0.022079011198483486
0.02122856214671635
0.02094528376307261
0.018329884539548983
0.01583571889239338
0.014650474121783339
0.013455962090813652
0.013111709587300567
0.01351093568412029
0.014670659218928076
0.014419578100387869
0.012881082363967143
0.012641330774914387
0.013121656590475558
0.012948515783619547
0.012381988634547196
0.012423844301996875
0.011877579442357794
0.01179192721922403
0.011669656211316323
0.011475574753111877
0.011329993878827016
0.01133794580970884
0.011286432415412186
0.011179301107086901
0.011004987223442836
0.011045465262647164
0.010781878939978784
0.010443030448314891
0.010135871924550087
0.010008577285012218
0.009502508765887197
0.009601820608541211
0.008829863152131924
0.00877513152387968
0.007778712094528471
0.007715679955400573
0.007124506494603855
0.007009213051809728
0.006970859345451725
