0.06602784764877011
0.06605122518731088
0.06435744889878386
0.06544750378992106
0.06374674189624184
0.0609746694297065
0.05792868544494217
0.05611379546030176
0.05632484760349168
0.05125445284679991
0.04709613119192714
0.0454595615753669
0.04671819885934485
0.04876722382406564
0.04811862928975799
0.044110506442774165
0.043147682195028486
0.04110594478535787
0.03870189556725761
0.037226592850371734
0.03548789969027706
0.031707740605950004
0.031017039046489836
0.03085817500750999
0.02931222116073784
0.028493258885238338
0.027829913129585004
0.02914154546572307
0.029160262848553806
0.02848572205282909
0.02603193471941221
0.024810958904848843
0.024455361998144392
0.024884597800034436
0.025819384157390064
0.02615208993849619
0.0271099273142331
0.02726029264475145
0.024229801034272695
0.02164752959251761
0.018641246973851205
0.01688651375153347
0.015782740673242826
0.0138913468493777
0.01159723513466585
0.011678120679840316
0.01112422143691929
0.01242649460658479
0.011818789543268565
0.010354988160337466
