0.0631786903888685
0.06475317663848736
0.05882521283699257
0.058773240839651054
0.054719535727285364
0.050094211162465076
0.052303349750494665
0.053654644167272114
0.05447121584806569
0.05404127523164414
0.04568465258951537
0.03840480830490285
0.04176775664491516
0.04309341861548468
0.0385828503885142
0.036049021366261244
0.034295056521530094
0.03076018356094829
0.030825497282386177
0.029996202745532153
0.029954225727126266
0.026524510329705923
0.023662396359468946
0.02289803610615643
0.02354096225627373
0.022690741278137885
0.02225793517254228
0.022236827382475996
0.022510215308600923
0.022626902208579647
0.022552477805074352
0.022091241339636882
0.021526165312193916
0.021684217824141528
0.02135612850725019
0.020726557880393615
0.017374470698040618
0.017143383750055963
0.01595440149726529
0.0159649410076118
0.016270220229542803
0.01659263489801719
0.015674979346265754
0.01146739844864961
0.009379632911353804
0.009798305997772361
0.009575668287486622
0.00945972330085128
0.009991965521290521
0.008915334126005717
0.009043750245857657
0.008941769243343353
0.008948526183782573
0.008931354456080311
