0.06539037308564959
0.06684014613329875
0.06070846861294147
0.060945817430668875
0.05659053819459486
0.051107016616892514
0.052181926908421584
0.05456272253580916
0.05412821841466259
0.052271684330602565
0.0447276618806284
0.04337594422266459
0.04787892701173182
0.04629972448736261
0.04231871231318258
0.035656452692322115
0.03464928207109537
0.032099280468835485
0.03227662243286343
0.03132919322056498
0.03274211589336798
0.03347342662277828
0.03409486478337432
0.03361818137769903
0.03424940796918262
0.03425677272231473
0.033881716612312776
0.03384354111329315
0.033531840601410165
0.033247042848606516
0.033044341768792514
0.03293486137457077
0.03270535858354369
0.032249873666146414
0.03183113277903279
0.03171632672238739
0.031860249846234576
0.0315994910655445
0.031158846774547486
0.03128174026431827
0.031185936149925923
0.030853494694699578
0.029773972571913797
0.027821021655371835
0.028373742335574107
0.03081772674494393
0.03247046764336968
0.03220952531430649
0.03075003294555439
0.03065146749922772
0.030440080074353462
0.028645836407299792
0.02581735181346735
0.025717406936749912
0.025961162575943327
0.0259561041937788
0.024305182889804933
0.02317757883733397
0.02193142686611423
0.02160920880423862
0.021661896179193927
0.02317067571211039
0.021956653681991848
0.021761672110463193
0.02122546912470276
0.020823741387728235
0.020784750984768813
0.02073369107158889
0.02029758291384694
0.018251988232493736
0.013643739527151783
0.011818260344412941
0.010710339407952366
0.01019750727429881
0.010157227651290969
0.010172889830809616
0.010263895201337511
0.010373539855299176
0.010412586553899913
0.010362235360637649
0.010572921942443204
0.010501616346961557
0.01035512393337959
0.010243185054279805
0.01076628954970526
0.01149906057250779
0.012865017604192983
0.013651493270602633
0.01399338743048979
0.009388061880288156
0.008850800643651183
0.00864300745544773
0.008209380734015942
0.007665580696410473
0.006941751596747929
0.006112643842090872
0.005078088403794007
0.00517532183341776
0.005635264387191435
