0.06580203198771103
0.06569676968605137
0.0648983843100925
0.0650191523207936
0.06520060797180298
0.06326357407894738
0.05887917223748104
0.050337985083728776
0.054268396587913256
0.04935648629620249
0.04515533228064008
0.043337747716014494
0.048682618948745184
0.0483362683791937
0.04597708151874016
0.045455336734140143
0.04287056388506106
0.039062228115385796
0.03574540587236331
0.03075163098420857
0.02806797744681688
0.028115562860257872
0.027803161238609583
0.02693500519802164
0.02689798194038486
0.026279755324008523
0.02590701201276955
0.025672881396624977
0.025826299081330984
0.02589009770922275
0.025977014884724935
0.026011092917776552
0.026160665364266724
0.0266461983800283
0.027317244348883645
0.02744592182980509
0.028345076231940568
0.029703237623717463
0.0303485493175896
0.026741333171050062
0.026782045698523434
0.02601228557431753
0.02541146497179834
0.025488942801294094
0.026264006707969103
0.026950134645682848
0.02693347210553081
0.025458151113421656
0.023675818139719407
0.023692366825939056
0.02330137843050065
0.0225108725489427
0.02133643549914791
0.019253781227955624
0.014659911210455772
0.009587788433340757
0.008225369797247509
0.009080973829210737
0.009916307357496946
0.011575961806545547
0.013910544190014204
0.01463925422817174
0.01433065617520356
