0.06607677194263592
0.06617504832070321
0.06157270606774574
0.06409916368219813
0.06017722480439256
0.051613432578779574
0.0474163210767047
0.051538469422161996
0.05485069652954087
0.05344839595108158
0.04427914686971055
0.03910928788848776
0.04040748512153981
0.041794996175205906
0.040612916348086926
0.0367962457911652
0.035742498937346254
0.034033967470333916
0.03495999370659988
0.03189667752982396
0.029943479865399327
0.029550581351204197
0.030985818860096125
0.031609955385103514
0.032434910521134515
0.03180360105738353
0.03142231172221861
0.03115641991288768
0.03152226433458264
0.03199628775648894
0.03232937312607285
0.032851195006305366
0.03346476141142888
0.02667320147090936
0.02654864537711794
0.02596986112980542
0.026194050630588182
0.026213014750634676
0.025962875829285012
0.026060192904054192
0.026576858294182538
0.027293218842056877
0.027675239273664866
0.027011753067699065
0.026050406147481914
0.02574883257550126
0.026714399342589255
0.027320364267245087
0.02767840942707187
0.028125746191932605
0.027123797939876296
0.026796431008266668
0.02632784073945446
0.025842977029014332
0.025355679207297595
0.02519275261704774
0.02507556906902817
0.025074821010087425
0.025091590743566837
0.025157280502214725
0.025133199687583613
0.019431326912526563
0.018541041772539315
0.018830978319226203
0.018403538643527003
0.017022241166879244
0.016781699814554747
0.01521345972427161
0.014287972391908738
0.014521838403419267
0.014601271778642594
0.012743142309658914
0.011194375157533317
0.00946401094379889
0.008937642596618363
0.006427360367673582
0.004052814444863927
0.004118033325238766
0.004766457454241835
0.005449509681371541
0.005468290851122197
0.004938438005001027
