0.06463526860830202
0.06530922134611068
0.05977939082378815
0.060302400222269265
0.056320829125286694
0.05228088795916337
0.05415146969853346
0.05513630654805341
0.05593949428540109
0.05634387779566625
0.051461293868486836
0.04477814791230967
0.04450576705417589
0.04506061952788341
0.04077680749577926
0.03533339559138304
0.034683978122842886
0.03128496746589493
0.03184529704451069
0.034303563707231366
0.034927234564857614
0.03542694117270728
0.035958770259609016
0.03589905890084141
0.03560250764289845
0.035294484578314404
0.03542444448789482
0.03535924221337947
0.035233605038184804
0.03475458265991372
0.034080614490907234
0.03235604494756003
0.030184646425359292
0.028425481291801478
0.026283909239973872
0.026658525502725156
0.024149833093775216
0.022832122187730373
0.020722564051972498
0.01918900793026268
0.017692188020663087
0.016892081278168474
0.016711595348769332
0.016151587870230136
0.015675097347482757
0.01523320450143137
0.015794590980093073
0.017212581889176567
0.019160573238391265
0.021003151745545106
0.013746670923472674
0.013040193324582327
0.013347632474677887
0.013233612093388261
0.019275613000587142
0.012930283591235143
0.01302499700235298
0.01350740469185133
0.013310763877596063
0.013238100169085396
0.01396858967398574
0.014334581289416424
0.012590503226859904
0.012587588460083628
0.012281093919604186
0.013211452204083467
0.01345326320915011
0.013743254515479806
0.013607537144807086
0.013452380077858676
0.013200044805629871
0.0133368633051058
0.013445049773705624
0.013726238353375097
0.014135990318530803
0.014955090285192721
0.01400423900147295
0.012551984990461621
0.007863709800899267
0.008637543606689458
0.005636635513528117
0.006553395630373845
0.0064067455286685535
