0.06689125301731565
0.06680556670567389
0.06315322190754402
0.06506266415271389
0.06191672155737212
0.056749377924510035
0.06001469406038265
0.06195337083518308
0.059709664925021236
0.05448805709495648
0.04617085199559536
0.04337786383237777
0.045782228134623126
0.04674553421715866
0.045423684996293914
0.041622737890969944
0.04013194723538196
0.031406429561165926
0.026295905416590146
0.0237778235725609
0.019120541910157295
0.018116290326684978
0.01699771579314952
0.017909141183075985
0.018611325856822337
0.017937397444568796
0.018074735892763646
0.01852238429761966
0.019205090799298028
0.018257775356944006
0.017948486124238824
0.017101456109991746
0.016303197744129652
0.015827812982901503
0.015433266298813914
0.015111313082140232
0.014505693016574018
0.01460302146149676
0.015345822913307227
0.014757267927088478
0.015450266736382383
0.01396552803986928
0.011727308321990891
0.011591071430886161
0.010803567517855038
0.010583201400864587
0.01072227154078818
0.011406991955220762
0.012814372821916597
0.013276586405990706
0.014060694249356178
0.015014626031191733
0.014962189635879317
0.015308458525799833
0.01599817104906998
0.01561789833359984
0.014450891406261792
0.012150428895396949
0.011254940504819922
0.009940549294743386
0.009567910017009216
0.009428314005805802
0.010765501335134887
