0.06741966484743074
0.06737535905950222
0.06622066115801249
0.06578545673863348
0.0662474684494446
0.06313392372629391
0.05646254135372922
0.052227788308034706
0.0453389451986536
0.041825623051600855
0.041033352124640335
0.04679522022565656
0.0465094708551351
0.04344122386837067
0.04071143334759669
0.04104214103501572
0.04182756107163273
0.04147669031781614
0.04183675960264979
0.04110659941481062
0.0409001142043296
0.03978497045950904
0.039830363105582293
0.03910028479994085
0.03769715431881181
0.037424347417665836
0.037238835893425117
0.03610548873597814
0.035093455850151514
0.03438389945599884
0.03099048716209857
0.02930403739017668
0.02979443294346981
0.028793226242940794
0.02812264823052962
0.029208622740150732
0.026017586209126295
0.022054117364138454
0.018382789177460526
0.01700168374834792
0.014921309676626733
0.011775210441590122
0.009339968331945975
0.009416734069114972
0.00958836136418807
0.009823765218099198
0.009242721051482328
0.009496227461506662
0.009133473171624516
