0.06441833274259334
0.06460540717848784
0.06095045007931876
0.06234379275950834
0.05990787277365409
0.0552503435852233
0.051946806745155075
0.047560217172649334
0.050765700270694825
0.056141241105484296
0.05336555206104217
0.04917983526508724
0.04595022477930528
0.04340118400532059
0.044085948833473255
0.04412875380375748
0.04314392819233597
0.040232163202717997
0.038741514283120525
0.038669762277817064
0.03840785459594322
0.03790675634689842
0.03855150948567629
0.03803364953694597
0.03754658265965768
0.03760513338365516
0.037990024113174925
0.03813776295973106
0.03802182893622364
0.03725155172452522
0.035918843320059894
0.03368205421753221
0.03159134419295798
0.03010298154472846
0.02773676113103177
0.02738473290859541
0.027827546773582103
0.02846043186317587
0.027824187454973472
0.02805466241826162
0.02784304106023659
0.02756306541959541
0.027270225469710557
0.027044914260009083
0.026913334337238526
0.02685475874612415
0.02801783000695891
0.02829614166430211
0.026653731134357275
0.025869835452830066
0.024862660232762627
0.024477471012532535
0.023781475815310447
0.023425987143618855
0.023271483222408088
0.022793805857807912
0.021428410099128315
0.020229521701123698
0.019185984367974005
0.0184250016434374
0.015043446228336792
0.013041149304641949
0.00902465212227704
0.007940304733439006
0.008753026743164532
0.009293350644388519
