0.06576093529218374
0.06539074853569878
0.06127158004391573
0.061915049751277894
0.05855197123236948
0.05258739115128442
0.052375493656607354
0.053959309647273225
0.0547569567150148
0.05305095200282317
0.04393743813417305
0.039084175053984274
0.04109364043638385
0.04287253375940159
0.04230532177720026
0.040151514434106646
0.039035112293385736
0.03510097558109865
0.03483608720574758
0.03523121203226372
0.0356933222756028
0.03635575488281534
0.036897439756001266
0.037020442319014114
0.036842272845115605
0.03708154143727425
0.03678344539473261
0.036534109883861174
0.03609928897813029
0.035711062672796355
0.035700679934306416
0.03558736002859388
0.03539198224276464
0.035618353373734306
0.03385129666066837
0.034524353578481506
0.02741809440321245
0.022980789177696054
0.01698010407104228
0.01675133551082074
0.015932807066454058
0.017215005977166978
0.011308544060063562
0.009723651753211677
0.009248907417453224
0.009117371764240264
0.009810142820199234
0.009801307179406733
0.009139031958178391
0.008327294906971596
0.008294155641002603
0.008318501558987999
0.008132494132037399
0.007884889664834768
