0.06499766461473051
0.06653076221940735
0.06364709113439247
0.06244993271097219
0.06060600665271204
0.05941832134008923
0.06169236451168144
0.060744256378910344
0.05767245450826455
0.053265871834501245
0.04767370364661944
0.04621123158105698
0.050280552953456965
0.046734099303364085
0.04127775781074664
0.03691647442629427
0.03577431619039697
0.03567899300458753
0.036407700211660614
0.03439552908565135
0.03330529246675993
0.029690341369325066
0.02502290410626587
0.022239410689255397
0.02149830337219002
0.021157356046344226
0.021275103560151533
0.020744299467776457
0.020358425030949423
0.01986473375220195
0.02005388138614247
0.020401608162928145
0.02050401185704964
0.02116441686950696
0.020765494778641203
0.020295345568729327
0.01867755869236329
0.018587684940728794
0.017964109463797704
0.014620909940828342
0.012835824768819799
0.011961891464683442
0.012684269986606534
0.015669478397437597
0.011915278711473075
0.012535040167455354
0.013089479288157933
0.011845209378172126
0.012495220232706942
0.01195525312294112
0.010583913410536909
0.008559424092163858
0.008311934150497812
0.007902440055877306
0.0074211284181934425
0.007230990420490741
0.006984586977928434
0.0064133537096163346
0.006218295423922354
0.006566687489456928
0.007358048894678996
0.007040874771080634
