0.06488772067214547
0.06539306209381321
0.06206153403499404
0.06130279645174928
0.05950637105905252
0.056946658702345214
0.057024429597709876
0.05345595740859585
0.049551275657469494
0.04973031414793054
0.04904293938379488
0.04924783701585112
0.050603432062760426
0.04855308898133321
0.046765684140605966
0.04655035287025757
0.0481449075612696
0.046722077093402564
0.04584836220431977
0.04047223094823126
0.03721419413121441
0.0351824458922664
0.034573089712080333
0.03457192013130649
0.03484511394022145
0.03451941980417474
0.035220926826374864
0.0356550952073964
0.03470309576535098
0.03300266371907016
0.03097995687389863
0.029778079599267343
0.027366611018320403
0.0249946972833134
0.022918013574283188
0.021098676364100906
0.01633788198608354
0.013709718005974663
0.013625512162582645
0.013137409559814593
0.011917346036372338
0.012619913161571853
0.013351768267828194
0.01237118246350887
0.012187566946481487
0.011769231656197709
0.01062050831552689
0.010116813375611463
0.009962646561038952
0.009950577553934296
0.010249312281717169
0.009786827592221428
0.009158590657885355
0.008973880492399602
0.008777209432891776
0.00926780893951705
