0.06497443514258362
0.06466927197080308
0.061200686617519165
0.06063057588280555
0.05872825538291882
0.055411416953648894
0.05364732642263965
0.05092606612386713
0.05069578387773939
0.056266344760005846
0.05306777666758082
0.04797177487074142
0.04589743306880658
0.041410684457504975
0.03654053617578681
0.032250250234861805
0.03581276096754271
0.03636023343824111
0.03830323145703683
0.03636186576722057
0.03187080471026344
0.02707553979704376
0.025158665937367427
0.025027301354905756
0.025644724495543607
0.0264446396050519
0.028008804208710953
0.02791691121737006
0.025741706879393606
0.02510790219923588
0.02580305398439929
0.026685893298094412
0.027367947414603237
0.025978308803077877
0.026235037858943298
0.026300535153325696
0.025393090535425333
0.0247855176924302
0.024314106858712093
0.024009196491035834
0.023671176658712396
0.02360003608722475
0.023569159558456242
0.023496489437083875
0.023569513696274025
0.023710405535427248
0.02376599976303537
0.022793007232638777
0.01966797961117799
0.018614338274645353
0.017560994653604688
0.01486083508402253
0.01261029515732569
0.011422903000261414
0.011092748473877437
0.010590362837156524
0.010799675994055008
0.010595153894905045
0.010339069417624159
