0.06575791533929157
0.0661950727557546
0.061855760554250086
0.06304573181541251
0.05973697281593131
0.05452633868531005
0.056317650095511734
0.05367807113270362
0.047734401979922896
0.04898371360694998
0.04708285550933001
0.043856825054864615
0.04346795638385754
0.04167290044971763
0.04077482229238971
0.0398034568657388
0.039609733940521405
0.03889523202028877
0.035854177575907156
0.032604026906395564
0.031041843542623498
0.02995032303168631
0.02927365652020661
0.029452289696529996
0.03036681313598139
0.03039311556754034
0.029957558496560507
0.02999819200718665
0.030224625145667854
0.030502943258999177
0.030757790977954537
0.030997837231528665
0.030877332968295826
0.031793098633254704
0.03009143996881775
0.026668554778700105
0.025264479265368116
0.02369094632152154
0.023375105162410575
0.023184407725622937
0.023708613733044403
0.024733862813664662
0.025870734096526776
0.018540050719367415
0.0164961646710188
0.015031416485046096
0.015326556867071572
0.013489811158139287
0.0129883328125383
0.01332028571146412
0.011508152027313598
0.011192381498260445
0.011286560105789309
0.01068821598581053
0.010862431406570073
0.011011743257583792
0.009805842546687118
0.009131852722654623
0.008391021077144688
0.00814725752765463
0.006501907568972402
0.006074466675907849
0.005760903756792455
0.005784952269527248
0.006139910054469876
0.00602870875888343
