0.06641117407707012
0.067226281376941
0.06514008364571147
0.06635744059142021
0.06461793628869747
0.06246299918839826
0.0579059592033356
0.05862901126475046
0.05833464741388401
0.056544033601474177
0.04750489387243563
0.04638657349786862
0.045269202772132436
0.04340242004735313
0.04229698984769918
0.0416869973270537
0.04427326600071653
0.04589989724895622
0.0410809737482822
0.03457752566992198
0.030570526127616994
0.029332199904003573
0.02976473325271275
0.029836064408955427
0.030099814144051766
0.030172719526289006
0.030014122777145987
0.029846890456735744
0.029343913312179493
0.02872278305296283
0.028255922650852996
0.028194565235769825
0.02849825435220159
0.027697035452445087
0.024541096116591006
0.023718988999555598
0.020816250423873184
0.020937513749992056
0.018111206720814316
0.017831159148997338
0.017501099729842713
0.016786119761288267
0.01658051837518567
0.01579618296449536
0.014993843333392614
0.014585700775313784
0.016403591876216282
0.01818516059750308
0.01632363037798289
0.013507065839971858
0.014814573317732293
0.015211824390271444
0.01612551013721276
0.014658424915967158
0.014353333627631847
0.013279648416781064
0.011056799128812156
0.00970092090528955
0.009307896546450228
0.008435822496539387
0.007869967210648827
0.007199514873693994
0.007180454290428874
0.007303339154523963
0.007423358374884909
0.007260678437756532
0.00732056181766839
0.007297822062875495
