0.06674406343480907
0.06669468555170703
0.06341038987544617
0.06499688193842271
0.06229398837297908
0.057020426727745196
0.05553138601861606
0.05674896146507998
0.05636918716493443
0.051609005404864884
0.04711446471300221
0.04352045136648674
0.04136149454327518
0.04054985716045786
0.041801782734512564
0.040515748280070804
0.040258000605144215
0.036767834582452086
0.034551444223034654
0.03280612642153181
0.031853964000320034
0.03196123585944896
0.032227263867268645
0.031160306345664746
0.028061985070000708
0.024960400750608448
0.024427951083919014
0.02444411239014066
0.02468274429850572
0.024355068870294833
0.02418220454832968
0.024209303444684627
0.023315460994349193
0.023740146715495663
0.02403891143123012
0.023090832367536413
0.023431046920183874
0.023449671424259497
0.02264097648926745
0.02251999201420711
0.023043897264556367
0.023163209176140016
0.023429242745277162
0.023603127069583764
0.023421896947792533
0.02322233625324986
0.021541889945815573
0.018225155364592797
0.018227524604545253
0.019056182953979085
0.019646061353981774
0.019430917634096757
0.01868093651750133
0.017462262867079678
0.016612887744031125
0.017988383514674938
0.01751603291353852
0.01736589867454575
0.01578736533081876
0.015178279695594953
0.014665211783381427
0.013675765298455426
0.012803254235114284
0.015131325748863665
0.014065963588290674
0.014268847331334758
0.010690748845289616
0.009523217742845104
0.009705062774692854
0.010951659320674469
0.011566957946449203
0.0054560964763267
0.005313542339294495
0.004346614410699432
0.00419075672215529
0.004176267541055716
0.004098304034636391
