0.056228082710262146
0.05607577944452205
0.0525720888521061
0.052156603234436695
0.05058483632876486
0.05056983433065534
0.05203337281158394
0.05259925939001354
0.05132601061721071
0.05006178833684519
0.046885270744269555
0.04036072261727719
0.03965412470037255
0.039544229915507774
0.03534993901659506
0.03517733899261038
0.03541217491635249
0.0340672786312953
0.03402619596816703
0.03411942865418539
0.033702054640204884
0.03208420274528545
0.03260457913994464
0.031579039467763234
0.03150136520053605
0.03176979398815289
0.03404855568369745
0.03630635958274966
0.03552075122103543
0.03248702103863983
0.03127422784623196
0.030761211989836012
0.031033786469625842
0.030371891576631838
0.028769515588660997
0.028589863585355
0.028483291245431246
0.028504830484299592
0.02860965075115574
0.028742853134047237
0.028539640618173993
0.02838064685874286
0.02751039876348345
0.025893656774871595
0.02446770102751498
0.023654757422096495
0.023558823676045112
0.022881068078549692
0.022605979110504725
0.022631572568173185
0.022831973121479002
0.02159182874441892
0.015318912180562706
0.009126043306671619
0.007244454544223321
0.0088581369568398
0.01061072169644391
0.010795055676727476
0.009658952340020633
