0.05948094198628116
0.059511271432467386
0.05843450088562833
0.05879158762489426
0.058385716060976214
0.055917271615442986
0.04925524454734526
0.05418504005683036
0.05339698701419785
0.04851989650087621
0.0423745631392994
0.04330730069111568
0.042459281752163465
0.04035159044619454
0.03871457033617784
0.03618907326303194
0.033169485793755275
0.03332821500317581
0.0323630942372395
0.03237245979738829
0.03230213363934549
0.031970308288608675
0.031599890198716465
0.03128449621978474
0.03088494960063984
0.030777330419730072
0.030585302712723087
0.030406440792199584
0.03054623575035619
0.03041440583163416
0.029876004172801007
0.03001976713302388
0.029458349785756344
0.02832331276895684
0.027098191493685798
0.026780274389529162
0.024033885199107367
0.022832100232678208
0.019817726853113986
0.018238555819795457
0.01806004349232866
0.018189215701716766
0.01817183797869542
0.01833202187109955
0.01837464024582282
0.01832241360603158
0.018570484273349067
0.018335491497978206
0.018106873642747705
0.017805156439524013
0.017085367324523676
0.01651458495702734
0.013904426350247802
0.012830152922444736
0.012504101277941616
0.012870050204848651
0.012857177138930873
0.013827869615301929
0.014160160846704148
0.014534585406754227
0.011515639465524856
0.00976609983825334
0.010908743396534533
0.012974933344662305
