0.054725235879210035
0.054209283678170246
0.05081697864226067
0.049590712721433616
0.050461280922169005
0.05165220749388938
0.05219308087657611
0.05193904953802115
0.04860230542786117
0.046984136707209405
0.04614421922152927
0.0429583400043089
0.04181997448975858
0.04110811482124623
0.040298710880053705
0.031234127630122198
0.028962440319944906
0.03301925961669302
0.03226527941657145
0.032425153241058886
0.03288418330789503
0.03339027515677605
0.03358382087068956
0.03354877353774631
0.03357558342131817
0.0329252928793732
0.03280564384462355
0.032790766836385425
0.03263831411908583
0.032149582106434024
0.031186053136741807
0.030619388678719488
0.02985658236572568
0.028924824082631632
0.02795261580120425
0.026686554200625136
0.026580807127371466
0.026721984354414176
0.02670860630610185
0.026720062461551522
0.026506016759596955
0.026233703691522718
0.02613630431398641
0.026218489784248566
0.02616426755493307
0.02616321346136891
0.025835273709678752
0.025189132333084892
0.0251514447003681
0.02527407087468488
0.025370512723009917
0.025477762779813663
0.02548997146295603
0.026119770267387297
0.02595541930149121
0.02584538019414739
0.019513246828329278
0.015153982711809101
0.012667636543712633
0.008817317585780308
0.006980587533071808
0.0061180349859936145
0.004859828420445261
