0.05703275873332301
0.05703275873332301
0.056983216508395156
0.05697057572779719
0.05703120612245533
0.05694077134192646
0.05546965655102803
0.05008454451569316
0.045527376917630466
0.04757671279722473
0.04693850188370136
0.04576824050005875
0.04483579795689649
0.039062124267786914
0.033569967135941806
0.031247400888611575
0.033443079053564535
0.03143501913884648
0.03141498515939195
0.028465314976565296
0.02734253946886324
0.02713543795931339
0.027318620921147205
0.02789323150227561
0.02805786675356551
0.028130500800622665
0.027695174802725302
0.02721133448046718
0.02744706102180287
0.026747937574821277
0.025384338090693594
0.02376101617496065
0.022596898977964516
0.021835347317341963
0.020813496181919057
0.019572878927425694
0.018914649149352602
0.017790542813311144
0.017757721219166238
0.01837509093621234
0.018327279416963903
0.018041581223325914
0.017496339659636193
0.017223595244361935
0.017089000777178207
0.016761502061670326
0.0169342966639731
0.017181457595788572
0.017444708872129223
0.017567586561123373
0.017735661664585237
0.017661052721381448
0.01739550261663997
0.017439405341995153
0.017480067007650025
0.018161790899267356
0.016642162670371146
0.016074853610245327
0.01608736453648103
0.016590102129628415
0.01585891745099561
0.01664695652174302
0.015582554034570184
0.014065632997962624
0.012522871166219468
0.01152217770858672
0.009698424760338342
0.00779090071950894
0.007392907008133064
0.0072670465938996075
0.007401008085505436
0.007070892703229237
0.006775502388888262
0.006290308778984268
0.006011622745182081
