0.05604982261343582
0.056292176392362225
0.055229517079155833
0.05576440681806704
0.053559022825356066
0.04988461696611276
0.04394855733299792
0.04644072823469128
0.04628207851511879
0.042438353078622086
0.04183517947337044
0.043520518200768035
0.04297060541582461
0.04119342066586312
0.038411975536487356
0.0366070539916535
0.035854164908975764
0.034280872155033955
0.0329008722716325
0.03290865245886545
0.0323174106096584
0.031912890651435516
0.0316394471451752
0.031530600678434884
0.031530732626703424
0.031567742774600456
0.03165066498731976
0.03141595136400558
0.03135923322008845
0.031397038453098686
0.031370612843640545
0.03167703416273848
0.032175076528158805
0.032748713122038905
0.033020254170594315
0.033254347595767064
0.03453545403464711
0.03504941020788592
0.034669155643890906
0.03469809090675309
0.03353921499861988
0.03281045970762837
0.030804394842758723
0.02931610636051572
0.025597491267891518
0.0196901514174473
0.01820196743813588
0.01424470751100412
0.015327441949484924
0.014517728822702112
0.013858714446213288
0.012770381029769382
0.012588717984686311
0.011857588023406997
0.011068566346847875
0.01052039792549992
0.009805073799459624
0.008593879703800059
0.007811090335098638
0.007534334655373475
0.006104523777451569
0.005358636427212985
0.005009571613477416
0.005011261520932351
0.005122454661896009
0.005028511522537733
