0.05865034476779115
0.05941457508114336
0.05772498447916416
0.05875719327244375
0.056666697409683296
0.054647214126527593
0.051227391424846495
0.054511644205237526
0.05543306062452959
0.057560145713570404
0.053367332285131845
0.04852826314227088
0.04374720203310706
0.03535750516837264
0.032433796380239625
0.03425435268729897
0.034351140237374886
0.03553630388341079
0.03458412674472541
0.03302928994619595
0.03174848308507641
0.031380284134021386
0.03152124394919032
0.030488414022876855
0.029260937961432452
0.027771201448415106
0.027649116972457484
0.026242660293772577
0.0257531324071278
0.02482884607324671
0.024762939294379765
0.02616635684111249
0.02231023057139928
0.02250237389294954
0.022560857952667573
0.02234256659164888
0.022263997334175164
0.022355352294638364
0.02212889710272141
0.021319278053906356
0.01681040629062429
0.013598081306971772
0.012585309168242456
0.01263633727810221
0.013066054914354417
0.013703542638756632
0.014401524052021017
0.014300242314570884
0.015230716197690317
0.015496533534743236
0.014274572644734864
0.01424866992336957
0.013946760669630676
0.014314341342927897
0.01434326290801819
0.012156043534413895
0.0119732970939244
0.010878534382746174
0.010565599182977238
0.010310943565983601
0.007558638823050016
0.006222679055174962
0.005263970972299303
0.00415678666351934
0.004007696139101967
0.004102135521601446
0.004811810104777454
0.004371242847049726
