0.05837000764013686
0.05578197717573556
0.0442046345041918
0.042124701550529275
0.04298075699085996
0.051169626744632345
0.051860420237565166
0.04522628320466307
0.039175322010659944
0.036136235403414096
0.030981141558369344
0.032784163559286365
0.030500341707896648
0.030701937010775313
0.030946232056715827
0.027635417952631948
0.02724428381113827
0.027590993911107815
0.026487438519919144
0.026452940493932587
0.02622117367636519
0.02566917714100778
0.02524643562235965
0.024595519371140784
0.02336473928025436
0.022462352236727313
0.022093294179226952
0.0224836895260261
0.022017973598032863
0.021964142198690566
0.021562326703500882
0.020829425630888142
0.021391471489018536
0.020670442471650355
0.02028679234392922
0.02001265731101457
0.016408486061387926
0.014718057622552487
0.014149528162887623
0.013710139150484746
0.014009467599302881
0.01315500664780817
0.01205013216598463
0.010917442981273886
0.009490903390823223
0.008426967087294528
0.0078032258710571045
0.00801293641127441
0.008472004000287874
