0.05719575543674633
0.05695801217564321
0.05261198499617874
0.05232946609649903
0.052007034097881974
0.051627994996442314
0.052287338202949604
0.052383649068175546
0.05204561316072002
0.05208931116859062
0.04829046405659744
0.04419352868303442
0.03897902443691778
0.03451830821006857
0.032132352883631234
0.030258374287581196
0.030533740236170333
0.024243983066848027
0.02307794350907167
0.02296613550457155
0.02302838847840388
0.023695221336787104
0.022902685410358854
0.023111757069824376
0.02326051294065189
0.023203078228784008
0.02308919849861721
0.02179231263584705
0.017855004815227837
0.016603535874145744
0.016904659576591104
0.018248253332537854
0.019161125113272292
0.0193708649334097
0.020186692586182827
0.020102358626950218
0.018150717511086278
0.013275217734295831
0.012151983413634417
0.010811090547274825
0.010312916260798794
0.010846360537752613
0.010313413912944961
0.010034521816849919
0.009680299382601776
0.008967259462983483
0.008606670595514732
0.007375356406758071
0.006680510539814818
0.00675603037190557
0.007880957628958298
0.005847221125268661
0.006160863607215465
0.006308460561685948
