0.05271075822576524
0.05588442564377483
0.04983476283290711
0.05020860196579013
0.052187459590684195
0.05273180546230318
0.053220898845696696
0.05049036642983095
0.048783705156980245
0.05122255685137149
0.04878626953872485
0.03908056882107481
0.03527559923409678
0.033461867462988584
0.032828853956745806
0.027993955062517693
0.021082005741688274
0.01856972257751652
0.019475452677539834
0.020756318333733197
0.020342189502304167
0.020303910561268936
0.02060601877592833
0.02077791042732586
0.02109408902298973
0.02070644632329326
0.020316045141276707
0.020353285010989822
0.020133556768774374
0.02044207087434822
0.020301403607607335
0.019884566214617455
0.020345805164283172
0.020077049071744065
0.0195025699919222
0.020449599374183357
0.019322119684435233
0.01918965470247667
0.019227317585754803
0.017788555462674955
0.018042179055654986
0.017126503766799528
0.016435645275231316
0.01485963626888332
0.012343617938828587
0.010487860451725742
0.00872008711697955
0.008836994742527502
0.009551430999067164
0.011075418219302616
0.007340913239700144
0.007009025113159375
0.006484948883289002
0.005887677133884059
0.006018628231230319
0.0063011875085303625
0.007148397836718535
