0.06709605403254415
0.06703536555672097
0.06696539425442949
0.06681014219721955
0.06643921118833107
0.06574556525955567
0.06486169797636994
0.0639381438963806
0.06311779834157324
0.06254169505399895
0.06215436186505516
0.06190934352037973
0.061757859384123266
0.061609397378993944
0.06145445534667378
0.061271033266294773
0.06109972909373723
0.060879435837846815
0.060633096754845225
0.06038747045058347
0.06011398120865274
0.059879337865897546
0.05955948983968006
0.05916982579406186
0.058716427243564316
0.05826529139163519
0.057879369405509515
0.057508361744543254
0.05710296773732357
0.056663991758017944
0.05619606590142746
0.05578194100775108
0.0552413239053946
0.05454236405857569
0.05377917820561749
0.0530839544738794
0.05251445215178912
0.05210969827037777
0.0518381260451447
0.0516645412787871
0.05152028920582369
0.05137567806603853
0.051226119252160446
0.05107337391120834
0.050944689788427935
0.0508655139711811
0.05082148548306516
0.05078426585434454
0.050755457956811044
0.050716804874024274
0.05069287101952439
0.05067078689563872
0.05065786228293149
0.050606668484895576
0.050404802504777774
0.05014798607601449
0.049922686533701396
0.04972558889620743
0.04956071815562499
0.049435532286604036
0.049354821355883774
0.049290244502908975
0.04919561496628142
0.048978872005827075
0.04862006831042282
0.04816201708101606
0.047659904091203104
0.04715790965945634
0.04660693195420169
0.04604633899097329
0.04553099945000059
0.04507330885774762
0.04471266313599138
0.044399303422521276
0.044124221196637434
0.043955987233007726
0.043881036460535455
0.04383734317106455
0.043812960942391906
0.04375399616203447
0.043583063273057075
0.04322031039092674
0.04271821210398747
0.04221060224172854
0.04175616698602562
0.04141210806338291
0.04115422339457288
0.04096480604900515
0.04082539811808565
0.04073029097387134
0.04065233902558738
0.040597935568220986
0.040535849163583035
0.040093558423162486
0.03827562487179105
0.03608486797902055
0.034931503222913475
0.034505470636913414
0.03431974956103081
0.03419795787549149
0.03406707154243912
0.033942352596927974
0.033814550501226406
0.03370287793347731
0.03360152799132321
0.03348477263739358
0.033334326863056596
0.033080367912267296
0.03274384161060425
0.03228230633542953
0.03183478402814898
0.0314526913847318
0.03115170038572787
0.030952704924111517
0.03080316999269526
0.03068518255408844
0.030608456947084275
0.030537926634816647
0.03049172368552756
0.030457451343142945
0.03043310439084837
0.030406849700524534
0.03036342324864948
0.030325195195524676
0.03030557871355605
0.03029781223900064
0.030295603745726
0.030293781332799002
0.030291432770315867
0.030276281401683446
0.03023648357000026
0.03018297079396909
0.030136606268452156
0.03007335578218351
0.029734356706180774
0.02883810612291322
0.027711675386489477
0.02669747883971766
0.026005387797439505
0.025490015944963616
0.02517916145858495
0.02507137604056946
0.02504917083576919
0.025002670595720533
0.024891946967831265
0.024740288613046477
0.024597088808253554
0.024487202148629306
0.024401966676095364
0.02434496871086585
0.02429142326537871
0.024248125886296303
0.024219625827203908
0.02419862974151546
0.024175477689674776
0.024132713333347253
0.024046235881811366
0.02383366818061796
0.023374582956288536
0.02265752820457274
0.0217984971259647
0.020962870466070333
0.020300391528120555
0.019827567118585188
0.019446383588618166
0.01906129286435782
0.01874798994628341
0.01853751587562943
0.018420959367428647
0.018322809038693568
0.01821214318725341
0.01811196917531422
0.018008728393322255
0.01784825817805862
0.017374286698096104
0.0163132127427683
0.014611778973097707
0.012675670040891603
