0.06765037512446499
0.06757305031310074
0.06749263517211866
0.06732777089826344
0.06694267517851418
0.06623508330726123
0.06534338399500023
0.06441815817851701
0.06357900191618827
0.06294795303401078
0.062483558376404943
0.062158654722410084
0.06193762168137819
0.061721775839611095
0.061511198685924126
0.06133596694936405
0.061238138420653
0.06113727019957568
0.06102031235949514
0.060909448693981315
0.060801708143439215
0.060725321273986756
0.06066941791322888
0.06061134716185222
0.06057618821854255
0.06054384556654958
0.060518171519018595
0.060503656105544305
0.06048559197588695
0.060423260646863305
0.0602624096625016
0.05993804878568893
0.059410971968839335
0.05871238669754461
0.0578897184505574
0.057102350740509664
0.056341954293704616
0.055518320423868714
0.054674097236477676
0.05389856225951573
0.05328770294659156
0.05284425957303734
0.052460832331609177
0.05202232227889474
0.05151921660917421
0.05109500693056994
0.05083091438679456
0.050673703539708556
0.0505056031223557
0.050297427545193736
0.05015056882525619
0.05006513714427506
0.050025945086651265
0.05000658709779731
0.049994460151115805
0.04998540154144434
0.049979387670468695
0.0499754548305541
0.04997376606611277
0.04997334872009926
0.049965264829821235
0.049914204292072745
0.0497278311007047
0.04927713856690288
0.04866376873982846
0.048133120733043565
0.04776708903590794
0.04744809882607915
0.04716442232877712
0.04694946037859499
0.04679908457740166
0.04670110739992031
0.04662261072190391
0.04652659262761432
0.04639986315794864
0.04617031504284324
0.0457515695823609
0.0451014263467841
0.044283153091717056
0.04354267299801361
0.04300979563830561
0.04265138206861344
0.04243054065806259
0.04227611457843708
0.04215151238041839
0.042052982282705556
0.041896688953988064
0.04164579007113296
0.04137406141332567
0.04116866338355213
0.04105659656809802
0.04101059931755912
0.040991435590007015
0.0409861204269722
0.04098507741365256
0.040984004284122404
0.04098381345250249
0.04098391988866785
0.040982423447385716
0.04097211618545325
0.04092607699738414
0.04084908595736292
0.040782817264306576
0.04066846463170579
0.040107198391354335
0.03911326736236716
0.03771985468036976
0.03613957390880518
0.03461428591693228
0.03339457505568766
0.03247532547416855
0.03184426055429337
0.03140555277735925
0.03107519134579399
0.03079962425286939
0.030483460350485575
0.02998669075247465
0.029383701564571114
0.028912566286148376
0.028688567898816384
0.028574645328033502
0.028432247834231025
0.028276812347298334
0.02815196337646699
0.028068565049948604
0.028017504762847045
0.02799103301674175
0.027970590733936245
0.027939785824823378
0.02789236176389238
0.027795564048755817
0.027580719940080576
0.027192428951617702
0.026702240223830963
0.02622554486002539
0.025804789915758967
0.02550717252034559
0.025277819392569314
0.02510723329948573
0.024974981417701495
0.024862119952075074
0.02477485381378859
0.02470115143144225
0.024637567355858755
0.024553497752428537
0.0244648569795938
0.024387023850216273
0.024310638156789792
0.02425611292653247
0.024220416512624215
0.024196806668919494
0.024182076318371992
0.024172056467411232
0.024161397365451483
0.024153230708961193
0.024151303284922945
0.0241433667545475
0.024142091701938054
0.024141551150984143
0.024141347647248484
0.024133609308422718
0.024111331405080313
0.024095375916779634
0.02408054115146252
0.02407414551598971
0.024069532520087998
0.024067959012700983
0.024067424550980328
0.024067070177300393
0.024030061884534167
0.023812778519197064
0.023203146102987914
0.022283691860938135
0.02128396620438752
0.020316176990656038
0.019474153745536883
0.01884865292071608
0.018354007861640053
0.01802887893784358
0.017778826057293053
0.017615831636143414
0.017499088160469287
0.017302270770609297
0.01678261714388249
0.0158639882267735
