0.06719209189306544
0.06711663217609111
0.06703649459943781
0.06687389338554779
0.06649782734445249
0.06581242511129988
0.06496786904969847
0.06410288114830118
0.06332496912755951
0.06274996464175532
0.062331403950148176
0.06204182525599429
0.06184692698300257
0.06166774751456397
0.061485118443629305
0.061263081011850865
0.061044146629786154
0.060749414993801605
0.060402827252098834
0.06004263553122632
0.05964119860734771
0.059292229575352504
0.05883541501025122
0.058264705513512226
0.05758630279048856
0.056822241274246295
0.05599351141035374
0.055081022625436425
0.05417760992221861
0.05341834099688454
0.052835018768067024
0.052456023642231286
0.05219853803348683
0.05195637822264281
0.051645377274302455
0.051226139633096204
0.05072005977264196
0.05023294988666908
0.04981386685665345
0.049479495296873864
0.04920204608493082
0.048989453010054966
0.048790669368130105
0.0485940963331311
0.04841299485007651
0.04825242377412845
0.04811316800232507
0.047959797424987946
0.047754045151320805
0.047487491010026604
0.047284563016266073
0.047126591955211926
0.04699213833992809
0.0468573302656112
0.04661747906423127
0.046311124877040644
0.04604621212605233
0.04584457526952356
0.0456797935108576
0.04550547160560846
0.045268692874443114
0.044895463566121854
0.04442331142878477
0.04389572554115461
0.0435061265947058
0.04323911609790413
0.04303085634219122
0.04286596565081581
0.042714996430487887
0.04259145605149008
0.04249959451172147
0.042423636157974405
0.04234345720430914
0.042202285337531925
0.04189098253807154
0.04139616117348734
0.0407047093180496
0.03998120098429635
0.039403105295738
0.03892937478793215
0.03840670987508472
0.03778067681972747
0.037123167828014454
0.036587981616566484
0.03620156411490151
0.03594561665044926
0.035803984641225
0.03572447753783061
0.035655169233880825
0.03557032757234038
0.03546226703730046
0.035360351645566675
0.03527867948118072
0.03522094603712994
0.03518387437096679
0.03515804608280943
0.035135982690032666
0.0351127866948403
0.0350886958272359
0.035070622024032126
0.03506507397435014
0.0350640798101215
0.035014323552614954
0.03492688966436635
0.03484753632309014
0.03461727764127663
0.03406719929935555
0.032857751541281004
0.03113982211999363
0.02966451636463964
0.028713682665992807
0.02823475357696354
0.027995753176993116
0.02791018192744022
0.027904047684756253
0.027903631453668427
0.027882488359348777
0.027793031560230223
0.027336693888315593
0.02596981270082733
0.02378528918128567
0.022211090074570762
0.02139329021034068
0.02068292855101972
0.019824610392403567
0.018955717723853238
0.01826377460368293
0.017797921635960525
0.017470770315244025
0.01726414289433878
0.017135008064860676
0.017057358768370667
0.017006124007365984
0.016972900788962873
0.016943508388059712
0.016923445571742166
0.016896868245701722
0.016829682838566
0.016728848692823303
0.016644423536067425
0.01657551961682185
0.016523872146230936
0.016469957664152626
0.016370485713841514
0.01616189526578669
0.015754061439725922
0.0150579175309393
0.014164631477717566
0.013151702289612474
0.012186501391707929
