0.06602717903263174
0.06601642931467025
0.06600267958350838
0.06597233323790627
0.06589050971999412
0.06569820919928762
0.06539197809769673
0.0649425833445042
0.06431189576571639
0.06360742225646232
0.06291865913411133
0.06235908299399357
0.0619397489074171
0.061659941668639785
0.061465122615951086
0.06127367591674333
0.06111624093810033
0.06096018936828368
0.0608226674374895
0.06070676813642797
0.06057533418097254
0.06045911654972268
0.06032350707361951
0.0601359487313926
0.05981885339392693
0.05933363648914995
0.058729253896702874
0.0580035998792723
0.057128578778384655
0.056101924054380733
0.0549685917555403
0.0539522284246316
0.053111540959084866
0.0524732874291303
0.05201120577247627
0.051626257177344745
0.05125126495927818
0.05082798309929249
0.05032036765606328
0.04984775543821832
0.049499361812156785
0.04927565847436772
0.04910962262395626
0.04898063697946238
0.04886657303586314
0.04875880513086327
0.0486556162731208
0.04858028334911445
0.04853894346694173
0.04850411861741863
0.04844112482048634
0.04833323429353835
0.04819051605854513
0.04796464108724556
0.047587956125545484
0.04712165037323479
0.04676937508409389
0.04657137335462209
0.04645834393157501
0.046377644430895634
0.04631682397553351
0.046269738237783097
0.046238257147913
0.04622139705255163
0.04621038857186478
0.04618797654293603
0.046152140102017826
0.04607546199521758
0.04595032715600283
0.04570412523089662
0.04523880731695919
0.0445174747433299
0.043601073917049
0.04272220471335086
0.04202367747413905
0.041498965894811946
0.04113504383570758
0.04077198727036055
0.04030663380559312
0.03977652477296846
0.03918947554941983
0.03863990694623607
0.03821380193459299
0.03789989763616374
0.03768699657315155
0.03755127965406526
0.037450157052340144
0.03738471887222987
0.037335505516802855
0.03729045346668352
0.03724559459509822
0.03720843383285588
0.037168461366935066
0.03709979567969589
0.036908997659005446
0.03652134528070267
0.03593844745185355
0.035253553746988776
0.034575905334154264
0.03392867271315715
0.03335552106177945
0.032926657092422276
0.03257851032890895
0.03232371261678403
0.03214126088243579
0.032027912089292926
0.031881685705950805
0.03162617255748651
0.03127746193103102
0.030916694269885345
0.03058848843070785
0.0303359768274286
0.030132270663147262
0.02999405316729161
0.029885908224652362
0.02980211693904114
0.029741812634962308
0.029695276327351233
0.029637554664991357
0.029519055506837217
0.02928599439547343
0.028896511621699306
0.028375450906003675
0.027816881543797255
0.02727102244206032
0.026786742553780565
0.026156776955937922
0.025792381295943363
0.02559740987706697
0.025441263636139147
0.025301335127299318
0.025096746244757873
0.02490766172706006
0.02477141636381034
0.024668699166981785
0.024571058090558547
0.02446280924786249
0.024356218606369908
0.024194535765430635
0.024037227959524222
0.02395995362097375
0.023918130660335258
0.023857108455268224
0.023738876373488912
0.023630268210907145
0.023558513708977418
0.023511645623345234
0.02348288560340717
0.023468778036218548
0.023461090057252398
0.023453946104254143
0.02344806081790436
0.02344488894069971
0.023441713731682294
0.023436104016687186
0.023430224420909897
0.02342418331353279
0.023418634563416904
0.023417068749683582
0.02341508190035316
0.023413910780966985
0.023411787542532054
0.02340946138197962
0.02338538178264992
0.02333056081571091
0.023298771429737738
0.02328738672072255
0.023281148566036237
0.0232773758432067
0.023275614951253274
0.02327471397754891
0.023274398477999746
0.023272848890743623
0.023236984692489623
0.022890395890145517
0.021587572408023777
0.019415443849245765
0.017042851428730316
0.015082129240276033
