0.06654877535382395
0.06652054776439448
0.0664930700665245
0.06644766641934184
0.06635707146882075
0.06616804876698279
0.06584678397298954
0.06528807343397451
0.06447751688840093
0.06364854504431473
0.0629430345985402
0.062432380663724266
0.06207782422501225
0.06185019190161058
0.06165830778659344
0.061463630209604984
0.061295975037597525
0.06109749397338656
0.06088291374996406
0.06066901795825631
0.060426644229114305
0.060214369952956065
0.0599995325667028
0.05978240980517213
0.05950914928490723
0.059120190366381276
0.058623634864474826
0.05803550560213298
0.05742395257177676
0.056873683389955576
0.05640355218586998
0.056062543315237336
0.055734917790143404
0.05542297254676735
0.05515291726176724
0.05493582404144646
0.05474522292530509
0.05458692480444061
0.05446013858629653
0.05437249562129295
0.05431281624475999
0.054278019978112366
0.054254483648775664
0.05423732588053485
0.054225325587722965
0.05421398685219085
0.05420188645661589
0.05418589588166359
0.054167670426345654
0.0541428253044014
0.054122906035386
0.05410944718140717
0.05409560331975586
0.05408197106263963
0.05405971809322515
0.05400121455627594
0.05385717713223574
0.05360610409291753
0.05328182246343173
0.05302945226412752
0.052906743782030266
0.05280339965404772
0.05268462092564266
0.05215682126428418
0.05069327951540047
0.04840342188151368
0.046286557936971284
0.04478562248230024
0.043706704196619144
0.04290041929359976
0.04220530374964354
0.04157981141387827
0.04109200452483029
0.04072457654300097
0.040411159710636586
0.040121557019814354
0.03983455718178824
0.0396304382828624
0.039484905599689694
0.03931885045496064
0.03911653211549761
0.03890840189379536
0.03870533673949278
0.03854950834095484
0.038427937053539876
0.03830411249396998
0.03817133246031831
0.037963065660443135
0.037642977641033463
0.037259495740121495
0.03684108110683012
0.036481185110251224
0.03619120390713866
0.03596837221720771
0.03581044591918192
0.03568631560253417
0.035603897505831525
0.035532105842424624
0.03542920866168176
0.03521655988115229
0.03478324543924164
0.03398745834328088
0.032904603811507144
0.031896047903298266
0.031166211422537553
0.030706685286910902
0.030445400692786742
0.030299013038381145
0.030200832885493387
0.030129450189808695
0.030086592804872168
0.03006323822638046
0.030047275865397956
0.030014219625866454
0.029998181880247873
0.029990981556812693
0.02998473054240261
0.029963783501062116
0.029919068806938287
0.02990503289073115
0.029904553621601715
0.029899896022385488
0.029834703108185708
0.02977593566575443
0.029752708382584116
0.029746065175621898
0.029743925178912767
0.029743404932870098
0.029742433213567537
0.02973795285394613
0.029710140497290257
0.02968777137304746
0.029687131009147754
0.029685673440241266
0.02968489003481
0.029679268498614995
0.029647358130598447
0.029625197778472164
0.029574331836569046
0.02951899223182081
0.029483375593994054
0.02946588920536171
0.02945010469470787
0.029430459307365955
0.02941043007869681
0.02939639964381397
0.029387367034235178
0.029383333153891245
0.029381716438923622
0.02938104604088821
0.029380749506763615
0.029376222865528465
0.029370502520640444
0.02935133470872029
0.02934756202507316
0.029331758576058277
0.02902597839517566
0.028123428814991563
0.026903768442342494
0.02575416804192771
0.024862911450812708
0.024154410759878293
0.023615386787196643
0.023196016608131136
0.02290502975260912
0.02265210363602386
0.022258297395740607
0.021427072073039195
0.02000249487858559
0.018068902988081472
0.016097802025467126
