0.06631131516631016
0.06628293149319749
0.06625392239990621
0.0662024543788736
0.06609544675975335
0.06587350947621602
0.06550803665756882
0.06490324819875512
0.06405610864136269
0.06320988126015446
0.06250054551117129
0.06198772418958563
0.06162230823604674
0.06137556568586022
0.061128428985777375
0.06080077410959364
0.06040561282021428
0.05987029942454131
0.059261678142707434
0.05866282121794466
0.0580830150021328
0.057612186250214116
0.0572071390678692
0.05683365188198306
0.05644708483274201
0.05606266301116259
0.055725555991687575
0.05537213353162842
0.054959737283639426
0.05457160734360797
0.0542481975014089
0.054029426450301433
0.05386294247042521
0.0536980391579414
0.05354046923008095
0.05339834121413557
0.05323953793441323
0.05306313090397956
0.05285494554967886
0.052627064810652255
0.05237627769194382
0.0521466791892973
0.05185335140025935
0.05139082946675012
0.05070519393466631
0.04979749031537922
0.048743019997649996
0.047598942077346336
0.04646129861843868
0.04534056786291998
0.044343433500179885
0.04352289937503554
0.042849644844790674
0.042334688989948126
0.041979266744301864
0.04175518023377447
0.04157565971984565
0.04138259326083453
0.04117785469718259
0.04099541196389508
0.04084078790187844
0.040708883212749625
0.04061648353116156
0.04053989468532965
0.04048413210220541
0.04039980911200885
0.04016838809108275
0.03984140738564798
0.03948977037795979
0.03920174573632438
0.03899182727815593
0.03882607193457452
0.03870388549583452
0.03858168045627386
0.038405353323702436
0.03816575727542712
0.037782523286544856
0.03731030231272544
0.03691266995895739
0.03662808764306134
0.03644085262846733
0.036326720941677784
0.0362583535890037
0.03618055329055889
0.036064875888738045
0.03588412599108683
0.03565802787107871
0.0353606495268132
0.034981282360986216
0.034551737398075474
0.0340656548766815
0.03358699819830345
0.033122167075708156
0.03251444593465853
0.03154213849359816
0.030138035252973937
0.02847545178729129
0.027068932353666888
0.026299153938284497
0.025970455993011784
0.025797340264176297
0.02569433436942583
0.025615530436440163
0.02552275047256221
0.025406984932949274
0.02528532781783685
0.025198217713442973
0.025102942410304217
0.02498688788785297
0.024841025819014165
0.024701795751972035
0.02459764442734064
0.02452849471346683
0.024447120519362615
0.024269159185336467
0.023846796592789182
0.023318869795355066
0.02294043860575494
0.022699553520269453
0.022574050307500423
0.02249862860698701
0.022458132715608915
0.02242922026904636
0.022405274917587478
0.022358261862592693
0.022264438971506408
0.022171765273323492
0.02209211446553432
0.022028366562471098
0.02198117725088161
0.02194078019544042
0.02190145370283952
0.02186248995161912
0.02183783421663043
0.021819694225649472
0.021806505450567795
0.02178472830206293
0.021755948238436337
0.02174135112691509
0.021739823073258543
0.021739097563501515
0.02173386249220332
0.021716731928926727
0.021698553467019977
0.021684456825898576
0.021673423314311154
0.02165811342330613
0.021639049552556116
0.021621933319014502
0.021613262165600677
0.021609487898375156
0.021607204461972295
0.02160654450473668
0.02160593133752273
0.02160471402385033
0.02159870757095765
0.021587785221929976
0.02156328215714534
0.02152676873887625
0.021492139464535855
0.02146735709845781
0.0214516457528378
0.02144348987605028
0.021438164187926496
0.021434336794475116
0.021430289714491554
0.021426578564943562
0.021425248120866176
0.021424224186458105
0.021421263690226216
0.021409778493990138
0.02139613848908118
0.021383195031558628
0.021371436825387155
0.02136514750165864
0.02135963752783206
0.021349775729749207
0.021334878766525397
0.02131880471299399
0.021310119863279447
0.021306381418200095
0.021305025981550225
0.02130420435766596
0.021303966975357396
0.021303745619200235
0.02130327701498248
0.02129636827208458
0.02127105830066535
0.02108287557767436
0.020151757641092612
0.018192869314228168
0.01571888982863609
