0.06550519077539624
0.06535895287130551
0.06525046330045202
0.06504744149443986
0.0646224188331812
0.06392449607510492
0.06311096303863241
0.06231197386923971
0.061617007948358796
0.061119063681426625
0.06077553795514121
0.06055301857384393
0.06043411465651589
0.06036491335069999
0.0603215820228664
0.060286010726597436
0.060264317311964084
0.060248454663018106
0.060228059473403116
0.06017381399877182
0.06007108455194387
0.05997134318857383
0.0598955993376534
0.05983592278466918
0.05980860499540306
0.05979074857063011
0.059775418310980356
0.059762798973810066
0.0597546298654159
0.05975057782911016
0.059746277242324904
0.059708752626623736
0.059297974094969244
0.058399549833025664
0.05732028740305424
0.0563874758309071
0.055605743306063014
0.05495688619432703
0.05446374843175105
0.054105862145954454
0.053864943943819445
0.053713114455835445
0.05357051368232412
0.0533693608814345
0.05307739691663321
0.05275238094929541
0.05239662045651666
0.05196027469942459
0.05148372978976645
0.051114343695808695
0.0509312069340258
0.050822564102145584
0.0507575931035072
0.05070565123815249
0.05065118240817262
0.050592936625430025
0.05050669415515468
0.05037709748229385
0.05022171569266186
0.050062834066956594
0.04990710087365695
0.049765216774170944
0.049648061756053526
0.0495577455565291
0.0494938159971383
0.049448485748941964
0.049418624301378715
0.0493917946045264
0.04935956455541133
0.049306567138873394
0.04923560031301039
0.04912274431240516
0.048989215651826304
0.04883231612623288
0.04865134078582074
0.04848608765174367
0.04832350484054441
0.04818913527255264
0.048039285104841074
0.047802493687390424
0.04764189348432988
0.04753816581786266
0.04745749974138047
0.047378460387596945
0.047243078141696204
0.04702844532492804
0.0466378502843883
0.04606893019526495
0.045390413856429994
0.04457176663946333
0.04351936540151427
0.042209768205508646
0.04073063208239785
0.03938572749321758
0.038301318699276395
0.0375109001071088
0.036978079845173185
0.036544700688213735
0.036140231053478106
0.03575142481649925
0.03534320113474033
0.03494867698578048
0.03456039909580038
0.03419482787425017
0.033891383236182585
0.03364556175687602
0.03345108906461507
0.03332554158215756
0.03323419402760269
0.0331494034286677
0.033053230146026145
0.03291617575498388
0.03268536471133637
0.0323976708615198
0.03212930580819734
0.03191713184464878
0.03177825809186993
0.031693567961481366
0.03163225033463872
0.03159353310111056
0.031566730714796425
0.031562565929320774
0.031559188209056864
0.03155731258117401
0.031557926780946946
0.03153183526037628
0.03133669580089914
0.031263704293333965
0.03125401247154484
0.031246718884997565
0.031229288637602874
0.03117881282343913
0.03113148409283601
0.031093486466482825
0.030996981349685447
0.030904607219236387
0.030863577709137214
0.03084446015290874
0.030832505727203037
0.030824614729656405
0.03081905763477458
0.030815803542181018
0.030815750522143037
0.030814619982335607
0.03076027633944167
0.03047872956135901
0.02992611764723289
0.029248616420993478
0.028560300783590405
0.02796561293756253
0.027475198333848566
0.026994969762820044
0.026522173966911363
0.026102485893264592
0.025784710063948276
0.025570356748258326
0.025415869676454664
0.025332091414594346
0.025281880305935374
0.0252559229963809
0.02523972755486802
0.025204676630530047
0.02499900616034021
0.024574846211036703
0.024152656531699745
0.023837397074434215
0.023571371346935484
0.023338775474523985
0.023162677993989283
0.023036283982009773
0.022972742982341147
0.02294096788935929
0.022924743337601285
0.022914314073005627
0.022908718682578627
0.02290293843095887
0.022888428073601187
0.022827112427315326
0.022589901469251508
0.02196091749849734
0.020857875537621928
0.019724787265224714
0.01890606189126358
0.018528385445539662
0.01838289763370125
0.01832169545541906
0.018304796255483546
0.01829714874531324
0.018293040050895406
0.018279550316390884
0.0182291795425678
0.0180661363602901
0.017657700717019987
0.016902001753051798
0.015820225933188065
0.014509174896683567
0.013051665541052642
