0.06645314446198657
0.06644669844506933
0.06643624258250601
0.06641213704341081
0.06634003148279263
0.06611017220408225
0.06565028863959042
0.06490120557576037
0.0639440978261515
0.06305284155199133
0.06231152312272026
0.06175713456528013
0.061361506904494566
0.06094863290433173
0.060501825114606354
0.060014545953382535
0.059600742485757884
0.05922513200140497
0.058931781659988414
0.058723786373292945
0.058545391401233396
0.05838730280955543
0.05811279544246157
0.05769582015356542
0.05711760219506576
0.0564458479166951
0.055807965886305134
0.0552329786785814
0.054732254524554894
0.05431699278867309
0.05398238654461478
0.05378514208948923
0.05367439483246651
0.05363647601582589
0.05361827911744051
0.05360241928847672
0.0535973635503229
0.05354523658603988
0.053358544676981395
0.05332616955521332
0.05332687058440589
0.05332689127173883
0.05330593319221391
0.05325252754842259
0.05321441657444119
0.053196329074424245
0.053188331747417016
0.05318438496714853
0.053183125660542376
0.05318207960690998
0.05318076026365979
0.053178883549691996
0.05317752042058192
0.05317327596835726
0.053174163951398686
0.05313823778497467
0.05309512525068704
0.052967664472892514
0.052384067005353814
0.051290943323469965
0.05012258164300517
0.04894992228053173
0.04755847942843126
0.045801781266425146
0.044184890966359774
0.04307283458895376
0.0424323405775695
0.04203873951636172
0.04179785071645831
0.04159611570760482
0.04139001835319066
0.041189805649491436
0.04099163606350676
0.040824156543489226
0.040696487756166494
0.04059367762198967
0.040518210200949846
0.04045687682494705
0.04039748452208729
0.04034635159299066
0.04027191181401028
0.0401691694232301
0.04005458612358986
0.03989702456134291
0.03971890845782038
0.03955653096068693
0.03940264634312699
0.03928225100321638
0.03918366003387709
0.03910582676845757
0.03905208502359467
0.038938409350461736
0.03860331900327095
0.037901772800359695
0.036786176164126265
0.035422279337559495
0.03396485743270226
0.03254655200693475
0.031242450512547357
0.03001968702970017
0.028896882232497693
0.027997826011190857
0.027307677485482424
0.026747744208443686
0.02628431000448993
0.025882488437951552
0.025517906121008817
0.025222822139352473
0.02499576357486405
0.024818688513157158
0.02469019172348084
0.024597020514575112
0.024526638593660412
0.024479178350238478
0.02441444835267311
0.02432220738144927
0.024221890029798788
0.02414715581899055
0.02410255474572262
0.024075511483024916
0.024058304881475197
0.024038210172521543
0.02400797476692279
0.023955395795777278
0.02387653116263024
0.023791289785658348
0.02371633085386234
0.023660911057632357
0.02361550001092015
0.023577437920575473
0.023539398956668817
0.023514485730254327
0.023503089779977747
0.02349210143023878
0.023479514662153863
0.023453381645094206
0.02342778144155822
0.023410280450821587
0.023400798625834114
0.02339489925809858
0.023385220403137598
0.023374159086667397
0.02336211222127031
0.023346544588059383
0.0233345886500798
0.023307954170648185
0.02323403785456082
0.023134121689875563
0.02303005188515132
0.022945785243083754
0.02289493039168754
0.02286949296996554
0.02285570817952881
0.02284782681084626
0.02284140558350667
0.022821604153838295
0.02272506148501397
0.022711979052929692
0.02270723642296695
0.022699997440003575
0.02269595215033354
0.02268526592572943
0.022663238834604315
0.02262113059881327
0.022592981126327974
0.022578289094141113
0.022570287784812612
0.02256509507923507
0.022561984087042502
0.02255787467718073
0.022552442417905195
0.022545966947060417
0.022499721651597488
0.022280651127239107
0.02185881599132486
0.021519411309725543
0.021471386830663547
0.021467073371131174
0.021466842646354508
0.02146359618814874
0.021457943899665752
0.02145732962800859
0.021456146139808552
0.02145348719716039
0.02145247467029036
0.021452580395483006
0.02145286085662507
0.021452758496082178
0.021452206039924718
0.021451487461759195
0.021450548059833985
0.02145040486436555
0.021450265348540453
0.021450163592885693
0.02145007962443717
0.021448224058748744
0.021435345440558567
0.021394541387178254
0.021348378736336486
0.021314153414381344
0.02129110549543786
0.021278742375409766
0.021271150240918735
0.021258736904486538
0.021241592260611834
0.021232091975155437
0.02122973128800315
0.02121313472149178
0.02120799442993468
0.021206961356151112
0.021206454239960384
0.021206069669078554
0.021205780981452718
0.021205136560453947
0.02120431984957258
0.021203050774511886
0.021201985790328018
0.021201011225148593
0.021199736747624404
0.02119894219969676
0.021198335458316855
0.021197602795627626
0.021197207759000473
0.021196547476025722
0.021196107671312404
0.021195355025040653
0.021193897193951407
0.021191177735733608
0.021188378360524326
0.021186580828795057
0.021184582940194485
0.021182093642175853
0.021148879278147036
0.02056513009823416
0.018736004201620676
0.016152692585057776
0.013597555898175333
0.011715695120616086
0.010368745932799775
0.009459191135897304
0.008830464576679152
0.008431319516473227
0.008088053666595789
0.007725141469394938
0.007318844976020937
0.006885846591293943
0.006470330440120563
0.006093181194652487
0.005794891023495276
0.005547219278175129
0.005354965311878068
0.005258429408033407
0.0052157429042641425
0.00520022747317593
0.005190205240049279
0.005170151833135013
0.00513611686832419
0.005086293829270353
0.005040178136353197
0.005002645342784625
0.004955079573479143
0.004859720296661358
0.00473466338930554
0.004657845068708225
0.0046139383588380285
0.0046070158846727985
0.004594773851518917
0.004589968803754638
0.004582612332139679
0.004575305431149437
0.0045672107521506225
0.0045649353299379095
0.004564872379457514
0.004565181582914744
0.004565763900924313
0.00454805805655392
0.0045156573796304176
0.004514922218388572
0.004515039526597206
0.004515066212630684
0.004512793027213196
0.004475479490269559
