0.06762372723847117
0.06754912889235679
0.06747725079406072
0.06734507316072891
0.0670792759758022
0.06665794970643235
0.06617306027350767
0.0656012715203241
0.06495050195192865
0.06438319569089132
0.06392862655021407
0.06359833002343189
0.06337042576694567
0.06313535503608597
0.0628837092540767
0.06259845817831869
0.0623337404308452
0.06203426804548824
0.06173369292596397
0.06146175400326862
0.06118592954627682
0.06092965351585194
0.06052834524651206
0.059971667367924614
0.059212406960665855
0.0582524011279273
0.057178969159179076
0.05605302870878611
0.05502311049392088
0.05422167280835781
0.05363654270390754
0.05326911250199793
0.052958591193524175
0.05262402293691344
0.05223174626041866
0.051820335593294284
0.05142927429736534
0.05111895679325228
0.05088755299873441
0.05072407619625415
0.05059755025253554
0.0505096197267466
0.0504288847102619
0.0503396823416639
0.050243162091937334
0.05013444929959923
0.050022648636573935
0.04990867480289568
0.049806687636458756
0.04970938402259306
0.049622412797504754
0.049558490393429896
0.04951036372547802
0.04948057184172391
0.04946116238186728
0.049447491603621656
0.04942623377102428
0.049368597825653386
0.04921748887809945
0.048898705228952524
0.04843005020986933
0.047838313165554584
0.04724068477912603
0.04666506829678005
0.04611684365233538
0.045656204199669495
0.04530263001903395
0.04507176814010541
0.04490567597073548
0.044577146535950275
0.04398720103323819
0.043367682555159784
0.04292027770421316
0.042686773614135885
0.04254242881344587
0.04243870673264124
0.042361857405225835
0.04228917914103191
0.04221900043964111
0.0421204135399532
0.041904289935007846
0.04145770838617673
0.04070910529185961
0.03970137744986943
0.038679375732611654
0.037763083613391826
0.037034877282868015
0.03651738212203574
0.0360995352787558
0.03579911049561082
0.03558178342866674
0.035433229432266046
0.0353356678101307
0.03528520686005176
0.03525350624636663
0.035120732409626994
0.03474616448197884
0.0344260640046059
0.0343147870723954
0.0342357746316046
0.0340857260937605
0.03391300137387897
0.03376131446993266
0.03364012371796742
0.03354705890858538
0.033491715070689744
0.033462492793151985
0.033447446173981155
0.0334390295147713
0.03342845249585854
0.03341009973263866
0.033362510989489745
0.03327407875310449
0.033180415917942525
0.0330931526385668
0.03303120469821337
0.03298231162119588
0.03295198630237877
0.032930736373024495
0.03291419231518893
0.03289944743030942
0.03288099702759662
0.03285962694350171
0.03284361691744174
0.03282283055940475
0.03280543908018167
0.03279998103190277
0.032796391164380025
0.03278646321131958
0.03275689201470788
0.03271198700929851
0.03267728079778042
0.03265710331942615
0.032647366671339335
0.03264204606130031
0.032639609665168046
0.03263820805439852
0.03263650682787139
0.03263390138370113
0.032630750312221006
0.032624927506852315
0.03260933020701112
0.03258179928821191
0.03255674273660625
0.03253568217311341
0.0325186096746596
0.032503115751182525
0.0324899779829701
0.03248296852222951
0.0324817127761399
0.03248131686599967
0.032435964151303266
0.03212277342731463
0.031172963069709535
0.029788307353957977
0.028403522982992455
0.02725681168614915
0.026359214782187525
0.02570737863295549
0.025216123953732912
0.024807587148369836
0.02434637553010213
0.023593460624319537
0.022303526504509563
0.020294485104893647
