0.06602416096783294
0.065995569274084
0.06596020995853913
0.06587968355888514
0.06566579836594759
0.06520036220934597
0.0645216858094334
0.06371455775149129
0.06291714250714767
0.06231131721637699
0.06188168538715679
0.061600592390883536
0.061422775171090564
0.06124987462915902
0.061079878058634636
0.060901266746611574
0.060759967952260706
0.06060078299368191
0.060437234814465536
0.060280000234793504
0.06009698767932937
0.05995204437733281
0.05975360540298019
0.0594714630435652
0.05897946265763201
0.05823097019515896
0.05732859356234189
0.056359384925892896
0.05542439985641541
0.05461293655666821
0.05392984905636235
0.05343202677055885
0.05309865179984443
0.05288453994844783
0.052684492076074764
0.05242664904661329
0.05211580477245541
0.05186814232302001
0.051735952297420236
0.05165078775623907
0.051633756700858575
0.051625169927032005
0.05162238841555317
0.051620662022741085
0.0516185864423688
0.051616278543970356
0.0516158551204517
0.05161468284104237
0.05161305359588111
0.05160645886202391
0.05159152241742255
0.05157631216372203
0.0515731153038266
0.05156352760590904
0.051551992872407235
0.051550015566104154
0.05154531119620303
0.05154410705173215
0.051508459794995645
0.05149541014092742
0.051347287526416124
0.05039925671337746
0.04962819388914703
0.04914163752399297
0.04878629719077616
0.048535437913525624
0.04836907894961981
0.04823421792518545
0.04811202929191101
0.047956316043708085
0.047727531614609166
0.04740245356365785
0.046972053725408615
0.0465197583908137
0.046113535918195725
0.045751531333874704
0.04543625368116738
0.0451502489860783
0.04487682910224485
0.04454335425342935
0.04402155322562305
0.04328263801636054
0.04239508309469094
0.04132864605062004
0.04002103209093535
0.03868121918717811
0.03748150702654733
0.036539375066658546
0.035830679308718444
0.03532714465416937
0.03498191774359518
0.03464889024681515
0.034285425726469684
0.0339385067024071
0.03362426515118133
0.03339011472885647
0.033222189496403556
0.03310498743370676
0.03302229584297527
0.03295983022420123
0.03289844311649457
0.03282755758206779
0.032734999380804444
0.032615364030903815
0.0324852971834609
0.03236582775806998
0.03226282460729717
0.032178275961216904
0.032099899662863265
0.032009551337424315
0.031897137929412685
0.03164440366655682
0.031207583178595726
0.030565317097782912
0.029802867935797204
0.02903315214855716
0.028323251817525007
0.027804996436525783
0.02754505348181983
0.027449980148046674
0.02742887527014072
0.027426779003753794
0.027427021043823475
0.02741804903552231
0.02736991762929028
0.027260610757403846
0.02702950710128277
0.026701159421374857
0.026364267443078612
0.026060920604222194
0.02573514496390826
0.02534339763910669
0.02491780870268763
0.024545041732098705
0.024224577070422942
0.023992377837373322
0.023811604967574763
0.02366882516030204
0.023549220025039695
0.023462343374139508
0.023383950962208896
0.02331733525302325
0.023256166520600422
0.023211814917509233
0.023181946287456193
0.02314317400590434
0.022674460179883508
0.02106379962954118
0.01968418336664867
0.019309288700330312
0.019270678990537728
0.019244420975119688
0.01914830784696328
0.019007015043793672
0.01891303928363645
0.018862823656749902
0.01883906364596811
0.018824399356042687
0.01881728229911681
0.01881228022231936
0.018807837510252376
0.01880339238583646
0.018797975832304938
0.018779855610393262
0.018626103115809655
0.01804348066358596
0.016673964477083757
0.014774435708954826
