0.06643046960144483
0.06637080803171987
0.06631323841296935
0.06621056116618484
0.06601298620320699
0.06567071350224161
0.06522949341485326
0.0646833480894554
0.06403921866962588
0.06344007084645774
0.06291350833790355
0.062490681523646244
0.06214263876575074
0.06187609983114
0.06156639073445542
0.06117077381673757
0.0607824809265718
0.06039481476191646
0.06007857285545669
0.05985745609382165
0.059687936790993365
0.059583704970049195
0.059447230513174826
0.05922922901756238
0.05879806694078632
0.05809057446410132
0.057242845597597417
0.0564115027555119
0.05573721663225024
0.055272929101875236
0.05496168155052303
0.054784918329411424
0.05466735964097936
0.05457022311901238
0.05447709534518425
0.054383269458241006
0.054276010900610655
0.05416965922843065
0.05406013020430556
0.05395006213914178
0.05382488248152597
0.05371007968501136
0.05360570540591683
0.05347201341123826
0.0532635537750928
0.052922291343105755
0.052449073663486695
0.05188336881640194
0.051308780469770554
0.050744691040074986
0.05023773189951001
0.049777564799474275
0.04924488628718279
0.048536178371224835
0.04768896733880415
0.046849447307765406
0.04616384070452338
0.045667105123805556
0.04534293221331845
0.045123358385068486
0.044953682494497306
0.044819481736685936
0.044736067966970425
0.04467512157620092
0.0446322741704626
0.044590963609250224
0.044553910068229514
0.04453219633761645
0.044514631862597
0.044484516116623234
0.044419846824179494
0.04431971178234501
0.044231465500569
0.044183134785064214
0.044158026418585766
0.044136315477051324
0.04411510502334503
0.04409857511258555
0.04409058220971949
0.04408416478849188
0.043865638230968756
0.042894034398485804
0.04137091895659656
0.040041977810194855
0.0392151521410793
0.03873213552061237
0.03845978891338936
0.03827335372863795
0.03811012137669498
0.037936109777241676
0.03772872424880411
0.03750336575521757
0.03727734348870143
0.03708091724254122
0.03692822808328824
0.03680599271218958
0.03671060323619666
0.03662106736119063
0.036516707047263015
0.036373431623779214
0.03618373528618386
0.03594650171423907
0.0355936101265996
0.03515692651331208
0.03476225308321774
0.034327101603688515
0.03391142956458076
0.03358240192806378
0.03331672073606666
0.03312671046754725
0.032979793067750944
0.032902113438008904
0.03285642944489936
0.0328274232535507
0.032812034159804944
0.03278855198431002
0.032758207102055806
0.03275013155112089
0.03274068442428693
0.03273095997854288
0.03273069659453552
0.03272827762226908
0.03272329328878639
0.03272456829743334
0.03271573282841134
0.03268829913873858
0.032615266710517496
0.03242541639679074
0.03220508651165835
0.032036705747298534
0.03194187322085243
0.031896311344532656
0.031871899272184014
0.03185797056864391
0.031847117538414266
0.031840703508509274
0.03183883447650779
0.031838177694166726
0.03183314204347373
0.03178492611014128
0.031618938523704725
0.03141003619786836
0.031063230405985253
0.030265255985201606
0.029044384456896742
0.027778959002982013
0.02682925563646632
0.02616928400194959
0.02571092689137861
0.025384652789671676
0.025150591828810232
0.02498833944245477
0.02487651403574194
0.024798067671345594
0.024700093699610095
0.02439940061533761
0.023791318024596237
0.023196399241695784
0.02280386541783712
0.022606091972184102
0.022527344354336724
0.022470280363304635
0.022442803499033322
0.02241724945125491
0.022397252211552764
0.022379636820296592
0.022365148976022105
0.022346919826840134
0.022313347788724437
0.022270019885774664
0.02223906186751072
0.022222148121114695
0.022207222567562666
0.022197824864621962
0.022189921759010113
0.0221852910587284
0.02218174152999365
0.022180325265874247
0.022178924523710685
0.022176257678761264
0.022174213918816493
0.022171237946485192
0.02216801870200916
0.02216603527523839
0.022164844522727562
0.022163394669125452
0.022161918810522208
0.022160055139285817
0.02215762279838165
0.02215685912175399
0.02215797273463017
0.022155558546639278
0.022129202305553514
0.021683960899334644
0.020522688242159953
0.018579743200631067
0.016337025129865602
