0.06594816252035637
0.06583989236538895
0.06573547966839186
0.06552228531096496
0.06509462672758591
0.06442600506080742
0.06367954889837163
0.0629607986612779
0.062335873500908766
0.06188571632919385
0.061567800815131676
0.06135531413477416
0.06119226919729708
0.0610520040886923
0.06093695887858811
0.060833285484569635
0.06075286365363616
0.060622732326544096
0.06043068540139703
0.060233997793611514
0.06003515629759708
0.05988662895977815
0.059785312392070966
0.059700817021169784
0.05965777776940955
0.059624144588957234
0.05959901413014116
0.05957079195739199
0.059510366925614115
0.05940978441094075
0.05923243795629389
0.05857986560155751
0.05743484318115557
0.05611288635602659
0.05479692616190063
0.053677297810621784
0.052725811787076644
0.05194342306652326
0.05133655144621793
0.05091648959708901
0.050664670503210815
0.05052334010730607
0.050410905747928746
0.050308889890126045
0.050216100856801275
0.05016878007162891
0.050159367316361454
0.050138287456502055
0.05003612612338209
0.04992418607321913
0.049851363779020295
0.049804857406753986
0.04978025744203671
0.04976369828045576
0.04975355371510066
0.04974357063095811
0.04973152454131208
0.04971796585247577
0.049709643911931264
0.04970519050678474
0.049690681379683715
0.049575997367559174
0.04926355233560918
0.04901850693434568
0.04872691682210412
0.048116437969254966
0.04758023130682667
0.047307924219420455
0.04719414758810223
0.047148901911148525
0.04712867435134304
0.04710556165575449
0.04706827438373332
0.04696764582981272
0.04674810827019325
0.04639458429247639
0.045898976161928166
0.04534465901439986
0.04481899013066972
0.04435227539965283
0.04398133635285125
0.043630485697100985
0.04329503125575167
0.04303070845634561
0.042794426734398726
0.04257694607385699
0.04239036021063673
0.04222663872680731
0.04208071507852706
0.04196043469933203
0.04185012255054529
0.04176641321904947
0.04169755955251512
0.04164231527897395
0.04160449985473043
0.04156153043788611
0.04148462807417864
0.041350181355474996
0.04112450003408314
0.04080829265499146
0.04040445182270975
0.03997052934234176
0.03958155663957116
0.03924989148739386
0.038970724235381136
0.038771331817613434
0.0386058382345456
0.03844989055009764
0.03833532114044878
0.03827098245757154
0.038232183673433125
0.03816073813835369
0.03799176860944832
0.037670627528756294
0.03720794853013155
0.0367160439252425
0.03625192950198519
0.03588861248462202
0.03560453798382193
0.03538328101066054
0.03521196478700529
0.03506111549081467
0.03492355977913437
0.034750334422075015
0.03461629980851394
0.0344920622705857
0.03435576648521214
0.03421786929581847
0.03408731484821537
0.03397121808689817
0.03386198714927724
0.033761406036711225
0.03366352812246786
0.033570257805028196
0.03347935960991515
0.033404872571935945
0.03334452632214736
0.03330536243333074
0.03327853503048435
0.03326092523096718
0.033241920865513426
0.03321395430174549
0.03318329185740993
0.03316091125055988
0.033145875945069965
0.03313448273908278
0.03312473163287165
0.03311657198629542
0.03310869714940742
0.03310274479859062
0.033095947080504375
0.0330891524732627
0.033080346959959026
0.033072964720841834
0.033071190500073934
0.03307031148337791
0.03307014867181754
0.03307040187415775
0.03306925736335216
0.03305331725019571
0.033014766715965
0.03294572422442622
0.03283493279662428
0.032679244149408204
0.0325076867814858
0.03233380058362031
0.03219143117356489
0.03209030975635796
0.03199318574661969
0.03192384790350047
0.03186709387358168
0.03183204459112139
0.03180417239066736
0.03178642828822945
0.031771779929902086
0.031768276753636
0.0317641836642258
0.03175860718519975
0.03175243781318696
0.03173320816147626
0.031615758728965944
0.031151900993492184
0.030021524045943132
0.028361085259059032
0.026849569768185807
0.025969274094296214
0.02553385483565995
0.025280190915086338
0.02507258035867392
0.02485151501665754
0.024630043032479704
0.024406788004627727
0.0241859245590287
0.023973078502809456
0.02379988213452792
0.023658421239471525
0.023554787176380827
0.023486449038997145
0.023439569439347812
0.023411748406733848
0.02339529912094828
0.02338767605374309
0.02338449101425229
0.023382469770109243
0.023380773244187764
0.02337928812267168
0.023377023646510623
0.023375851067567042
0.023375400769437317
0.0233758662737468
0.023376539770642826
0.02337486743104294
0.023334025544463614
0.023051999956918565
0.022314792774559025
0.021277581799916217
0.020107992342121597
0.019046538608491596
0.018207838013791614
0.017609842706677887
0.017155070679418877
0.016858982490021976
0.01664542750377997
0.016517609936940424
0.016385010012371512
0.016111808477345443
0.015623788989905593
0.015036675889520214
0.014548120954909547
0.014231853326377676
0.01365481129950335
