0.06648875046087645
0.06641478283736713
0.06634050222883531
0.06619380733054964
0.06587740316411785
0.06532575228433915
0.06465176088905474
0.06394732851650439
0.06328538538684818
0.0627696665178818
0.06237683725728974
0.062094542012783825
0.06183491493259934
0.06157173610536965
0.06136775127163257
0.0612344283277742
0.06115247484272199
0.061024957156226536
0.060837971753447365
0.060623325659375116
0.060371071050784895
0.06014680344920361
0.05995928522505314
0.059781476025113314
0.059662990045642086
0.059566112861582816
0.059495465973360424
0.05942002089034429
0.059285852661212356
0.05905613711305415
0.05878185249135953
0.05848982244360776
0.05820351254930708
0.057951712239503336
0.05772370294013108
0.057560213512267706
0.05737326800496991
0.05712268287529906
0.056783424747822
0.05632817456804545
0.05566405000738118
0.054793251068211035
0.053785923255977454
0.052813258352398175
0.05198452958750306
0.051380465738202735
0.050965969368971006
0.05063388555464057
0.05032169432127923
0.04999767359496668
0.04967999250072633
0.0493774494585204
0.04910662178369746
0.04885422049028172
0.048648670680322914
0.048492312292415185
0.048365356558072184
0.04823974863915708
0.048100660249433776
0.047976338479441806
0.04787240646583329
0.047772876963796757
0.0476337894566638
0.04741839869091751
0.04715430678483809
0.04681954968416987
0.04643311094783028
0.04598782815206436
0.045585807685857065
0.04530491027273655
0.04510273660781511
0.04496774939536007
0.04477348195533526
0.04440509194163498
0.04386722311496375
0.04322518005152306
0.04257975641931123
0.04206774094602674
0.04163853337023824
0.04129358087261341
0.04105230767742137
0.040819925965921385
0.04057815059247215
0.04037636841485791
0.040218552891911175
0.04010918175300882
0.040039180513249596
0.03999210876627798
0.039969428670527454
0.03995895963633026
0.0399531026932981
0.03994720650579605
0.03993920318247712
0.03992951271673118
0.03990245626047784
0.039829160210864155
0.03967843784982474
0.03943781615577886
0.039136294587805626
0.03882258340610976
0.03852811085843168
0.03829508312749017
0.038148189127503646
0.038052533960600037
0.03780979533594383
0.03715950099006859
0.036387241081974685
0.03575813643538861
0.03533195687763104
0.035083810768908485
0.03493305353840551
0.0346750754863276
0.03392161548564525
0.03266658247912336
0.03128124899826221
0.03021326767116859
0.0294860593772267
0.028920095614760666
0.02833669813794808
0.027763767308783795
0.027161840334679027
0.026568531661765503
0.02602404435588445
0.025541065883015048
0.025143405332516387
0.024862528442383472
0.024672434517832728
0.024519498661182387
0.024377002688843658
0.024247245987892522
0.024108703577534737
0.02399869096439831
0.023913452128168648
0.02385453925336889
0.023812566860091325
0.023788000989554237
0.023773776904600367
0.023753234886739052
0.023706721367496245
0.023651220426409245
0.023594378128812224
0.02354897964029987
0.023499620511317376
0.023460694128154765
0.02341855898816833
0.023358687569725436
0.02328507139866098
0.02316949078738855
0.023091797623882096
0.02305923891748491
0.02304268106937304
0.02303084766226235
0.02302466604479956
0.023017959526092348
0.022995283534530935
0.022958692000095062
0.022930168299141844
0.02291175328857702
0.022905171282668276
0.02290387242347212
0.022903280489074942
0.0229013530252176
0.022895634001624445
0.02288139471702208
0.02285582557322916
0.022825832141119554
0.022789289928411182
0.022732251126391448
0.022691833476202867
0.022665595427851265
0.022652843966298453
0.022645114968143854
0.02264079843247551
0.022638600841634715
0.022637620220204338
0.02263758371189474
0.0226370754490755
0.02262944831025344
0.022621514006596476
0.022608905690238004
0.02259368893252498
0.022579706218878566
0.022567203350736937
0.022552713194364946
0.022539505181478597
0.022529840887539822
0.022522384617295426
0.02251687244381257
0.02251295268176275
0.022509417689668396
0.02250598924041023
0.022503924192039355
0.022502607830244603
0.02249973160148906
0.022493229762308074
0.022489291080242352
0.02248228514649637
0.02247609221115808
0.022463644991665803
0.02244221990582742
0.022422320333544205
0.02240993212691575
0.022403898957016333
0.022399424621526526
0.02239692190524018
0.022395585465041935
0.022393977428224538
0.02239374274310249
0.02239877975338546
0.02240150399608453
0.022397741921244618
0.0221660076576692
0.02130753395834024
0.020414015637765716
0.02007600596937875
0.020025571447505174
0.020022680119065765
0.020022851726424377
0.02001984565967647
0.020009064644594853
0.019932887547094966
0.01979146728484829
0.019657808585920155
0.019468773314585967
0.01917076184900725
0.01858516006438334
0.017642121998506007
0.01632841523002855
0.014825367664396799
