0.06781054935318828
0.06777846306102701
0.06774704222683098
0.067695355308815
0.06758697169368329
0.06734883176494927
0.06697138997078543
0.06635019405030522
0.06544527751156576
0.06453170792380089
0.0637513264251296
0.06316976877091005
0.06276456814863875
0.06242344292021213
0.06210616735035073
0.06176490820319622
0.06146149783091136
0.06112222296884401
0.060778125176872075
0.060464070459795946
0.06014520635476359
0.05988862846645561
0.05967801282612408
0.05946002193026055
0.0592118798584878
0.058882024764651826
0.05836771860136324
0.057649415370758995
0.05683874465166986
0.0560003300239077
0.05520479536924408
0.054520786063295294
0.05394816318620051
0.053533434578353155
0.05321246173707833
0.052999901796465874
0.05285875518157565
0.052728098265021804
0.05257666983093984
0.052431126225725745
0.05229523517975553
0.05217071193344842
0.05204240345594253
0.0519280274175002
0.05182680621058144
0.05175253294966876
0.05169858220189421
0.051618046168599295
0.051476876029293274
0.051257362336801504
0.05098795083576659
0.05062855278006461
0.049884469122169255
0.04900455583909443
0.04833783712780205
0.04793010953756757
0.04770580541320242
0.04757551201204016
0.047516907394619966
0.047490729108516205
0.04745708187861951
0.04737619158581838
0.04721183907147482
0.04695611080487465
0.046669541115157434
0.04636274036858716
0.046059948464508886
0.0457754958207912
0.045501476546849697
0.04527383729824038
0.045074437410042564
0.04489688342260274
0.044769711341286614
0.0447224316471191
0.044709032384440496
0.044681645354766535
0.04465766681068023
0.044573176018920704
0.04417055070193544
0.04328369793617336
0.04212969407124624
0.04087024977953869
0.03964204936395171
0.03863479995856981
0.03783849303941825
0.03721762703790843
0.036726289755143
0.036300085043883906
0.035950615889453114
0.03565878171789857
0.03543175651798305
0.03527447940802815
0.035156060737149455
0.03509322600530568
0.0350609559605516
0.03504018012974839
0.03501397649903142
0.034974045326495985
0.034895602494909216
0.03474828775888005
0.034531263337051143
0.034175029756618076
0.03381574187393026
0.033541353576630344
0.033298985281702595
0.033076662308940234
0.03289903432852926
0.032770170214898746
0.032657497331057765
0.032555902972619434
0.03245829145491227
0.03235402874248048
0.032293672993312025
0.03225056605205904
0.03219802104263759
0.032154963085127476
0.03209668201502971
0.032035516663966195
0.031908813864725424
0.031720321989737885
0.031496610977322495
0.031317791621654885
0.0312116187335192
0.03115704499907297
0.031132873461962987
0.031123543640551952
0.031122032894898073
0.031122285561525978
0.03112036229788808
0.031099307844516113
0.03104330756410831
0.030972145490060773
0.030902170885012233
0.030856475862473098
0.030825940722283608
0.03080858114432319
0.030798137227879496
0.030792653218365898
0.03078779680794201
0.03078218860786736
0.030775691226618444
0.030775289239381956
0.030774534396754986
0.03077409991577155
0.030674596092079613
0.03022624701088122
0.029346082728222207
0.028342888055069963
0.027494861725267154
0.02689229539525984
0.026468545836144455
0.026155784421700492
0.025934040443196704
0.025749043218165263
0.025606817022128463
0.025492330338092808
0.025401702715001084
0.02531978418000164
0.025256149982220578
0.02519347325743493
0.02515259887296339
0.025113680842971865
0.02508160558520484
0.024643009613796237
0.023658566345784813
0.022778560692749337
0.02208735355453167
0.021615713708885435
0.021220726049217476
0.020825672482069773
0.020210634756979748
0.019257297146816826
0.01786179078562371
0.01614425801520624
