0.06523241025196527
0.06513577256159124
0.06503412063169854
0.06481855394510144
0.06437684691775204
0.06367921975554382
0.06289993190731087
0.06215467097000541
0.06151386468036939
0.06105792335616889
0.060739724151626415
0.060529434458231716
0.06039449446812262
0.060272846722336515
0.06015658663280825
0.06003685363834061
0.05994447928622805
0.059855893187428955
0.059769692984039065
0.059688216774272856
0.05959598930557121
0.05952022744801762
0.05945755885465304
0.05939009262492692
0.05934662041080934
0.05930700416228792
0.05928178509345987
0.05927045151136489
0.05926401056468131
0.05925852562021753
0.0592551313367477
0.05923619707782631
0.059047231964899694
0.05850603481350218
0.05775707463788868
0.05703102082217534
0.05637274690542486
0.055811902029609874
0.05536995173283585
0.05502784792325443
0.054663463753317626
0.05426520158171809
0.05383227163316497
0.05331004416962493
0.0526185880897267
0.051841008020545
0.05110790572513005
0.05052461191822334
0.050114751413028714
0.049848802128218676
0.04969579133307471
0.04958532035801858
0.0495023134946393
0.04943541136540841
0.049385046917826074
0.04934870321914759
0.04932921905030244
0.04931819799805692
0.04930323197826653
0.0492773136222228
0.049211080387512686
0.04907125842079673
0.04891166628261439
0.048790419601549694
0.04872562721839233
0.04868715578343056
0.04866508522110955
0.04864712038558725
0.04863502134974013
0.04861642902287786
0.04858772640829352
0.04849768122078749
0.04826524496936352
0.04787297122553563
0.04739489737582591
0.046989898343437204
0.04671859816397363
0.04654776100030846
0.046449779968701636
0.04639616955400076
0.04636244707850902
0.04634183484194036
0.04629700634656781
0.046205300886283225
0.04608169014023027
0.04593904207527699
0.04578787357689973
0.04566154129377014
0.045546337520033224
0.04545809603291089
0.04524533671924052
0.044568817013186345
0.04385974366181393
0.04326927759006177
0.042707868582898954
0.04223215089503811
0.04187751384136179
0.041666154226747715
0.041548696867515084
0.041491902043055445
0.04146778408395252
0.041448264044018995
0.04140556646846129
0.0413404941166351
0.04126291228776021
0.04119172265512157
0.041121755806850804
0.04106436702593483
0.04100906725704591
0.040963390815652076
0.040937358253277385
0.04092753711560978
0.0409114159042697
0.04088276835565539
0.040828543870485325
0.040775258824472436
0.040709252193370064
0.04062426566075473
0.04053014247008227
0.04042020976116636
0.04033162127218229
0.04023725047345051
0.04019636740783633
0.04017769773014411
0.04015108768114342
0.04007502707699255
0.0398543155849792
0.03955171960306651
0.03940244222570784
0.03938242135509004
0.039367466249522635
0.03935420898179327
0.039344701760697105
0.039329946379339946
0.0393027139940996
0.039280059287138944
0.03926795049140018
0.039261200766071924
0.039255733835450904
0.03924979742169143
0.039241437008078056
0.03923888990046554
0.0392384154329269
0.039233101210986984
0.03907190211956025
0.03820327065055299
0.03647497383899646
0.03436310096723191
0.0323735210342346
0.03079238120825477
0.029612338266743737
0.028731702187337643
0.028038212907022318
0.0275242546950904
0.027154618307779446
0.026894322231503603
0.026666005331503668
0.026436977168636362
0.02623618240287629
0.026015361920798223
0.025854537938403803
0.025720253805312048
0.025618314830355815
0.02552091040367831
0.025405794756471672
0.02525772931064702
0.025110094715172462
0.024975495193965875
0.024876356882205117
0.024810286778259853
0.024748712873121494
0.02470234101133996
0.024654580285884093
0.024611624605290393
0.024563880410863916
0.02452864661924134
0.024499462736464542
0.024469473027126213
0.02445005835088295
0.024432214518861142
0.024414376463097395
0.02439289576253218
0.024356415807358953
0.024291418924720812
0.02419626135679334
0.024074887013434697
0.02395417912899929
0.023838852430591816
0.023735262486862533
0.023641446162554022
0.023583545108681034
0.023519646845896136
0.02346324172816909
0.023423246157632895
0.023395357674949595
0.02338078917354287
0.023371539660828524
0.0233652446307408
0.023362994131094987
0.023362657152586397
0.023362548488257476
0.023362137340803807
0.02336231872020347
0.023362481544376326
0.0233566081035894
0.023329018738998168
0.02318039682353559
0.022555350079301876
0.020870769318939615
0.018355019187641302
0.016171741973913363
0.014994812996562476
0.014535160266097564
0.014407531460826874
0.014370474319971632
0.014360861222608278
0.014358925880646922
0.01435928844897271
0.014341585893779658
0.014182118063160883
0.013681984453882218
