0.06554467400790971
0.06548365853242614
0.06541406708098345
0.06526163205649406
0.06492201895219388
0.06431891416303794
0.0635776113508536
0.06280652867653003
0.06210106175742529
0.06158175901806733
0.061212709864173605
0.06096756232681992
0.06076690996077391
0.06057655549350052
0.06040006725830631
0.06020946224632825
0.06003701833526819
0.05983058234424357
0.05961826967010018
0.059426701633318924
0.059140716333477804
0.058777046744482454
0.05827750893359823
0.057799505598564914
0.057396665105333734
0.0570807367956827
0.05685844750804992
0.056683514936492464
0.05653319066580875
0.05640944762061309
0.056313934133625905
0.056251382483168605
0.056152310209504876
0.055972395292791285
0.05565991239004274
0.05514755970614726
0.054358725173062325
0.05341295984249802
0.052720098934720315
0.05242692393477963
0.052293660132771445
0.052189115606141166
0.05205317701758375
0.05190447641201641
0.051768665615255394
0.05166073975383351
0.051565306329277166
0.05146970289336875
0.05136504691548024
0.051234649715905925
0.05107177403402843
0.05088393010198388
0.050692288058118574
0.050425488945535564
0.04997591354341737
0.049300792256827444
0.04852333195556532
0.04785365357962859
0.04738231506634623
0.04707249070616748
0.04683936614309797
0.046662988951513405
0.04652429984193255
0.04641232254011759
0.046315143060666364
0.0462311937772924
0.04617296670424794
0.04611719046249667
0.046039357803637986
0.04582242960935604
0.04555738383988192
0.0450343721646788
0.04445334712980728
0.04403051300905715
0.043739618512203905
0.04350955686771814
0.043304397430683775
0.04308818285080107
0.04280904747668527
0.04247757354363092
0.04203913699836894
0.04155225320904188
0.04112071448018346
0.04077815002850822
0.04052491299157709
0.040349465212526754
0.04022028048644994
0.040136803029651766
0.04008297587634623
0.040015611991041596
0.03991351672222148
0.03972045715073746
0.039399650050049986
0.03896193978211262
0.038425077124313325
0.03787772285442288
0.037375636016922904
0.03695499308464155
0.03668043781533294
0.03654573642803363
0.03649687837319713
0.036480492554164176
0.03647111690346943
0.03646105511045489
0.03645022902097385
0.03643034621208084
0.03627740770046815
0.03596311777906211
0.0357582756554868
0.03557150374496951
0.035337608945377526
0.03511910762873261
0.03494158798263187
0.03482121950116265
0.03471651431421463
0.03461949217157355
0.03452902996702885
0.034434151247760655
0.03438153733410237
0.034357363470876257
0.03434498903827768
0.034337449622156825
0.03427933041274462
0.03418378886063972
0.03410113929032793
0.034046602897650324
0.034015224678540866
0.03399537327901983
0.03398630022481352
0.033983192922311424
0.03398047011497063
0.03397562466804873
0.03397177884571944
0.03396807208279698
0.033953702708628596
0.03392976059540704
0.03389280263313684
0.03385428861099229
0.033822060925877556
0.033802216981834894
0.03379135552880617
0.03378801000880605
0.03378762405062708
0.03378661274508777
0.033783795382697386
0.03375637545087411
0.03369616925427808
0.033608771790496435
0.03344175538183208
0.03321633398686689
0.03290412748433049
0.032503471118224436
0.03202565195644355
0.031527006134447415
0.031065599812365532
0.030695102476481013
0.030446421447422135
0.03017698986529402
0.02986280779224119
0.029504059222711394
0.029165421595059794
0.02887030477555275
0.02866152158490289
0.028479906575834282
0.028003109778882714
0.026880552948550362
0.0254374391290816
0.02394367493568233
0.02224703891051123
0.020567807315153626
0.01918736620723198
0.018241090687002
0.01766049969415697
0.017222238787335635
0.016714715232523283
0.01601817087162926
0.014980760646117978
0.013794946969723214
