0.0444986324448022
0.04449863307212147
0.044498632097176305
0.04449863278455347
0.0444986383482906
0.04449863035166512
0.04449864532045886
0.04449867761190667
0.044498577560555405
0.044498572818312876
0.044498438129473274
0.04449842320918597
0.044497934556276174
0.044497974788268
0.044497277233900144
0.04449358718008382
0.04448957014489151
0.044477239796719
0.044456410722739766
0.04442972788899134
0.04437395325755398
0.044282744988184214
0.04404726577830209
0.04323650873735794
0.04129437714766468
0.03816220862418143
0.03521292545698479
0.03299782411599398
0.03154904334740296
0.030618081836639874
0.029986120243131666
0.0295066973502492
0.029072254050756734
0.028585969757762692
0.028007845253300905
0.027350915667585015
0.026643460996116995
0.026042350128735063
0.02556540530897331
0.025220489468312436
0.02499309217323223
0.024836756047940396
0.024748591038489465
0.024677721247384675
0.024539089605285534
0.024273743791224642
0.023866109824430704
0.023413012829475464
0.02299253767973891
0.022650065689732445
0.02238936131234615
0.02219780823790249
0.02200298683291704
0.02164519151233936
0.020890279247505982
0.019629567152689407
0.018148251815241784
0.01677155640218884
0.01578284584918345
0.015172836378778858
0.01479368578682838
0.01457675330540116
0.014467839260795465
0.01440958751409056
0.014377226217248677
0.014324266673539057
0.014148908790722314
0.01368585373164208
0.012834898309464418
0.011651679135779691
0.010424352683648169
0.009285901039686493
0.00850719458932776
0.008013055289960278
0.007687402012645135
0.007491941694027026
0.007358399173750766
0.007260721752230071
0.007174507878229075
0.00707761243593423
0.006997446913244162
0.0069390542834226925
0.0068773914393688565
0.006845567093602061
0.006831958079451558
0.0068321379830708975
0.006831949015082231
0.006830702009977002
0.006828784470862021
0.006824176601956491
0.006821245372256942
0.006818624747055908
0.00681767341877467
0.006817352294902013
0.006817239576951687
0.0068172249839831825
0.006817139617279876
0.006816725972199626
0.00681686765454703
0.006817582408422761
0.006816719094867153
0.0068092156780951325
0.006808288760519915
0.006807290471153594
0.006797380150251108
0.00677995248713301
0.006780310246286248
0.006779768147623576
0.00677968264777986
0.006779587605867856
0.006779587134185875
0.006779583887242455
0.006779583274615808
0.006779587342174597
0.006779584628502444
0.00677958429524242
0.006779588347964465
0.0067795838940001825
0.006779583352739289
0.006779581108362347
0.006779543784564041
0.0067794974949452625
0.006779320096739569
0.006768659334803721
0.0066888864816818045
0.0063317461972301125
0.006176617414346419
0.005947237608438098
0.005633093769778079
0.005263369569959101
