0.03876960218501256
0.03791919467621915
0.03747167401970232
0.03708190433848765
0.03668270135632355
0.03629600753906448
0.03602420619095584
0.035854073926248245
0.03574777831745366
0.035695904561863896
0.035672335781543406
0.03565782319971197
0.035647463405714806
0.03563421328900822
0.035629261821538735
0.03562848808921618
0.035628113969350325
0.03562993464513118
0.0356212305069992
0.035595640558381374
0.035531371730255557
0.035379615238874305
0.0351815317042575
0.034942346535588496
0.03453423566153702
0.03374106660829194
0.03253630218106841
0.031126341753292288
0.02983552175575928
0.02886886349978086
0.028214061470601164
0.0278259805764078
0.027589568556225304
0.02744229158225234
0.02735104183463864
0.027289582424593527
0.02724792834792975
0.027220290639920576
0.027207731166532606
0.027201723295957273
0.02719538537372554
0.027189095850400174
0.027184550531279127
0.02718197230960495
0.027180926692422332
0.027179461051830597
0.02717983126734714
0.027179127744965153
0.02717701764645898
0.027128564665188502
0.02694210234793241
0.026711386336346007
0.02653199167361452
0.026426952602001574
0.026375088929508524
0.02634453286581079
0.026328575400952448
0.02632376903650655
0.026323610852661827
0.026321995034268138
0.026317477637081088
0.026309916433145508
0.026305116578555263
0.026303315632713938
0.026302864825943843
0.02630280103641287
0.02630276203791182
0.026302929146619015
0.02630323682345078
0.02630291417990209
0.026302659209073993
0.026298127119497403
0.026272142682169722
0.026151986646000158
0.025647614331530323
0.024369930047502347
0.02222260525973408
0.0195661958890133
0.017036248676185257
0.014997719928145916
0.013501882722180702
0.012278865822699289
0.011256228875546651
0.010533305622119345
0.010132708069634197
0.009937462195011501
0.009847384778039267
0.009801505609014802
0.009719955667399947
0.009537218023333212
0.009183687852199467
0.008721716341881892
0.008272949926148668
0.007929676035859009
0.007712977512404476
0.007620097766954647
0.007589898235804607
0.0075852012131537964
0.0075852464865011765
0.007585174346270174
0.00758426497946193
0.007583595480322603
0.007582364987041596
0.007580650761570831
0.007579388947942489
0.007579022436959024
0.00757913723155872
0.007579085344460968
0.00757494010254843
0.007568132973706882
0.0075674394789749565
0.007568744148130133
0.007569045636335327
0.007567062827179468
0.007565408341351529
0.00756491154615412
0.00756511640513586
0.007565054795796262
0.007565011179328525
0.007565041962482432
0.007564776416387075
0.0075640596324271885
0.007563684487939871
0.00756120972846114
0.007560871092031433
0.00754685950156948
0.007535751120576354
0.007531448314037614
0.007528762448601721
0.007411959301996071
0.0069731829243665396
0.006401746577171523
