0.04217357789750759
0.042023705284805965
0.0419155451384905
0.041781772720034104
0.041559401743514975
0.04110632770183466
0.04030162869123022
0.039137193613720804
0.03789974245626875
0.0369275141863589
0.03625120939422593
0.0358565705134463
0.03564710666598208
0.035548690930700094
0.035501567068366234
0.0354764397790506
0.03546433775882346
0.03545001314940024
0.03543906223577958
0.035434961679820534
0.03543037225651699
0.035429891834510854
0.03543140772728104
0.03542475750195221
0.035424032192432585
0.03541701126331858
0.03540590319941671
0.03539501566128445
0.035380406216188175
0.03535158419238872
0.035306580122062343
0.03522994709053766
0.03513665656105242
0.03507319203449903
0.035043829784382974
0.03503971019328959
0.03503969068056906
0.035039894088410004
0.035040192074917355
0.03504018059793705
0.03504023010481177
0.035040465488794116
0.03504057694350076
0.035039562427426604
0.03502592631783683
0.034962974798283315
0.03470777836505339
0.034007547758616974
0.032755812942538036
0.03121644945194983
0.029862124217397555
0.028794313721206787
0.028129528503970647
0.027760771602242464
0.027541865581195053
0.027445215894525
0.02742033402977825
0.02741741901184119
0.027417817228992645
0.027418379664732716
0.02741852483461388
0.027418552842927716
0.027418553426007273
0.027418557196179652
0.02741857024353189
0.027418628546280546
0.0274188575218299
0.02741787958267125
0.027382578422961438
0.02697516222444922
0.026333776391941115
0.026128410863184817
0.026078225697280053
0.026038590350150968
0.02599969808974935
0.025922534570642888
0.02589264279932415
0.025882351443128157
0.025875359534528748
0.025870616976655807
0.025867587350783542
0.02586529742374702
0.025864743618203262
0.02586510827199342
0.025865571988474587
0.025864785433184403
0.025863296053503928
0.0258564897079348
0.025824161425670324
0.025751570482770124
0.025655156140146313
0.025552841488911193
0.025393269911381983
0.02527036125921443
0.025229550798290635
0.025227916918322112
0.02522749652220133
0.02522562081427661
0.025216780806745855
0.025201833773774072
0.025181948299483593
0.025170225491801895
0.025166618937813617
0.025164533836024947
0.025163296384019835
0.025160667474881018
0.025155278404561703
0.025147914947844737
0.025136055293797973
0.025093424911291823
0.02491983050059094
0.024358991743210663
0.023107326508729268
0.02102024178381732
0.01859622336079843
