0.043087441505595736
0.04272604727303919
0.04245174432634934
0.04205802735279055
0.04143736755032482
0.04059112908167454
0.03973557997749572
0.03897962378715797
0.03837172891397092
0.03796631735755364
0.03770197911691271
0.03753868468652929
0.03742950018428833
0.03734220288433611
0.03727122849163632
0.03720272688601782
0.03715799015708541
0.03710771785252294
0.03705788758151202
0.03702059043848459
0.036977713247743654
0.03695158113299085
0.03693698292850833
0.036913136814533384
0.03690305620639634
0.03688935905283708
0.036875565090952606
0.03685751077689661
0.03682615595708783
0.036783752448766034
0.03667133331725435
0.03614224958875367
0.03489144121159295
0.03310600642679671
0.031254533032229845
0.029811881190008858
0.028788435294612332
0.02810099282805869
0.027553507303924325
0.027027247443816904
0.02640805721542181
0.02555025188441803
0.02419370127071172
0.022297152101180925
0.02037565861154419
0.019138874578646853
0.01855678050909032
0.01832493436083119
0.01822141811971828
0.01816560435313815
0.018130018344237508
0.018105108707152
0.01807729350012736
0.018006182014214354
0.017783129957481904
0.01719880092397894
0.016184151966066262
0.014815306503998973
0.01338570160515253
0.012108831165116112
0.011028913819146913
0.010186163601064212
0.00957937017999364
0.009203686356687701
0.009009245484243021
0.008922184676871513
0.008862156269655218
0.008823421476662858
0.008809238375352071
0.008797685178069623
0.008765630000213336
