0.04261901112468065
0.042601788573252065
0.042576589214417884
0.042515793341929196
0.04234472952834982
0.041885742547563096
0.04109639093528142
0.03991739877288593
0.03841732404674957
0.03707745410685564
0.03612473216860404
0.03557679552938637
0.035285451005265624
0.03514639505514295
0.03506935385750916
0.035029127990135744
0.03501782116809317
0.03501370614547545
0.03501270795191757
0.03501235756421588
0.035012263406849674
0.03501203981560911
0.035011999567213764
0.0350115583186493
0.03501055263543114
0.03500941306623642
0.03500951684805367
0.03500380829585036
0.03499846422826455
0.034996682641087316
0.034995564093987214
0.03499593841685851
0.034996505099543454
0.0349962771487128
0.03499627363092584
0.03499481024636758
0.03499409479548919
0.034994029169030966
0.034993876277174735
0.034993971845573624
0.03499315783739641
0.03499281752801249
0.03499286959702871
0.034992931567673025
0.034992845145113256
0.03499271622020058
0.03499278002041142
0.03499276992299528
0.0349927680755745
0.03499275418482507
0.03499274604704026
0.03499274697395754
0.034992748338130965
0.034992748020488296
0.034992742708005786
0.034992741443555346
0.03499271794100045
0.03499262846142259
0.034992614124600065
0.03499253588456922
0.03499196895153388
0.03499058003311914
0.03499053748957414
0.03498982829943959
0.034955604794240175
0.03441953230976702
0.03231944686430697
0.029921148890141084
0.02889505469262872
0.02851254917630407
0.027764565625268106
0.026801645113427294
0.026234510895994847
0.02604599961078365
0.025997313449318965
0.02598491201632345
0.02598283708073509
0.02598156559664013
0.025980175433136056
0.025978193433605523
0.025973335381929363
0.02596278024980103
0.025946581555235198
0.02592136687650276
0.025891072427579986
0.025857413476829898
0.025822452691690652
0.025792064644920294
0.025743341191726568
0.025659203302683776
0.025545213383941525
0.02544360039950606
0.025361294702404006
0.02530465915454272
0.02527273418186942
0.025246878299910788
0.02523253818242411
0.02522583544363056
0.02522582036545321
0.025226334416633862
0.02522321460151797
0.02522222987513769
0.02522079333979713
0.025219329788527617
0.025220414403472186
0.025220056331491006
0.02521934649104313
0.02521689344169593
0.025213332312839547
0.025210496042927286
0.02520635470026179
0.025199300920911667
0.025193646420070714
0.02503353588256851
0.024710904812706536
0.024490211811065872
0.024378960438475667
0.024331201788022845
0.024290970792288317
0.024183570842177215
0.023875994334629606
0.02305870186011377
0.02162450286056765
0.019521586073546118
0.017156450891855083
