0.04278340011284139
0.04278344041823455
0.04278337468059059
0.04278341600793453
0.042783798339059306
0.042782792269453467
0.04278225232595137
0.04277595067208674
0.04273338975303514
0.04259799198622794
0.04212509877825114
0.04114259925299132
0.03988922278310732
0.0388390225423367
0.03813640300442769
0.03770824253470639
0.03737221717181915
0.03698768216181449
0.03652219103643806
0.036030212394646446
0.03556827102345616
0.03522836652234448
0.0350031905891264
0.034847472198877384
0.034760696867685355
0.034702251453796185
0.0346665508744057
0.03464971351037894
0.0346429688904381
0.034640470751768876
0.03464036831861531
0.03463241689585569
0.034593303184547244
0.034545884982899934
0.034501597568122766
0.03447800750280442
0.03445192863370345
0.034397141433095864
0.0342452592958481
0.033880617143607246
0.033148063989621286
0.032061327590736384
0.03076779090620455
0.029507619312054586
0.02841186184908033
0.027578117977358804
0.026970075617709997
0.026570807599555855
0.026345169818078513
0.026225241684306445
0.026166716946008074
0.026128056418182263
0.02606326493507017
0.02585058582565641
0.02545090593102766
0.02505668409153644
0.024797460134289045
0.024661138272106566
0.02460128179282452
0.024573820073246284
0.024559240770026657
0.024550960118924704
0.024545018562704468
0.02454081062828327
0.02453717221635757
0.024532749391207188
0.024529938939795798
0.024528403631288213
0.024528270332485433
0.024528247827070904
0.024528139760728887
0.024528015005131402
0.024528098130416714
0.024528265359332408
0.02452844127096183
0.024527067625435647
0.024521054990761196
0.024453142179593393
0.024035218099660773
0.02269686066864294
0.01998119052211157
