0.042691983659638486
0.042692008520099634
0.042691978176416456
0.042692010115038474
0.042692263735017104
0.04269173700391082
0.0426920186628337
0.04268911035936729
0.04265691070742863
0.04256990761659774
0.04237413660329195
0.04208151473143933
0.041732536781728606
0.041409483181836564
0.04095030089628337
0.040322901647590975
0.03968499634761771
0.03908549951210739
0.03862671037143043
0.038239451448539394
0.03737566613263345
0.036291959159142656
0.035485711366911706
0.03499392368854402
0.03475733103291607
0.03463183935243931
0.03457105826357905
0.03453151585239955
0.034506424640695
0.034489211009768275
0.034473420437955614
0.03446036721927263
0.03444999854080491
0.034437774174896574
0.03442438901016876
0.03441409220205577
0.03440778245296857
0.034405267673394295
0.03440428436663331
0.03440389423370902
0.03440368499451325
0.034403672103275953
0.034403690543769065
0.034403710696239
0.03440371967707334
0.034403757763659434
0.0344037938836307
0.034403836285036904
0.034403806455517855
0.03440380405523467
0.03440380700932567
0.034403810056267414
0.03440384291909732
0.034403853921602084
0.03440386148516114
0.03440375047881116
0.03440349445586393
0.03440182108008273
0.034397403303362606
0.034384481331599506
0.034360903441828496
0.034349706117359206
0.03434505335484033
0.03420914400562511
0.03264471201494003
0.02892025773379324
0.026579796553921158
0.02588240661042128
0.025692474965533892
0.025641720566218648
0.025631096602375843
0.025628305902440314
0.02562770427298204
0.02562648674692682
0.025622121360446084
0.025613394295099134
0.025591020268571428
0.025559027742682115
0.025522380311371093
0.025478486825576113
0.025427149472089444
0.025351619591343185
0.025251833279725803
0.02514503833426327
0.025061549223279047
0.025000116864943776
0.024960930798158396
0.024922328338376036
0.024881773044541006
0.024839087125948456
0.024801378443924015
0.024748625145525987
0.024559850205493478
0.02402268122127514
0.022822268182027674
0.0209332091308666
0.01868497824673873
0.01653505572181623
