0.04471057429728273
0.04471058027425532
0.044710571966148714
0.04471057718319735
0.04471061532988067
0.04471056580055438
0.04471063839836229
0.04471075412521028
0.0447104917240435
0.044710463535761295
0.04471028417595175
0.04471025024731521
0.04471007768845455
0.04471022983779613
0.044710163773971856
0.04470903538685282
0.044709223223559226
0.04470722897882213
0.044704723476451554
0.044702087699050416
0.04465691789507019
0.04435699989001776
0.04307544487018476
0.040958217447029543
0.03966510011143684
0.03834424163627253
0.03615305975810691
0.033785137557861396
0.03242774359309987
0.03189332654116521
0.031676232216112536
0.03156060292987041
0.031466198813493815
0.031386253160669245
0.03131573816302764
0.03126820201134762
0.031222621797983383
0.03115314074847183
0.031056778072530607
0.030947161020310122
0.030848042713200442
0.030762111685006643
0.030669442368743215
0.030571722566546222
0.030453230099897616
0.030323404622601118
0.030138559210176333
0.02987158115499023
0.029517441673232593
0.02917533266105281
0.029002702864212016
0.02897322043197125
0.028862322520226597
0.028350848041989687
0.027594544292827997
0.026874714654258003
0.02630328778033532
0.025887177053042585
0.025643733641608987
0.025527979983014617
0.025486603405331595
0.025466457874972346
0.02543312412011919
0.025371997882970943
0.025234859488047552
0.024830701500136228
0.02434440138535758
0.024097278242477822
0.02397661181434696
0.023883172361329516
0.023780982602144143
0.023649007181041626
0.023487634567199572
0.02324908964502759
0.02297276143568085
0.02271102859839834
0.022531255599758552
0.022442600416279504
0.022398441677063348
0.022381175322150275
0.022376760650354495
0.0223746977448553
0.022374264024358215
0.022374250878994258
0.022374303143587747
0.022374185025992012
0.022372995064799634
0.022360443275335703
0.022214252773544888
0.021614724482400812
0.020322630575034126
0.018375357646984804
0.01609769678763786
