0.037709141580414454
0.03679797494350797
0.0363920711602189
0.036125175863197946
0.03592419570054766
0.03576654304468596
0.03567509216267452
0.035623942625213796
0.03559100812692795
0.03557584280493402
0.03556955232908695
0.035564519685730725
0.03556116941083291
0.03555842744590185
0.03555854102724931
0.035558324221574136
0.03555833324846956
0.03555898160252478
0.03555851554680592
0.035558885906594874
0.0355575149267687
0.03555707002736707
0.035557071523186254
0.03555704680354415
0.035556870740131946
0.03555656619930364
0.03555592390258532
0.03555399116998255
0.03555172160738166
0.035545587734910025
0.03553780221945606
0.03553660632356489
0.03553671822241924
0.0355367030847551
0.03553667853046092
0.03553666847963835
0.03553667265304227
0.035536681162516896
0.035536667840311786
0.03553665957285864
0.03553668813674039
0.03553674086581579
0.03553671251230023
0.03553646329825694
0.03553652168208131
0.03550137394759374
0.03524781950053735
0.03436181563816019
0.032727227017558126
0.030861201164284258
0.02930753391989703
0.028228587075649226
0.027556499422551207
0.027123606601771173
0.026874875777065474
0.026685684092661872
0.026515246959642483
0.026344833603040987
0.026218879326459096
0.026162008224643516
0.026136551239835805
0.026107102003149057
0.026077263616109934
0.026057775504358633
0.026046607119505558
0.02604055432312441
0.026037085255129804
0.02603547107387153
0.02603537076875115
0.026035262036515072
0.02603510462560931
0.02603499846121617
0.02603494119345439
0.026034961416130743
0.02603519380746623
0.026035126901463874
0.026035035937604104
0.026034898778951824
0.02603423811296648
0.026035584401232863
0.02603529027010317
0.026025991524805888
0.02598368444597809
0.02571727297540051
0.02465402684036147
0.022369809962845794
0.01948340865202915
0.017210103111708737
0.015875029006917313
0.015225251341078352
0.014928830604042062
0.014795136422687868
0.0147202981043566
0.014682308138125084
0.01465620745890103
0.014635180001971717
0.014616747834810987
0.014613537321247034
0.014609122788293417
0.014595242433937524
0.014586043486022897
0.014580493829633452
0.014579689819249921
0.014579261956966683
0.014559998334420647
0.014365067447122267
0.013754991848656027
0.012741771667839647
0.011723055670415197
0.01079361572900424
0.010106024791918349
0.009603667371124086
0.009222174300205258
0.008955997450357495
0.008756770271171183
0.00858155442080581
0.008459225225727536
0.00836911234341046
0.008110078073340047
0.007113573201705959
0.0065478093125108045
