0.042785489805344565
0.04278556169737376
0.042785432675145466
0.042785443616337536
0.0427857746258749
0.04278121315100136
0.042760639953228326
0.042630635018402266
0.04211327748023058
0.041031848219191494
0.03958304903992172
0.038281933396685425
0.03737242138546128
0.03684405969959289
0.03654369837619146
0.03629008910654572
0.03603346740747363
0.0357124809600064
0.03539077851196013
0.035137787449245214
0.03494933805257711
0.03483717537313525
0.0347726855458718
0.034729254348708834
0.03470732814028068
0.034690558215071526
0.034680819313187214
0.034670599413001
0.03466328420985054
0.03465869854602209
0.03464795914589101
0.034625778740997884
0.03460002465060973
0.03457731392447639
0.03456257266417307
0.03455605005931048
0.034553017244261526
0.03455265465343991
0.03455268219086735
0.034552729566086376
0.03455269632452764
0.03455213089119357
0.03455038480224897
0.03454820467794094
0.034547243760470636
0.03454676986760745
0.03454660849250706
0.0345465673948471
0.034546505213470295
0.03454648101113876
0.0345464749530675
0.034546460373443
0.03454655097298442
0.034546249950313766
0.03454402384729001
0.03452586100137877
0.03441700546276721
0.03390473743751792
0.032747878385313296
0.03185056250170067
0.03165660962649124
0.03147375205001481
0.030163258121929916
0.026827291515233432
0.023964208277059366
0.02288301083415449
0.02251443529060233
0.022204731745143532
0.021895988355348926
0.021734084888300993
0.02168604991228607
0.02167359608365275
0.021671794468642133
0.021671793330933723
0.021672267783416344
0.021672799886190523
0.021668794595432677
0.021639757722046377
0.02152079235915756
0.021170378669935517
0.020426051044654343
0.019132960387083356
0.017431740414869473
0.015658378222098798
0.014169229780021502
0.013021638224059861
0.012320939846120003
0.011999905557729016
0.011897231160555142
0.011872717229805355
0.011870641225126053
0.011870534462163927
0.01186965362697869
0.01176483998856787
0.010847979623447744
0.009013744949415625
0.007669752564126152
0.007149333727481142
0.006990074179138561
0.006952341962818401
0.0069431669246797206
0.006940277842586272
0.006938103154094382
0.006935126949759145
0.0069319393718897835
0.006930046464656515
0.006925963395128074
0.00682862255854344
0.006579932264838815
0.006539980824250307
0.006539980042369046
0.00653496298765841
0.006483331602813433
0.006434339999078716
