0.04374054381820372
0.04374055876953439
0.043740532936699716
0.043740548199433356
0.043740683102924414
0.04374042919860615
0.04374061173398686
0.04374056965668362
0.0437372614128209
0.04373386700649722
0.04372827223965456
0.04372292452741067
0.04371635564699017
0.0437125326424003
0.04370147079395588
0.04366267044714179
0.04358870581092596
0.04338582799603107
0.042981099248840055
0.04234752504836336
0.041490338729237394
0.040569662541442605
0.039662554117041615
0.03881481169963973
0.03817877406948916
0.03741847305076115
0.03614436280207781
0.03428524713480673
0.03258763058541942
0.03147279818213017
0.030839939584749978
0.030493476712522078
0.03019967522067903
0.02978390518121141
0.029274140369435764
0.02879030681521398
0.028368369543949723
0.02806893027091129
0.027843130077169938
0.02767142430366407
0.027539327371866283
0.027412678066123308
0.027279148397398888
0.027145095058291702
0.02702565160951307
0.026941516822814874
0.026862362857471393
0.026615740281380064
0.02612215380934569
0.025691505367024893
0.025429065401298856
0.025287823050905992
0.02521103510828703
0.025189823208882897
0.025187948593400247
0.025182510364897853
0.02517511717550033
0.025171973758269954
0.02517102981543722
0.025171236124512993
0.02517136111102971
0.02517181502715954
0.025172140473226357
0.02517259182742578
0.02517254224901881
0.02517181248038971
0.02516272804865075
0.025129418320555545
0.02503451011446974
0.024825714982904232
0.02450630724504606
0.024035069558661942
0.02353704492925636
0.02307048670982793
0.022697706696967405
0.02244771828982542
0.022097652963917955
0.021402564954927542
0.020230974403715806
0.018710360914478797
0.01717787608629515
0.01579722051254918
0.01463011781767756
0.013550482431529527
0.012130062538912816
0.010474661361382195
0.009020142087804616
0.007944125141233422
0.00723417069615475
0.006697177690795383
0.006323580336793817
0.006142083837994673
0.00608146013433925
0.006064893027082164
0.006062601770141823
0.006062314044323922
0.006062267659636968
0.0060622671019802295
0.006062368052439859
0.006062251198680893
0.0060624074959957945
0.006061888694528753
0.006048697981166052
0.006040471023704856
0.006039686256276725
0.00603966391261779
0.006039564296079004
0.006039546913092293
0.006039545720397669
0.006039547133833161
0.0060395522437871945
0.006039550161768483
0.0060395523271694704
0.006039553979044322
0.006039547215555849
0.006039555530568496
0.006039561476561438
0.006039537993450568
0.006039421430492717
0.006039459116712477
0.006039248178312059
0.0060390680000390745
0.006036371193112634
0.006024192848974038
0.005969671697753312
0.005849486056270904
