0.04261511305731654
0.04256826344518192
0.04252618089145445
0.04246085518319925
0.04231192465060836
0.04190056370928286
0.04108122086024195
0.03985472609809428
0.038457330223840146
0.03719834448411107
0.036169636877329756
0.03547501791712338
0.03506343899416875
0.03485085557326741
0.034747670841589993
0.034696774734920485
0.03466955765807202
0.03463895703164227
0.03461920743821148
0.03461450513475649
0.03461346697816181
0.03461275000741947
0.03461281511400608
0.03461240989622882
0.03461283084024615
0.034612725905609154
0.03461245370918537
0.03461224378572535
0.03461185112537252
0.03461135919802723
0.03461078666813525
0.034610567153458435
0.034610563315697514
0.03461053957121723
0.03461044789219853
0.03461051280879942
0.03461056943842948
0.0346105885855291
0.03461057326035941
0.03461055969302922
0.034610561553329956
0.034610572350451375
0.034610568187552225
0.03461051895199187
0.03461030958676698
0.03460955026584635
0.034609316264532876
0.03459091868163273
0.03455440002462286
0.03455032120916944
0.034549473983748365
0.03454919455013006
0.034549724648011905
0.0345492936891037
0.03454933379637362
0.03454949185848435
0.0345495426815063
0.0345495287200385
0.03454947821536431
0.034549236159013445
0.03454890193681181
0.034548845124139756
0.03454447998296511
0.03451633635076371
0.034355121427968094
0.033519166816671386
0.031113548612160893
0.027931297409257226
0.02601369457988321
0.025288405718726557
0.02498298860657164
0.024790604584730223
0.024658975735263947
0.024572362641076508
0.02450847445507268
0.024442519342186768
0.024389300479001626
0.02434352451239707
0.024312173257058846
0.024296700967578806
0.024281380173778407
0.02426881148179765
0.024260063945030972
0.02425219295352697
0.024247000835326715
0.024243768405603914
0.024239736916714445
0.024236922921075946
0.02419909837902407
0.024015723075214376
0.02348689722867102
0.02235665333826895
0.020574175073746162
0.018417748885340535
0.016213248121314618
0.014322035725687845
0.012817552899663825
0.011692886306708974
0.010745879699501134
0.009917861468107383
0.009232858860416535
0.008727739967925266
0.00832395922059899
0.007957651739094431
0.007542530652167172
0.007189463019712735
0.007077191468751807
0.006985920517073257
0.006587638829937327
0.006059962899991196
0.005669842816585081
0.005457108336233898
0.005328970775277139
0.0052577241725662765
0.0052090363404045424
0.005159771844998238
0.005111597105452376
0.005069025039495509
0.005028681891613269
0.005001943532092408
0.004981903438945085
0.004974370702912262
0.0049705629251940745
0.0049679530634054135
0.004963936520922289
0.004932795851050557
0.004825280702262431
