0.04352160756285267
0.04321991176173473
0.042950983841742035
0.04248590445685775
0.04171008201896265
0.040673608799454294
0.0396607881836508
0.03878415780748279
0.0380629322087203
0.03755407026630182
0.03718649620895667
0.03693075975173284
0.0366931761170944
0.03642174553536307
0.03612008671011679
0.03575089277077917
0.0353854437794737
0.03494535567325337
0.03449257835495732
0.03408406366080769
0.03363338210838267
0.03302886999420072
0.031873686667753566
0.030311874274435394
0.02866503367529876
0.027283470337634584
0.026329151358296964
0.02569952858168318
0.025290607664337002
0.025034832717333633
0.02483493580036894
0.024683181461572144
0.02455562447939192
0.024473027105290552
0.024425026432978312
0.024397022623526776
0.02438178283390919
0.02437454405206788
0.02436860349939698
0.02436553629412378
0.024363576213396337
0.024362595988958187
0.024360909636066557
0.024353895476236467
0.024326713475796843
0.024230021074103755
0.024002715549574487
0.02362156226128395
0.023179230113536568
0.022745415158911885
0.022364854510453374
0.02194506311453367
0.021486864914331417
0.021011488291854848
0.02052670654696884
0.019709344114354196
0.018286831339550263
0.01638416394644212
0.01428818553844007
