0.042767760348582186
0.042767777398123506
0.04276775298917577
0.04276777221817055
0.0427679455240183
0.04276747532613975
0.0427669618192355
0.04275825237424818
0.04269076304277216
0.042472916642462485
0.04197174440510138
0.041205867703095846
0.04031251517729504
0.03949116819428023
0.038719734555208336
0.03805541874669815
0.03762293632444286
0.037370544657819596
0.037255793214710786
0.03721546944574151
0.03719922008051377
0.03719513148546871
0.037193471843852764
0.037164365496317464
0.03706339703417398
0.03681616522031192
0.03649991444160609
0.03618651201290334
0.03595279100042141
0.035797240050419565
0.035697914513951226
0.035645415766801906
0.035618991524179494
0.03558735579413367
0.03554747239418794
0.03550733554456923
0.035457429513183786
0.03541280290037804
0.03535807176463381
0.03529430892093915
0.03525455559302251
0.03524530305716185
0.035242358341216855
0.03523492128539246
0.035226714803459167
0.03522402487725453
0.035223679873710584
0.035223567319308945
0.03522349819118374
0.03522347600692103
0.03522348930873905
0.035223500597938905
0.03522349488694562
0.03522349176180847
0.035223499106654205
0.035223503162505124
0.03522350739197644
0.03522349456343741
0.03522357481335385
0.03522435215981541
0.03522503471404271
0.035204466195088206
0.0351485929664158
0.03508678728485237
0.03470169766028478
0.03366515054126872
0.03198711855922005
0.02996436068701493
0.028182226025773048
0.026916695771890483
0.026178292362292407
0.02575400697215286
0.025539263305677976
0.025414387032761408
0.0253465678214805
0.025307653850978128
0.025287387924665762
0.025278815005348308
0.02527479764567271
0.02527445013830626
0.02527497100427647
0.025272300350525308
0.025268251796481886
0.025257024618040018
0.025233496301231575
0.025215940976408755
0.025187637360555924
0.02515072680961815
0.025080540337192096
0.024883796053421385
0.02438630286078349
0.02346087395949397
0.02199811123634877
0.020130776765188936
0.01813797654344841
0.016238318994338287
0.014697788517435915
0.013498416959793641
0.012611448684819223
0.012005345632253257
0.011552002526637916
0.011134915068908671
0.010665676288627917
0.010214939220506748
0.0098686342332282
0.009615875645321648
0.009395553337077409
0.009087311110607519
0.008779862430728426
0.008588745887835625
0.008487139101788275
0.00838699039756905
0.007974536013543925
0.0073780591123961785
0.00695788619989986
0.0067302305908069245
0.006620074225990682
0.0065867845547020005
0.0065744713933893525
0.006556155277361889
0.006540219425767459
0.0065250431751273895
0.006491813042096009
0.006176131194727126
0.005552843091460767
0.005083321040209307
0.004777461985427626
0.004415047655416175
