0.04374056819004674
0.043740568920914484
0.04374056787199267
0.04374056848601694
0.043740572812499504
0.04374056746590313
0.04374057485123955
0.043740586396296605
0.04374055742737562
0.04374055757693036
0.043740535643129706
0.0437405433531388
0.04374050953463557
0.04374058551215043
0.04374059716007423
0.04374026539719259
0.04374049676275296
0.043740157801024145
0.04373979956941586
0.04374028963467584
0.043738596667710385
0.04373625290290546
0.043714137503006276
0.043590445987302565
0.04343703772053259
0.043390872894049325
0.04339002142615024
0.04338973598686076
0.043389656628278865
0.04338968976406436
0.043389726863486605
0.04338978019264552
0.04338972020571599
0.0433895310452675
0.043388606523641696
0.0433882658706869
0.04338537696396792
0.043362917648419146
0.04324045426732464
0.042764715146578446
0.0419211058183457
0.041250268702569294
0.04091430192614522
0.04070348988583107
0.04040740423329221
0.03995842616497072
0.03939484920423705
0.038550113678251334
0.03719724959435348
0.035698928566860036
0.03462416649585312
0.03399115871817752
0.033652777543274476
0.03347961172586719
0.033402463242955566
0.03331190693329918
0.03306088651235879
0.03250449228309106
0.03165397388187885
0.03070123430398969
0.029857387947453396
0.029168103807007153
0.028568872715397223
0.02802817399614695
0.02754013892826067
0.02701574625397938
0.026380691413848818
0.025599556587922942
0.02476179048417959
0.023897650514591015
0.023102877831786956
0.02249896276509099
0.022170644872474162
0.022014293088349537
0.021961362511532787
0.021944717912560325
0.021940170574726366
0.02193573857148806
0.021885168693581425
0.021715632862721473
0.02134890912792256
0.02074302245100888
0.019995562484635538
0.01922371032088808
0.018227786059654454
0.01706336816489941
0.015766376744650243
