0.03877573455017885
0.037932183195701005
0.03749091853788027
0.03710273749020734
0.036695861553554796
0.03630575057298976
0.03604285765528295
0.03588999710498776
0.035803122222386866
0.03576575136568379
0.03575131014254993
0.03574443036773137
0.035738865953140554
0.035730831084461394
0.03572894927397554
0.03572827521894984
0.0357274636929024
0.035728616747435396
0.035726788413633394
0.035726210973414614
0.03572230134604145
0.035695984855604164
0.03565945695487404
0.035632977060051134
0.035621449188011536
0.03561938327066355
0.03561880695856681
0.03561765121478638
0.03561785461170746
0.035618625799576496
0.035591571935382794
0.035526490993145345
0.03552205927845702
0.03552212169798275
0.035522090930867264
0.035522084448794206
0.03552207974085675
0.03552208128463941
0.0355220862857914
0.03552209105433929
0.035522085363153266
0.035522081480395595
0.03552208825538676
0.035522103251747005
0.03552206865078275
0.03552189897789504
0.03552244686631304
0.03552210775656909
0.035518128983689196
0.03539958425445994
0.03438552871612843
0.032116482820068286
0.029691930956056836
0.02761820083211927
0.02622320992181175
0.02549729265843016
0.02521115334355872
0.025097940384572068
0.025061986775208402
0.02505158167447763
0.02504892952546683
0.025047892619190402
0.02504895815558573
0.02504937453781901
0.02504922005168978
0.025049120519164664
0.02504945984925781
0.0250495711043726
0.025048641141149932
0.025044283160549248
0.025023238095589782
0.024937077844784508
0.02464752523614503
0.024009748284712314
0.02296496726806935
0.02159547923543455
0.020160156010821478
0.018851250969545902
0.017685878725147947
0.0168335635274617
0.01624860595606626
0.01583475179751222
0.015553307138645734
0.01537249061875987
0.015262177535956935
0.015077756491421138
0.014604425141173062
0.01365087774634634
0.012315151475588327
0.011008252815115457
0.00992718202557212
0.009082654750673526
0.008399724623948491
0.008004043877011072
0.007779192564331846
0.00764435189943602
0.007536935764217665
0.007384801575612425
0.007090219286607886
0.006835147396398551
0.006702603437704162
0.006628996401859016
0.0065568740185619565
0.0063646682152619805
0.005958314655671018
0.005643582601201656
0.0055296546354263705
0.005485011615690244
0.0054397133008494475
0.005377880736857954
0.005326294075473666
0.005278523206452051
0.005258836868034056
0.005229573941973371
0.005201388012009976
0.005170773635336476
0.00513908115879428
0.005118372679490326
0.00509743017289229
0.005076831611904211
0.005068831297902762
0.00504923705155692
0.005021625916336806
0.0049912635933159295
0.004980244203268497
0.004953213642475858
0.004906977574430862
0.0048701184459415065
0.004819800926776107
0.004704157077793424
0.004415193715448642
