0.04278087637955376
0.04278067960463897
0.04277907735011463
0.04277596693587693
0.042764380681613645
0.04268715651443409
0.04243658801870927
0.04174909637252844
0.040426762956400325
0.038810191962632974
0.037301162197020746
0.036204651275431134
0.03550499269305348
0.03511207609763572
0.03484484818560141
0.03466375170920139
0.03457452542847387
0.034525290170125816
0.03450367221982962
0.034496722450352096
0.034492815673869824
0.03449420988729915
0.034493443334909724
0.03449213450021237
0.03448528659655604
0.034454046467301075
0.034375595659859245
0.034210127922644475
0.03395119626353645
0.03364405437728028
0.03334337843307206
0.032961264293826835
0.0324531806289066
0.03195777212679509
0.03156844261999005
0.03130272390398758
0.031143696725533805
0.031056127058027787
0.03097622407239404
0.030764598295418593
0.030089091868618863
0.02886683394839302
0.02749241215287588
0.026441313525934367
0.02578686079220893
0.025414286075610006
0.025198230867264547
0.025073514672234513
0.025000939301862007
0.02495876325875167
0.024938669690546634
0.02492955090346547
0.024926445128469397
0.02492498189989927
0.024924654598166607
0.02492465875023402
0.024924321946701123
0.024923328590053844
0.02492221454195536
0.024921305000591927
0.02492094833431357
0.024920721267585426
0.024920611051505486
0.024920636956764927
0.02492058155176744
0.024920588029892148
0.02492061220191493
0.024920561762264704
0.024920510414146863
0.02492039685153051
0.024920262500903526
0.024918649424816162
0.02490122515160993
0.024828790833434325
0.02479504833867448
0.02478770816489254
0.024769213394498384
0.02474230197440338
0.024556518936085757
0.02444688266764027
0.024328037415387388
0.02421182469769942
0.024111978912107333
0.024040494132838208
0.023987594844235516
0.023960766054882992
0.023947611091469433
0.023942324988675948
0.02394076118842474
0.023941157034093215
0.023941155547712298
0.023940768965735864
0.023940860312631478
0.02393963280992735
0.02393853135151492
0.0239372281414729
0.023935334777543567
0.02393465494422835
0.023934129119228487
0.02393404030237502
0.023914393058430114
0.02381142869019101
0.023560874632218586
0.023215565579722274
0.022860969649494845
0.022547595930937046
0.022305204153142678
0.022103294639946154
0.02197557649781108
0.021622295191935988
0.019736652888965592
0.015411592345296128
0.011116710737696755
