0.04080356838556205
0.040044417351098475
0.03957933459821952
0.03905832334221174
0.038420367589268124
0.03773167990677725
0.037162040374760466
0.03671727370838235
0.03635103475530924
0.036081131724283406
0.0358789944955697
0.0356484324093569
0.035336373947643496
0.034897574842721574
0.03444108115134471
0.03397728424832861
0.033595345747821054
0.03332898944608001
0.03313218310485262
0.03301750785780661
0.03295296383089342
0.03288477669677602
0.03283122050757004
0.03274356293859755
0.032637135379821214
0.032474415112268604
0.03209232396619759
0.031295691263217025
0.03020379857269163
0.028990236584826686
0.027838585522797724
0.02689980811361331
0.026186260159678988
0.02572539796153578
0.025410123420845056
0.025230825560608485
0.02515888591377616
0.02513712347972563
0.025128859996278563
0.025127501484783158
0.025124428221236363
0.025116004812207125
0.025097147802672307
0.02507662900770904
0.025055694807733727
0.025010892581866093
0.024886098075041937
0.024505533230603897
0.02346447464776558
0.021186699742144956
0.017851366662448458
0.014575381596765392
0.012458098412924733
0.01140707497456338
0.010836726007526951
0.010464227192353263
0.010215498045702626
0.00998848536191234
0.009760700073921083
0.009570151799007059
0.00943134986008988
0.00934955153175065
0.009305320480739742
0.009279509705355724
0.009269893310130473
0.009262748688603566
0.009257986766063061
0.009248366386544582
0.00923741083559572
0.009231806217056125
0.009227543478524504
0.00922617648422269
0.009226024733120062
0.009225595025272927
0.00922518256940773
0.009225229219867228
0.00922529640471645
0.009226128520655132
0.00922327778252929
0.009218519937253875
0.009216876664316745
0.009216500627241806
0.009216468739772091
0.0092168477741831
0.00921698117674478
0.009217029272803882
0.00921682134248406
0.009216552873540812
0.009215657572557124
0.009215524151470974
0.009214723941081113
0.009214096350049638
0.009213948788141238
0.009214057597098797
0.009214061839118508
0.009214051832770376
0.009214028162342307
0.009214015809607385
0.009214021209734594
0.009214033481177327
0.009214067633447428
0.009213998853739842
0.00921350318852395
0.009209856678791659
0.009183668114061716
0.00912820364348148
0.009103187586302446
0.009105328606810941
0.009011098155686473
0.008240744908238411
0.006936782173421962
