0.042395216220982995
0.042047655520125585
0.04177020967781335
0.04134683520460831
0.040664275173019036
0.039746977375038704
0.03885030287901186
0.038095315968559126
0.03751899161088438
0.037155197075221164
0.03692773083379379
0.03679178105566229
0.03669274226575721
0.03659953639121641
0.03651197343922984
0.03643289797260887
0.0363937751622675
0.03634517190071466
0.03627637153050958
0.03620242308007539
0.036109044572202334
0.03604206399678086
0.035995910920892674
0.035943228951939285
0.03591477067006129
0.035886662198813896
0.03586880024889006
0.0358534182672583
0.03581292385906348
0.035705995859154356
0.035525555979389355
0.035249220654372096
0.034605787613662786
0.03348968766958261
0.03229941257924514
0.031475930383884264
0.03093967096584328
0.03055152364156873
0.030228319977213827
0.02989509415157023
0.029520235718229714
0.02908146486117178
0.028510593901639677
0.02782677423803541
0.02702913931259064
0.026128531251484424
0.024989351383564555
0.023690904513186343
0.02261067680571644
0.021986398237601876
0.021692085752298626
0.021553320991245895
0.02149371600929281
0.021430397497901627
0.02135166994584549
0.021241649671460798
0.02103329964983098
0.020553195921247908
0.019717684849666826
0.01854750319209123
0.017133952560772
0.015707730732521113
0.014473556519903527
0.013477998040409537
0.01249710123081897
0.011543435540892712
0.01070278013611626
0.010069981625461452
0.009635293742661621
0.009353465050709917
0.0092006676343092
0.009099444714534428
0.009037363769428207
0.00899340764185952
0.008962175709569654
0.00894228423260359
0.008923643985389617
0.008908671543778848
0.008896312589047458
0.008870828725480423
0.008826133052525704
0.008774700933080914
0.008754790270813285
0.008754528395489422
0.008753102627410948
0.008752125166233847
0.008750167202856894
0.008747211693117374
0.008743534691599886
0.008739440012204442
0.008737986781979516
0.008735098122641649
0.008731890543633316
0.008730301543893799
0.00872561832903798
0.008723850421090315
0.008726986904348784
0.008601723842972107
0.008208021625762481
0.008122033246364138
0.008121834985661254
0.008099988020306342
0.007916068069988794
0.007905865468577668
0.00789560505388012
0.007891423601724897
0.007891383821003267
0.007891381130652743
0.007891375643449234
0.007891378368480157
0.007891378294530793
0.007891377467653917
0.007891375118668135
0.007891380081588548
0.007891356357941871
0.007891369803280104
0.007890870627690186
0.00789070825949672
0.007875021973420108
0.00778129455303238
0.007549456046828819
0.007204291759739251
0.006878530098310897
0.006480012386882172
0.006198000370789638
0.0058870801569896845
0.005589128389827758
0.005279042811833246
0.004676314730515518
0.004013543936861372
