0.04271240940571169
0.04271247277006816
0.04271236393556812
0.042712399094806
0.0427128385837466
0.04271036835748163
0.042705046797467554
0.04267800991939771
0.042581360108302754
0.042415150804165004
0.04219065117159863
0.041970369923978484
0.04178064749281844
0.041646363437524404
0.04147048424673856
0.04114367747709197
0.040611188643953126
0.039813281603765856
0.03889165205662167
0.038023022600512185
0.037272155134327155
0.036726973405776596
0.03634375808618103
0.036038329984113736
0.035835129323610944
0.03567471203065003
0.03555404803444878
0.03546874576101045
0.035412757637439965
0.035380354289204344
0.03536525409258056
0.0353558496442457
0.03534847472675673
0.03534340768464894
0.03533806598265838
0.035337771315156835
0.03533570224699159
0.03532669321781121
0.035302090135987334
0.03524945091572599
0.03513200635663776
0.034944338711453526
0.03466768805288327
0.034315991920227856
0.033896041129480727
0.033484582406911094
0.0331170528014346
0.032808614732114126
0.03233120600029831
0.03154997601173207
0.03052294544537169
0.029432535089127333
0.028484225745216876
0.02775574564621282
0.02725989813665669
0.026926755496289582
0.026724064559174737
0.026604317127358723
0.02652307962995611
0.0264640235871241
0.026418794182838
0.026376903660732892
0.026339030952235505
0.026306517339348634
0.026275430341977345
0.026242303621557207
0.026211960755891366
0.026191573847363238
0.026183778039952376
0.026180565385154998
0.026179906294873753
0.026179556818474732
0.02617921537242862
0.026179511858213426
0.026179448830313257
0.02617923694047932
0.02617915706207197
0.026179065611810007
0.026179007499524523
0.026178992809899333
0.02617900935123303
0.026178993244093788
0.026178992625027
0.026178994471752932
0.0261789952967015
0.026178995508552586
0.026178995938389876
0.02617898885958391
0.026178983912513706
0.02617897798051108
0.0261789619177134
0.026178975128022502
0.02617895290734329
0.02617896053984382
0.026158372250390124
0.025719766559838552
0.022786458738173792
