0.041304422469222626
0.04092445131318756
0.04063598275748155
0.04022197704893385
0.0395694718484469
0.038680460242093026
0.03778410481864497
0.03699733222580006
0.03637252539609159
0.03596499353665711
0.03570757914574479
0.03555520364053672
0.035462028368284666
0.03539553415168968
0.03534813429365065
0.03530866375623117
0.03528791120332754
0.03526866107484692
0.035250419824545486
0.03523815387921202
0.0352277973710442
0.03522228925894927
0.035219750790329886
0.03521595335366379
0.03521534623311048
0.035213915683706444
0.03521226681139202
0.0352111231669576
0.03521042403494114
0.03520814603497867
0.03520687291762073
0.035199294887301086
0.03514019444129653
0.03496110585856087
0.03464177186469625
0.034301498866932886
0.033993755699945435
0.03375252338275963
0.03346360328964805
0.03300811986880456
0.032267799604573925
0.03125305904594222
0.030090268566375845
0.02901332223013632
0.028141117986057253
0.0275043319776328
0.027048152291252434
0.026748970847835295
0.02655681434530842
0.026430348696512448
0.02633797657118801
0.026265344125682075
0.0262244356436631
0.02618864120401706
0.02616458346019022
0.026141817768611502
0.026122002974186022
0.026104513091706274
0.026094641683655037
0.02608996398988004
0.026086970694802907
0.026085284855637516
0.02608492510645011
0.026084847716831245
0.02608469689405587
0.026084547875625926
0.026084494616463276
0.026084461762451237
0.026084449306567743
0.026084431497452803
0.02608445856788701
0.026084435354090642
0.026084455320734046
0.02608440865963624
0.026084424054605874
0.026084725502194806
0.026084325012276578
0.026082308331949328
0.026065384157557284
0.02588014085520801
0.024898772562848996
0.022278225731460755
0.018665446880327608
0.015422029134759437
0.012580533713440784
0.010297703024393716
