0.042565402636045316
0.04250932020356788
0.04244154344612247
0.04228796049326829
0.0419072107986388
0.04114296475707722
0.040096769555794755
0.03891457700855239
0.03778585642350656
0.03694308195784993
0.03636109585288141
0.03599472105068984
0.03577478254544763
0.03559434726074907
0.03545564045040203
0.035351717190376886
0.035297893462144674
0.03524482392282593
0.03518868773551123
0.035130631646701424
0.035050755924677546
0.03498840815270139
0.03492131689620219
0.0348875488876081
0.03487397107234326
0.03486914124751413
0.03486861558817093
0.03486771896852616
0.034867050086196553
0.03486674096349995
0.03486647578450326
0.03486661884449976
0.03486677158046585
0.034866851867840574
0.03486688381072916
0.034866836542837856
0.03486547377226761
0.034848581314847166
0.034696213269567254
0.03408132085529268
0.03301539579080639
0.03216933678315155
0.03177217674899235
0.0316665310066958
0.031642704630929795
0.031639323318010476
0.031637847655163115
0.0314619338856902
0.030423275340304184
0.02899944237989699
0.028126299279152146
0.027741313631364603
0.02753603344157388
0.027418015091685996
0.027351848348500133
0.02731323148434908
0.027286518885961526
0.027181984598196353
0.026632554073768147
0.02581238635774199
0.02521079017711429
0.02488218614642218
0.02472752429968975
0.024647817562500406
0.024601395439711852
0.024569648551658132
0.024556103334996103
0.024549087665967168
0.024545588234811018
0.02454257086025576
0.024540573447104
0.02454151732472876
0.024540113839997525
0.024537384494796224
0.02452570558035633
0.024469236745021494
0.02430003001716095
0.02384039747964359
0.022906345539235765
0.021586910077502155
0.019916374890376374
0.01812150452313393
0.016480548827229418
0.01507993016395118
0.01358269083411664
0.012020474628124783
0.010492752657364404
0.009184778564601339
0.008184564272672437
0.007440512027813816
0.006967399713681844
0.0066523628119890535
0.006442606780092726
0.006315613171119031
0.006222187150123683
0.006159131123474487
0.006112267566454898
0.00607709670894234
0.0060561486571370175
0.006021945080000178
0.005963938426600028
0.005913653816425892
0.00588512759627376
0.005872491796309789
0.005868414625299993
0.005867545168754269
0.005867582009359238
0.0058671644109940645
0.005866938623719974
0.00586723126970043
0.00586570861927224
0.0058654811057351165
0.005865275462265045
0.005865318546535007
0.005864980775726757
0.0058649201029647375
0.0058647864623377855
0.005864922448534757
0.005864221002789364
0.005863646798252631
0.0058221487076682175
