0.03792010598332343
0.03681860808617351
0.036309035724982855
0.03594436321837536
0.03563641311868536
0.03535966211821319
0.035156644172422355
0.034999548189011805
0.03485016757899726
0.03472953783073909
0.034613998972014934
0.03451156293268766
0.03442608376483161
0.03434574484369304
0.034284247415399455
0.03423244365420311
0.03420617301509993
0.034177162953197227
0.03414792411403006
0.034121407337229126
0.034081653470889685
0.03404851141283472
0.033991380745232905
0.03391329612127967
0.033792608471886296
0.033598334553444
0.03331227087328411
0.03288817158263892
0.032343900589144936
0.03172221865346974
0.030896684289477144
0.02979837072609582
0.028439651701267565
0.027144120831871867
0.026181561808873655
0.025547124410772643
0.02516835179243533
0.024925778098886985
0.024677917807733724
0.02420850621452245
0.023003520202011657
0.02044200268654503
