0.044498610534275417
0.0444986243105245
0.04449859986110794
0.044498617386261693
0.044498775845622514
0.04449849172583198
0.04449888293121777
0.04449928541408388
0.0444927720499151
0.044481558278552484
0.04444926351825964
0.044393945879719135
0.044307867326526876
0.044217221183942286
0.04411583773157757
0.043974349929973414
0.04376962608778683
0.043356339559647857
0.04268664071457766
0.0417512850769003
0.04055566538787619
0.039413118444952044
0.03855217979862562
0.037894275490795055
0.03736028442293912
0.03681092292689778
0.036344655604689795
0.035951029688991165
0.035770427931724975
0.035716328104122536
0.035704484441165606
0.03570022980911465
0.03569515729407837
0.03567811839765605
0.03564375753209366
0.03555190591160439
0.03504514459213037
0.03406894786927224
0.03290646867489331
0.031789864772508954
0.030870254739745345
0.030180545038973244
0.02974747272625154
0.029558086855096317
0.029512489492849594
0.029501236989038716
0.029485140418266456
0.029077504728909916
0.028086686018583017
0.02705149342835555
0.026376062663300295
0.02599383517103282
0.025820940347328368
0.025746872539665223
0.025707955229998188
0.025687778848684784
0.02567893252151468
0.0256760493134035
0.025675206790412377
0.025674817393261443
0.02567405826117652
0.025673030169654675
0.0256720253128225
0.025671155604343677
0.025670661445022974
0.025670124220499184
0.025668969744260646
0.02566594788027137
0.02566165022258726
0.025650260825113864
0.02562838069915902
0.02557915616462622
0.02555708674138369
0.02555679821150764
0.02552436470475162
0.025331786643991785
0.024694331932327233
0.022889418783685986
0.019772634961265023
0.01637307691407237
0.013881807236117536
0.012447504893145432
0.011687691219351388
0.01125581175361891
0.010915672723635347
0.010638810140733786
0.010447081561567848
0.010315657960395517
0.01022604508370689
0.010168778375364698
0.010128102428211576
0.010104088118176919
0.010082791086466078
0.010045911456808328
0.009980000797229263
0.009875671724921316
0.009772626341566804
0.009688270188861963
0.00962254943682057
0.009616231792920649
0.009615800882183084
0.009574033521921049
0.009299371219081524
0.008763150783450415
0.00815777685539689
0.0076798741669038715
0.0072027192689141754
0.006851145241501659
0.0067095592080701465
0.006688326007919811
0.006689297463803673
0.006682913797126669
0.0066778811848905864
0.006676910561168956
0.006676411028058794
0.006670048649719504
0.006552009935496388
0.00625574628323764
0.005933366574213019
0.005734701517385345
0.005604438552967357
0.005488913511838228
0.005393636853120643
0.005313972322165775
0.005262949973773235
0.0052455192253684215
0.005225334921393777
0.005191172528251153
0.005077735301399729
0.004856015257736116
0.004607848653992254
