0.03852020514263906
0.037662051448814175
0.037148233673164756
0.03659697662529155
0.0359662429075603
0.03535654468075784
0.03493118605633888
0.034672463001890086
0.03452245160975074
0.03445299696297896
0.03442302152401711
0.034406948710903974
0.03440004357793312
0.034396293133121404
0.0343957932372317
0.0343952497765794
0.03439517315534241
0.03439518250957213
0.03439470433276664
0.034394523809633516
0.034394752795000275
0.03439444811770592
0.03439423619124554
0.0343942118487896
0.03439419983837434
0.03439407255802571
0.03439391634849234
0.03439375292159746
0.034393304148990354
0.03438893759256735
0.034386527829167075
0.03438665565292329
0.03438685578117134
0.03438701224641473
0.03438719614810523
0.03438706912748736
0.03438686544976154
0.03438680808251993
0.034386934166873065
0.034387084546907434
0.03438684387392219
0.03438669326582401
0.03438667081138959
0.03438672113159041
0.034386673908799695
0.034386106185226674
0.034387641338779966
0.03438291040479583
0.03437823210554719
0.03437512009922138
0.034370480984216904
0.03436357511147365
0.03435598504549078
0.03434987682098673
0.03434683455520583
0.034342299867523955
0.03433589280914204
0.034318669037042546
0.0342864752404842
0.03423795219573043
0.03418499479337718
0.03413929452655422
0.03411451990721258
0.03408838916031012
0.03397051645987309
0.03319822705535428
0.030743048581374034
0.028462267197104565
0.027680132152444536
0.02742484606020663
0.02695166125906396
0.025501781596380443
0.02362245486149252
0.022482280230444927
0.022047352934056765
0.0219102470580476
0.02185804946708484
0.02182575838667904
0.021786602919910875
0.021698525140657846
0.02148172623870692
0.020967461842911053
0.02016139612136657
0.0193178536615935
0.018416789788942907
0.017140065646682523
0.015507619015570724
0.013801068587497295
0.012281483483978386
0.011129847391331806
0.010024953172959058
0.00916976146904945
0.008595821413814151
0.008276802641047565
0.008167200044842974
0.00813568044211015
0.008023207932707862
0.007558810810159431
0.006797588822321526
0.006147719949403243
0.005763614373889095
0.005551235103322573
0.005450453747673587
0.005401615655315792
0.005378205135578513
0.005362949236078355
0.005353766820368866
0.005341946903591101
0.005338136567875078
0.005333141924963336
0.0053305098325893575
0.005324066389873305
0.005319377224344191
0.005319168151500815
0.005318578156716027
0.005314607077446947
0.005312081020410902
0.005312292370991315
0.005310970643906309
0.005309006283268642
0.005308921449203729
0.005306529968069477
0.005306227599151248
0.005298301586990915
0.005274569649311659
0.0052335176700484334
0.005178664671904806
0.0051210973802669505
0.0050623792951643345
0.004978912549760592
0.004859801511910151
0.004689989136465037
0.004441958461505142
