0.040914515900776105
0.04051003664540884
0.040189615740833115
0.03968870595394994
0.038866131929898205
0.03780994992142357
0.03685808674315494
0.03614607886558101
0.03567935158064748
0.03543540691825221
0.035312064334572485
0.03525393176550112
0.03522385097282458
0.03520724318182365
0.035200141708957175
0.035197573548606385
0.035197704734413096
0.03519761213911579
0.0351961031984258
0.03519205584233763
0.035183514831511595
0.035180289326466226
0.035180378930631785
0.035177564548061514
0.03517522741338345
0.03517431704953512
0.035173699503779715
0.03517253193786034
0.035171988656710146
0.03517145113222413
0.03516987130007208
0.03515923810656183
0.035152760739010254
0.03515317964627519
0.035153633079446266
0.035153813534591884
0.035154142213690606
0.03515337587831234
0.035152084032186975
0.035151299182938335
0.03515156078649284
0.0351518756696475
0.03515185607524806
0.03515184355605481
0.035151821646232484
0.035151935510951464
0.035151667409687934
0.03514143992529429
0.035054432791682015
0.03446798493602063
0.032950845579707344
0.030914727807008473
0.02928623163135475
0.02838376314464711
0.027978220906755256
0.027809215074164298
0.027707921763315393
0.027643183505442186
0.0275937406162019
0.027557772791205918
0.027535067426024382
0.02751974876959802
0.027508924702480595
0.027500439238736192
0.027495036255553353
0.02749043700354184
0.027486005922779434
0.02748218324360331
0.02747224789779645
0.02736169610532738
0.02697933617981139
0.026570798459698976
0.026390094469302235
0.026343834111543493
0.026336612255481003
0.02632967524471393
0.02631644457219273
0.02630798681785353
0.026307280536146383
0.02630696338123583
0.026306113885710407
0.026305602939669253
0.02630531061595471
0.02630524511396424
0.026305191137887648
0.02630518597774795
0.026305184779912758
0.02630518417345665
0.026305183685211023
0.02630518088672085
0.02630517582017864
0.02630517757919109
0.02630509372563453
0.026305106436296948
0.026304754028201868
0.026301847411823072
0.026288610915852415
0.0262595569289959
0.026198478484785872
0.02613155657451879
0.026066040015853262
0.025934580479032143
0.02561405174517257
0.02496644903219579
0.023927116280097124
0.022517286605528142
0.02090401894663169
0.01936893128955252
0.0180015508072874
0.016905670565911083
0.01604590146904803
0.015413408749093839
0.014924106371855617
0.014554035086808833
0.014279285309251388
0.014069608736994636
0.01391133080404798
0.01376777926719962
0.013537125562002468
0.013145079080601538
0.012522186623599737
0.011738643170068097
0.010944466981361405
0.010229875854779394
0.009695583155825674
0.009227808765264295
0.008885326967327837
0.00856477091450987
0.008072973213300569
0.007412124058321
0.0069176193996540476
0.006626332057937581
0.006438560024235618
0.006230843644654128
0.00602810310265449
0.00575464877665897
0.005481576364608306
0.005221174232653337
0.004980564355765887
0.0047327662298283285
0.004519766998087834
0.0043922782034914384
0.004313978928660616
0.0042540784436928495
0.004158374688488906
0.0039694776079739185
