0.04471055269840433
0.044710567992080105
0.04471054735611444
0.04471056361380568
0.044710693942925074
0.04471047685553568
0.04471077014558066
0.04471091100013239
0.044702339342638474
0.04466988164075911
0.04453888254612763
0.04421427515201138
0.043641856160527494
0.04292580366626149
0.0421768769432119
0.041333691567384326
0.040574870814318216
0.03997968022748625
0.03961418807451444
0.03942958382127741
0.039325254847140154
0.039257358163889394
0.039065057822696696
0.03841374306380831
0.037381839871889165
0.03630812290782714
0.03555126180035667
0.035055508496235586
0.03477134939416945
0.03455338968766215
0.034343084596767756
0.03403194092335111
0.03353836848376271
0.032851806675377695
0.03194932980599392
0.030998315594226528
0.03000791375005389
0.029050154243181626
0.027939352443418736
0.026663111064417655
0.025374224721359705
0.024253541486523273
0.023359676324509682
0.022763795804270744
0.022385941011728
0.022151857838065284
0.021996970250218323
0.021901571544514022
0.021841547381668873
0.02180173737099776
0.021773000894842198
0.0217620595385624
0.021749209057121643
0.021699849209851334
0.021599886143740907
0.021502126206636843
0.021463999137532656
0.021454316250588887
0.02145425093031306
0.02145439417668392
0.021454406385151968
0.021454389193107222
0.021454337138152438
0.021454318397149456
0.02145429581387548
0.02145423443687114
0.02145417340922838
0.021453934806726985
0.02145332650067996
0.02143586144636305
0.021343230710518694
0.021310699573764417
0.02110645281249044
0.020675014263918046
0.020676104488509057
0.020615104735417496
0.01949047632906367
0.016234957156780933
