0.041113313336543465
0.040729101189578724
0.04041966394478609
0.03992884476270707
0.03911738034583918
0.03807502593696775
0.03713941211399891
0.03644657910758672
0.035999870792766134
0.03577135935603205
0.03565847536477712
0.035606490925815644
0.035580429753443846
0.035565748720879295
0.03555859506488157
0.03555492428238974
0.03555552574114188
0.035555393092291235
0.03555446462959814
0.03555328051404986
0.03554617339964205
0.0355440072199142
0.03554474290311979
0.03554064331995884
0.03553684497692639
0.03553541076485688
0.035535045782572466
0.035534094880198035
0.035533958413151955
0.03553236747015824
0.03552575744491514
0.035505705787116794
0.035490353949598354
0.035488139311617074
0.0354839817597617
0.03547139541311686
0.03544736888720567
0.03540451414122127
0.03535145346774912
0.03530102278624921
0.03522464050205228
0.03506845687757368
0.034751411925617315
0.03429157734275853
0.033638104458953065
0.03252464253960189
0.030774538702614145
0.028782430989719596
0.027218569495715064
0.02614084056423024
0.025534336478907127
0.025214107459760392
0.02502378114953447
0.02490949660757447
0.024854961762732043
0.02483055539344457
0.024815545793639003
0.024806771971026816
0.024803061509749383
0.02480142054785131
0.024800625898673958
0.02480015173025082
0.02479985642857368
0.02479946158268847
0.02479875687252541
0.024797870612489364
0.02479782425509477
0.02479700015374029
0.024795722708911942
0.024795859801287755
0.024794897766627907
0.024764776486578887
0.024552801992941013
0.02398524877984889
0.023010184392346228
0.02172791471130715
0.02040441796856047
0.01889443711144723
0.01723023488048455
0.01574232606750948
0.014528959855350482
0.013677437202749556
0.013179406609378578
0.012907514233043541
0.012764572360899283
0.01269672265476492
0.012662044426153428
0.012636617251940027
0.012459544756611573
0.011835526329163772
0.01061742872541895
0.009166454310314369
0.007905140370913112
0.007100818059530047
0.006577255408935604
0.006245757697180735
0.006010957130283031
0.005861829905504916
0.0057933520379529
0.0057417423952817155
0.00567243437309567
0.005616660464978105
0.0055768152903361064
0.005558382311154546
0.005552213660498177
0.005551755552381375
0.005551673106857561
0.005551835296173957
0.005551928310816192
0.005551768986871117
0.0055518779193189215
0.005551865777574681
0.005551859541179448
0.005551758340427514
0.005551560713149702
0.005551617326902312
0.00555160620800807
0.005546738010224982
0.0055171549038022455
0.005474890821492439
0.005431199556489667
0.005427114071026667
0.0054249764714895425
0.005424964601252331
0.00532188491238551
0.005155696634208672
