0.04217108681300039
0.04200689558951554
0.04185059356717801
0.041561666365894416
0.0409489787398072
0.03991928602070173
0.03872354355461227
0.03760105662185733
0.036720592947586915
0.03617496356592423
0.035859762261406324
0.035690381535486884
0.035593099487598735
0.035528554741964744
0.03548651565236098
0.03545280466515007
0.03543652492518341
0.03541735897109734
0.03539770368565715
0.035380333872514276
0.035343718439215646
0.03529311535996726
0.03524542010012773
0.03520249451448932
0.035185471341565064
0.03517052382893729
0.03516122277644527
0.035158371535689376
0.03515780256181675
0.03515743183275354
0.03515892120000072
0.03515484633142457
0.035136608556004534
0.035105916527872746
0.03506114524377624
0.035025471353860686
0.03498586184096172
0.034939591721065553
0.034893380065249564
0.034857540978200215
0.03482702080875128
0.03478864248932471
0.03474003261560887
0.03470734251953721
0.03468073525323962
0.03459070824495461
0.03455250802585631
0.03455353228093421
0.034506767837955366
0.034203054344756685
0.033318387124197275
0.0319137463001532
0.03050263507035378
0.029312265371345333
0.02848928610407538
0.027959881879054467
0.02771551176225414
0.02765422593344092
0.02765474650385389
0.027656492840492226
0.02765600037187342
0.02765378057592736
0.02764479831403598
0.02759075611175287
0.02738996523506136
0.026969113230000903
0.026458529019043584
0.025954991099781558
0.025538177748619165
0.0252348969746813
0.025031774219077724
0.024913408104560057
0.02486941822941305
0.024859552534891777
0.0248590895378381
0.02485811381129757
0.02485759386490643
0.024856063277118163
0.02483231660724991
0.02461410083133474
0.023773827496574147
0.02199358768940523
0.019615220631477907
0.017254423005317893
0.015309867988985218
0.013773164472370904
0.012566565525057333
0.011703141910643462
0.011162257908173798
0.010836738396485477
0.01064095370613799
0.010525122094799392
0.010419011326819366
0.010157697514791376
0.009454176676092416
0.00860417284776101
0.007993391763149157
0.007617447947128971
0.007265154388928959
0.006955131227592622
0.006709318291271841
0.006490453281047987
0.006334324992568887
0.00626542488154933
0.0062533397188572655
0.006252776389712253
0.006250905304101451
0.006247573854991325
0.006242978748703377
0.006232906109764521
0.006161924410347541
0.005971612422479211
0.005689245962370685
0.00544167522379733
0.005269876692280763
0.005173461254638568
0.005115885547548926
0.005086453888088991
0.00506772946454122
0.0050546866789474365
0.005031427148936137
0.0050063052244697275
0.004992720189653426
0.004986269076064392
0.00498537431025193
0.004983981005881509
0.004980443504966313
0.004940278673683529
0.004837842090939203
