0.04270409226503963
0.04270278587824958
0.042698772472264696
0.04268934412447477
0.04265635452867427
0.04250148591400404
0.04207305992323206
0.04111034783485222
0.039584143267998584
0.03802990638115767
0.03681634630773079
0.03606978376634516
0.03565566278891578
0.03545035349027479
0.03533409440927047
0.03526676011003438
0.03523842614769594
0.03522391686059368
0.035218322552605395
0.035216678528353265
0.03521593450530802
0.035215749423944356
0.035215617400071404
0.0352156037107285
0.03521547663746628
0.03521540463710948
0.03521549154037053
0.035215632646797224
0.03521570911027125
0.035215722822592783
0.0352123034691307
0.03520517133718033
0.035178877918661554
0.035121704268576984
0.03503885177819991
0.03493498763557542
0.03483674610416832
0.03477173675544082
0.03474077663272372
0.03473129860213905
0.034727558628676186
0.03472722823147952
0.03472759598087361
0.03472787743954776
0.03472783387352355
0.03472516874359218
0.034721558111556486
0.034552554680036277
0.03341537513496441
0.031322452333618404
0.029124444218301463
0.027643644105734968
0.026917885930896605
0.026593735435606513
0.026469052749946105
0.026423035087601982
0.02640490656413399
0.026398017715532702
0.026388611306727507
0.026369322323307232
0.026350051683708332
0.02633712867287963
0.026331018518655554
0.026327570694098947
0.02632584378524471
0.026324612929944723
0.026324147151410668
0.026323810329660465
0.026323780996169475
0.02632389526360405
0.026323763786239757
0.02632362984879653
0.02632362710312414
0.02632363459679984
0.02632393943647739
0.02629405945343974
0.02543106385984108
0.020310010220010628
