0.04220723761682918
0.042049895693801354
0.041881067330946584
0.0415276617417135
0.04075281076538072
0.039461672159946726
0.0380051315049145
0.036707719936198216
0.03575317364582074
0.035207966476943166
0.03491552901977666
0.03477000716142419
0.03469324087058749
0.034649859682897265
0.034628330588698526
0.0346105508055509
0.03460522713959806
0.03459003625285566
0.03457015868618509
0.03455259410272713
0.03452767444959913
0.0345237129601647
0.034518487308981854
0.0345184735632599
0.03451828287601451
0.0345191088805863
0.034521481479807534
0.03452145195575274
0.034519629125269645
0.03451460954786595
0.03450123922994913
0.034492172261645186
0.03448362389205609
0.034475837778067314
0.03446883099190018
0.034463723125150225
0.0344607156954462
0.03445952892568491
0.034457028336954895
0.034454993052717445
0.03444526559434139
0.03439227036348458
0.03418075984101206
0.033721138178964515
0.03303826521518049
0.03209310729859476
0.030704964293634784
0.029050970082914247
0.027718548996849068
0.026811303117130997
0.026318577761491487
0.02606586894853892
0.02589889245623506
0.025802064905424256
0.02577013532503657
0.025763478951705703
0.025762746768114
0.0257628339130867
0.02576280569835775
0.02576284614933755
0.025762892861381646
0.025762910122747396
0.02576290575538931
0.025762891497421198
0.02576293854043167
0.025763004643590083
0.025763090912516256
0.025763110204401064
0.02576311473624074
0.025763121695308085
0.025763132568851644
0.02576312644714294
0.025763126245181924
0.025763126335966377
0.025763126208683988
0.02576315002746335
0.025763095155283806
0.025762967263516613
0.025762756397655434
0.02576050241016588
0.025759728664523487
0.025742286640182813
0.02551568342828315
0.024077803053601705
0.019933720251115426
0.015287452349745904
0.012651803268058665
0.011464795871217952
0.010833361451056168
0.010490310186398868
0.010343518379498115
0.010285950623108196
0.010269965218251603
0.010270544108881976
0.01027565822257532
0.010278878871736079
0.010278574467051736
0.010275349995840953
0.010270621386378825
0.010230181192714302
0.010034034032352254
0.009625782916110527
0.009052543553295385
0.008520708874879766
0.008107519693045294
0.007862539393386906
0.007748123481243768
0.007709787232407572
0.007694122436511785
0.007628186420874221
0.007439506351875904
0.007245373297941854
0.007127325609045541
0.007081561760060869
0.007023219079281709
0.006651978394560879
0.00615146545950561
0.0057908473469649654
0.005587104230282535
0.005477362671145677
0.0054216020720437305
0.005375875292536061
0.005336621019423889
0.005327322173181733
0.005317534193917026
0.005278923377291691
0.005186765189809487
0.0050490358314283935
0.004878583950171941
0.0044845526904367375
