0.042237701321871574
0.041652760782061815
0.041253228221201185
0.0407544087602965
0.04010907869132706
0.03941472505390898
0.038870620409461196
0.038489971818986356
0.03822592049650161
0.03806728974437482
0.037972812505145566
0.03791102833704571
0.03786174287444589
0.03779302148903613
0.03772282335087213
0.037600855321082725
0.037445481491862734
0.037280299176575334
0.03705553944397889
0.036830971610519625
0.036611318348435874
0.03636234192310172
0.03617238934868928
0.035999038198879306
0.035861464018031024
0.0357718607558891
0.03557604823088562
0.03502099526236182
0.03392824678183095
0.0322420822409261
0.03027960487504312
0.0285438755943478
0.027235100314750488
0.026445341860581565
0.026002377149359632
0.025767378428578496
0.02564732068827091
0.02558078340764481
0.02554170105191786
0.025510636867437386
0.02546494702468534
0.02537258128675117
0.025188968320862537
0.02493769765575632
0.024603920143712186
0.02413391336768188
0.023338071763558125
0.022016136822228485
0.020392754803587432
0.01863454804944719
0.01716972573842835
0.01609406964113518
0.0153345426399805
0.014800710437691562
0.014430515540534232
0.014185627742658751
0.01388098807181376
0.01344612968859442
0.012873177038366558
0.012399198770541374
0.012169310317212514
0.01201052199157345
0.011701258367818181
0.011035148396963809
0.010171746527193552
0.009378274064182632
0.0088271029748968
0.00851012663843998
0.008345173438942787
0.008273319672060447
0.00825478733860897
0.008241144751206015
0.008227895298834852
0.00822145212319929
0.008217587978563808
0.008213500169006925
0.008212653178676607
0.008212279355781834
0.008211948406463068
0.008211848444616652
0.008211770478631574
0.008211909065548903
0.008211936605589408
0.008211919904492713
0.008211966785923688
0.008211908447221495
0.008211850393910317
0.008211669976763595
0.008211837300976674
0.00821176884491039
0.008211710487198973
0.008211702115103525
0.008211481180795547
0.00821112284659857
0.008211116042085647
0.008211093119039253
0.008211105107669122
0.008211094901129113
0.008211103315556391
0.00821109939971449
0.008211100356392853
0.00821109757943188
0.00821109739034153
0.008211065149501788
0.00821102325027436
0.008210736446233786
0.008208884198826748
0.008196793007217394
0.008125862997978777
0.00813313611891677
0.008135272216867408
0.008135190120757417
0.008135249416806696
0.008135256055185622
0.008135255927737246
0.008135258703434317
0.008135255919599519
0.008135259765979959
0.008135257666292747
0.008135250863358508
0.00813525655085355
0.00813525743194129
0.008135258117195643
0.008135264302954347
0.008135230125090712
0.008134811620211138
0.008134372392394782
0.008083893511209658
0.007592607280184123
0.006692236851512464
0.005847239201563858
