0.05574108201130129
0.05622020270348016
0.05510583001469692
0.055493534940372805
0.05500747379246812
0.0523883644004889
0.04659206912907727
0.047166593825526265
0.04432663519340366
0.0405044194128287
0.03409660946949412
0.035283080751488616
0.0376918825753197
0.038282641724912886
0.03801702889179347
0.03779401272898418
0.037377871692899495
0.03767974077240257
0.03532756890776441
0.032311633248779316
0.03096073475386559
0.03007299414136675
0.029537169800750857
0.029841525524474687
0.03137406743210068
0.03581750867077274
0.03821291777710696
0.03740931550995653
0.030262653470010382
0.030054647307839598
0.031106654375807855
0.0314173476669418
0.027835039447042367
0.025858301516767275
0.02495834376928227
0.02474171466652635
0.022009480434328283
0.017297455778158787
0.015591258743237118
0.01432291126676037
0.014407456853236324
0.013977884082188478
0.011165223821816835
0.01075539371776164
0.009690370618559062
0.009247464814636536
0.007266786090478387
0.0062274273001182824
0.006173147007317521
0.006137348177837742
0.005328232056973178
0.005451442309595561
0.006288677646952973
0.0067133198397144106
0.0062081189977450536
0.004180099264183461
0.003590940929256802
0.0033648790185306877
0.0031497632870605796
0.0032780315267045444
