0.05597766433934566
0.05568585147854045
0.04708054968459101
0.04743305382683274
0.04896866831499457
0.05408922794277681
0.054497498341422985
0.04958531337384315
0.042520951046779686
0.036197736450655486
0.033230431619653646
0.03319668946164144
0.03430836311375388
0.033346044561538155
0.03331286396239232
0.03434799580186989
0.032404559014370164
0.032551886266157945
0.03123932590259658
0.02882456561944036
0.02686007749104146
0.02603021226030212
0.025417771820506318
0.02477684264330347
0.024295828711421046
0.02430630907110039
0.02434174942966298
0.022942148419829625
0.0228313888956212
0.02059145768837325
0.01915058545400999
0.016387709718014665
0.016954165947618335
0.014021115114810979
0.01421562307720017
0.013411695939595299
0.01215040258908871
0.01185566128923769
0.011797808893789764
0.011798957470144858
0.01189121467393941
0.012334161223915896
0.013048256496263556
0.015160738566651932
0.018330044883356947
0.021447359873378466
0.02136951733034834
0.019732202417892124
0.013465105929240872
0.009131520043379115
0.007032040686848597
0.005351448924265669
0.005220979616590404
0.005603691744891569
0.005624121558615584
0.005171787246653185
0.004935881958193992
0.004934101491082611
0.005297363589982235
0.005992343065688932
0.006464681317968733
0.0067278359689922585
0.006661887579584875
0.0064400415042785075
0.005905915612683159
0.005622827179150536
0.005467400664313735
0.005324798776417461
0.0052268246701388625
0.005192683592196537
0.005254523528915903
0.005228048419804242
0.00527441136707136
