0.053461971802970576
0.05721351675319433
0.04982947425884089
0.05010069455647064
0.04829302114084394
0.046522356502715606
0.041304419367889283
0.03742760101564844
0.03544914552304494
0.04026217958460965
0.042029251710972604
0.041229576862701206
0.03971214602676306
0.036725826680171075
0.029273802701653286
0.0266990303125578
0.025491685022307572
0.02595951988711232
0.02525325000661726
0.02403130475501473
0.02401815280535834
0.024344053749847754
0.0244091542033809
0.024294199777838456
0.024125437866141266
0.023920023039030947
0.02368389734959562
0.024335065487249844
0.025671717710678228
0.026729485821445027
0.02631988990660456
0.025816846436425674
0.02530491043370305
0.02380703009279325
0.023918481461312906
0.023994186435569054
0.024520538207417324
0.02488959307601828
0.025640012497947447
0.025190725003775314
0.024609438024243604
0.024653051616543884
0.0222100725812484
0.01813465051627936
0.01415808195039874
0.012798305727418103
0.013287912804773547
0.01336815332759229
0.012948195431821284
0.011052239897644466
0.009309609614546577
0.008301188460949021
0.006954255676439593
0.008638178500845296
0.004301716410319862
0.00429867582552977
0.00410081908705099
