0.05632575855249088
0.056535135951912785
0.05247098249059967
0.053771241732313124
0.05026290438969438
0.04738487421114019
0.04421114538225997
0.04369035156508147
0.04219971974536391
0.04406469151076745
0.045839006260399356
0.043554390057508
0.03772066779852994
0.034548980108612466
0.029080320620730148
0.02684111683014176
0.026537971819622412
0.02667599194880146
0.024521382425960803
0.022401554135377682
0.021907795935633807
0.02076636407896943
0.01899963851209666
0.020226909207774486
0.02043300970566454
0.017535153322490567
0.01602501931006575
0.014744315712982478
0.014554481492135384
0.01455408675292713
0.01441856232416349
0.013208521868957287
0.012024443172964567
0.01195710344580133
0.012054043135753922
0.012687221674182075
0.012786766427239504
0.0144777805067164
0.015981326771869264
0.006928700107843035
0.006959182094938074
0.007968140657713558
0.008774545078114501
0.009073729171549484
