0.055605579789903624
0.05361780287543887
0.04985421863474939
0.04957323448971164
0.047121656401382356
0.04724393890045852
0.04829683394291493
0.04629285639871446
0.04333280524970375
0.04377815348686971
0.04223310752350935
0.04133733866790479
0.04059499395413746
0.03939795522429511
0.036588937973393146
0.032229518622879975
0.027437058263697876
0.028312197053939125
0.025505958659020878
0.02299830386437626
0.020560011311397296
0.020464656968738608
0.02093608320938002
0.021364513337605865
0.02183844083772486
0.021963422511918837
0.021972373167766034
0.021782147784515152
0.02223053141314647
0.022895249741985726
0.023384197643255035
0.023594387218752608
0.023323440149431714
0.023725473558347216
0.0239552831785471
0.023440288950289295
0.022606888201803017
0.02213758201706648
0.020344811617480085
0.017383117513652416
0.016810946278019708
0.016794253250762343
0.01658552596080097
0.01690243116715414
0.015199418959139484
0.014542733623841163
0.01306920103725746
0.011516545784420039
0.010149648897390302
0.009660098303500016
0.00815157080892772
0.008135543672522842
0.008171733123519811
0.00827020549323901
0.008052092593515596
0.00759560702634495
0.00772694262899017
0.007522139760965576
0.007123811327063545
0.006491095830633724
0.0063161624866558885
0.006565644788509367
0.006093155045574361
0.006012419267559011
