0.05604982261343582
0.05628071951230039
0.055229517080536666
0.05576440681806705
0.05355902282535591
0.04988461713057001
0.04394855734711912
0.04649927667263017
0.046306675860504985
0.04232014361381315
0.04214127374330824
0.04403911062534019
0.043299692495880046
0.040758124960424275
0.03850216123031973
0.03534063839936054
0.033282777471696445
0.0328639310327052
0.033402142077920624
0.032261554259315366
0.030530879977782494
0.030212476454740456
0.030550935608589843
0.030865892361048034
0.030870825857334232
0.030833840898148245
0.030647482132015402
0.030448224334923814
0.030922844475835196
0.03146785195797626
0.03166686400671857
0.03163822768198927
0.03201956748890953
0.03238030320394282
0.03173007025494171
0.03158624288163083
0.031613077895883544
0.03162452392682849
0.03110336141564972
0.030821124961999593
0.029804412529949656
0.02914642894456121
0.02898488701667616
0.028596256384363465
0.02767279201094586
0.027190244825941737
0.027011702517129796
0.02608175276793835
0.024473563968800755
0.024105758822773594
0.023114831703015624
0.020948104394499685
0.020624870307803477
0.018918965341336507
0.01687596831483056
0.014443194102969757
0.013067969351442128
0.009980236603037883
0.008911375475519661
0.009062788841413793
0.00824849000165457
0.007029492651371014
0.007644294836956707
0.00622434211356198
0.005231060059034492
0.005457470968441971
0.005811210650377944
0.006144086688062474
0.006398034393173991
0.006056838581693115
