0.054464731505945836
0.05607204709263127
0.05274472764540834
0.05353590728697001
0.051190967330800786
0.04776448506665581
0.05192396618357856
0.05189589951860909
0.05104227213205504
0.04908076470634059
0.04301020014000535
0.036608046917863936
0.038410634397024135
0.04068827629739457
0.03969023100339855
0.035321623492923886
0.034718218569553476
0.03399274234264307
0.033584331470370536
0.044030366121135894
0.03687543148155388
0.03662016338991175
0.036679866675307746
0.03652038175655208
0.03563097525118618
0.03570311703700614
0.03672476683133061
0.034115132764335136
0.034653794964410796
0.03541340437881003
0.03561270203459077
0.03622542605363835
0.036329961326441965
0.0361638044374289
0.036834796922922255
0.03609836884534896
0.034811670163539456
0.035061725314962995
0.032361708169823256
0.031589004299195554
0.03128943665857647
0.029738156194882993
0.025687485845261867
0.022459036184982892
0.022115879448116917
0.022276489825369217
0.022272969402390902
0.021554696351839837
0.019771079502721143
0.018232549437548737
0.017216536794876114
0.016609245744214046
0.015693460379320606
0.016005706392623074
0.014889969598607757
0.01250712877951531
0.01161207574986608
0.010806799425245192
0.010267057004239882
0.010040613188950507
0.010073544177002111
0.00938305278644928
0.008591843508982141
0.007082537526828048
0.005963553583251931
0.005504075438269157
0.004958899668623766
0.004676387435218374
0.004819231563621208
0.003996572057138317
0.003328691907156087
0.0030319550598743197
0.0029871450632309323
0.002963812102211929
0.003014798283477485
