0.056617420133547654
0.05658949208584502
0.055618477748010806
0.05575964931370423
0.05328949856950449
0.05025065782041617
0.04808635955427759
0.04719945002495892
0.04805849692812121
0.048050509722439294
0.04687555989176856
0.04585604901043453
0.04345245591231431
0.0408804321926188
0.03626099741761047
0.02567102558428499
0.023689704901535165
0.02507120984638984
0.026316459595160137
0.025528567374735713
0.025656656587436495
0.026391166453548297
0.026244617246643773
0.02610371848783241
0.025923675089683712
0.02591263629191991
0.02590321109173306
0.026139069233496705
0.02649427523381513
0.026716056409615507
0.025999669171005182
0.02334312835209701
0.02145211050774667
0.02155660372765143
0.0228979830333582
0.018929627388488027
0.01680606442190914
0.015632941439554626
0.01409969749908138
0.012738759502393391
0.011801955754744006
0.011075060969434456
0.010780933667986142
0.010888295030815879
0.010991298035545272
0.009481141825874267
0.0083098035169699
0.006914341864650584
0.006790722211875953
0.006711491776251319
0.006740430409231536
0.0067156241681941
