0.055890777195268394
0.055633116581646706
0.050903508430223315
0.050593796190041083
0.050387369915726156
0.049951609786281465
0.0505419852203014
0.050631169267363746
0.05073412571815847
0.04937438475056302
0.04692762364570769
0.04417490981003245
0.036252413751168854
0.03474412508446212
0.03376732036040958
0.0356401517587876
0.03199765109499992
0.03029036204202693
0.02697843692009484
0.02483230793244799
0.02400487112152498
0.02286646205224048
0.021606324244331485
0.021824015546531763
0.021444829962583283
0.021574223277566543
0.02159952710665186
0.020764054323760738
0.02091551613500887
0.02095828901578268
0.02086129262593063
0.0210899084671009
0.021515149083758022
0.0201951153937013
0.018657779362321544
0.01775722561725326
0.01681791970847364
0.01241775748787059
0.00991359988506428
0.0074949182297386506
0.007766140242865471
0.007902932038344714
0.007246002579831534
0.006341402063876855
0.006232888271216719
0.006296823763697421
0.005826620845443797
0.005740774850983253
0.0063536799565286515
0.00830794499755836
0.010848072173427406
0.01608012595287916
0.019439708917933965
0.021260948588952704
0.022371090795814532
0.02258304423696182
0.022294560673926652
0.021980823644243194
0.021811946625686737
0.021611227688589505
0.021559100128427853
0.02157472898310318
0.021576235664022052
0.021112825014218302
0.020329638499005997
0.02027486378296597
