0.05943887451653416
0.059511271432467386
0.05843450088562833
0.058791587624894254
0.0583857159467841
0.055917272100763665
0.049255244547345284
0.05419318798263861
0.0534068550993289
0.048651425511353104
0.042573221391898584
0.04379650827707331
0.04266714360634882
0.04010306825714019
0.038679601636643315
0.03382897374113408
0.030958413026061084
0.032373699724223576
0.031161117196496616
0.0304433185693813
0.030171873351013897
0.030233176101882333
0.03039452276783296
0.030536002671034436
0.030590855533644143
0.030743078304109057
0.031272797150448124
0.03125888392293466
0.029528599653839433
0.023962768434084784
0.01965998403812335
0.01774186350142363
0.018162384560934924
0.01964701544238007
0.02155948222280379
0.0194257661022447
0.015734375136305306
0.011426657545624443
0.006742845804098367
0.007754792017284266
0.008430467744001151
0.0074282715261157145
