0.054725235879210035
0.05420928367817145
0.04916644184263647
0.04959071311088647
0.05046128093501416
0.05165220738546625
0.0522037093704348
0.05173586391435338
0.04906788077626724
0.046668670880162494
0.04622325049123132
0.04279440349339375
0.041515242304627734
0.04183320418759439
0.03777219191494089
0.0309969717033743
0.030226114595879833
0.03236499287279202
0.032421298191680256
0.033602097142302105
0.032990889447022914
0.031237032251548977
0.031529466214651726
0.03120629320298507
0.03063251040194336
0.029608208678998504
0.029201672358611097
0.029196945733216757
0.029169540400915687
0.029345139281530985
0.029445066535094263
0.02963209817705881
0.029310287667244767
0.028877992582847067
0.028513287245232822
0.02840543927105474
0.028458710921580505
0.028494527906277874
0.028768548251356683
0.02900014936397137
0.028292206149066485
0.027652685918098482
0.026993559197300617
0.026643167915559506
0.026725514471598672
0.025221468275753143
0.024714850740312006
0.023894102837187434
0.020447633535073985
0.018418026451470018
0.01677573829285452
0.016855472817941287
0.016424590851132084
0.016612054768465435
0.016649293907755196
0.016135614278450054
0.015628601842013805
0.01292028834373485
0.009927704703157765
0.00812808060438412
0.0067322900035240415
0.006249432109354332
0.006240385882480831
0.00668102954159622
0.007203331579180171
0.008032798696497099
0.008795277343034561
0.004909907063121125
0.003198743975015975
0.003087377704892327
0.0029229394746692833
0.0034810010243624553
0.003444896910715574
