0.05651207404945613
0.05659734006580474
0.05644953977618853
0.056398154655011995
0.056519828866973654
0.056275038675774255
0.05474958277350824
0.050876501821096244
0.04717637152587014
0.04443152286275748
0.046816582960385385
0.04673661005888471
0.045340450997898005
0.043808715018623955
0.04307786272069814
0.04068716519431619
0.03882203378713444
0.03405305991628773
0.028621171185922955
0.02417367472696397
0.022273023403732446
0.02236485775044614
0.021698010782079134
0.022060484380277433
0.021253634070625343
0.02050491955165217
0.023185149309800163
0.019098231903768668
0.019009079552727234
0.01997932216632904
0.019225306977661085
0.018812710979409668
0.018144905660676957
0.017438838297913088
0.018498864162285945
0.016599624700647655
0.014468898197847026
0.015247490205341531
0.015866657557564504
0.016088818885103703
0.016819570648465988
0.01690981478568711
0.01635842159188156
0.01602931735953049
0.015390454544691928
0.014769403327798313
0.014005632822047231
0.012932520110944595
0.013341450306908448
0.013147084307221706
0.012962550107010706
0.011287982437740826
0.009605616769250258
0.008063223079160405
0.0070780434989347425
0.006615188132613281
0.006159704383498775
