0.05271075822576533
0.05588442564377481
0.04983476285348769
0.050208601964597255
0.05218745961016492
0.05273180546230361
0.05322353397277408
0.050343316884764504
0.04931769201751776
0.04941689938880348
0.048402066867404926
0.03995621462088869
0.034980718020805296
0.0349031519807003
0.03148530904978406
0.02380609535967508
0.021405926932301676
0.023521374690563007
0.02185276089443496
0.019843742225985898
0.020087501539253233
0.019966576881968297
0.019997015789073022
0.020380286701625366
0.020639633123283034
0.02083656384536997
0.021195782851390985
0.02187726205798196
0.0227940655206743
0.023948066924399533
0.024356928332647472
0.022143947957422725
0.020541716444547505
0.021437235471888364
0.020758991843179486
0.01951904940355462
0.019638939884211604
0.019097058417194942
0.018393721963877983
0.01744933176200993
0.01598543860517601
0.014512512111210876
0.013201216170990715
0.012944884174645415
0.012610214591309829
0.01278036648298686
0.012900363783150362
0.0132581047047152
0.012494804601601354
0.012752688781774787
0.012154713081692262
0.011862581068270123
0.011719016007149547
0.012551562441283933
0.01434606398796259
0.01641402088425126
0.017751167915855605
0.01880585048687236
0.014655702787749171
0.01496488937806341
0.009656452142107705
0.009738087130579814
