0.054889766734484785
0.055515916085164166
0.04592237689524758
0.044285751743902736
0.04371275199196727
0.05028130765255165
0.05194720747508859
0.04666833345127862
0.043745599410062445
0.04067027388770173
0.04090083260721234
0.04187275875929217
0.03929393149282913
0.03671902933225593
0.0348086615621536
0.033124970772424295
0.03030982957820801
0.024562940297271164
0.023070240685252652
0.022656135187915722
0.023178268996465284
0.023606674308035442
0.024031259751374448
0.02442742203658841
0.02456936133481603
0.02442325457335124
0.024175613533229355
0.02384830206132321
0.023095257571278466
0.022293212150123025
0.021644401786052203
0.02073468444676993
0.020085072277270074
0.020032043230792523
0.02024754346385705
0.020320735223374065
0.020303725216127843
0.020191574416227983
0.018997722969982832
0.01901490576931643
0.01890390285528882
0.018954324409091023
0.019341209548780904
0.019792399876965995
0.020063037100677115
0.01873012326548209
0.01768664434590254
0.017087623161076034
0.016864666506005484
0.01796295831601171
0.018979366653903623
0.020515141285685486
0.01285933205652134
0.012493429380333754
0.012083757114427498
0.012176708245724041
0.012176281624878365
0.012191950610790193
0.0128615169561134
0.012281853553353289
0.01232209055410228
0.012942711112651896
0.008899404411513328
0.008555088571885404
0.006545321092291343
0.005825163150127901
