0.05865034476779115
0.05856955761627397
0.05772498447916613
0.05875719327244374
0.05666669740968322
0.054647213827315216
0.05122739102902835
0.05451330818351155
0.055470862301094846
0.05799660450748458
0.052884142779058674
0.049156359877499174
0.0443588578069952
0.03637343551223416
0.028818702837449976
0.03456780569262033
0.039119531267263905
0.03731317229458339
0.03479629188587388
0.03223818525895434
0.03001071974582928
0.029587483860215275
0.027401988098368385
0.02897219728390383
0.02967032329497536
0.02967194674097105
0.029048351696153305
0.02753008266099818
0.027479564064236323
0.02690509347243967
0.02499063649164724
0.024158478414098312
0.023462049162330405
0.024282473133404696
0.02296876724495721
0.02334983728702951
0.02102141502086022
0.020637880212053736
0.020672638758129053
0.02067609392127905
0.020573387512202397
0.020011194580946783
0.018251652755656794
0.01663701798011161
0.016643606599446845
0.01604108561413416
0.016192705402722045
0.016448589060031597
0.016562485551230046
0.01753712872498035
0.01773338738413563
0.017794266601948293
0.01826870635527203
0.014505904363846595
0.014151718181182016
0.014147123835688865
0.01379800014436655
0.013756127863657588
0.01386150660330274
0.013764295876197284
0.013305934377053507
0.013357385406010964
0.011461716314407327
0.011639703299739021
0.014650091455473606
0.008842010686134646
0.006023362275422565
0.0044789376685291276
0.0044187569475367585
0.004899251559589283
0.005444330863919873
