0.05851697392643979
0.05851697392643979
0.0584688609601343
0.05845656712516117
0.058515457850848565
0.058427870922304816
0.057005759880371
0.05166462095693782
0.04619487821432956
0.049462509967894315
0.0490107323758951
0.047513203970867605
0.04483682220960159
0.038534669383105694
0.03056548537347306
0.028835749585461933
0.028560249930802303
0.027189482425751813
0.02499920789331018
0.02129717904673952
0.02102271874240886
0.022067374803922846
0.021878369482058065
0.02180849883474158
0.020231078607968203
0.020405872523706552
0.020369636265794147
0.01990376922168595
0.018893020618885207
0.016950829715718246
0.014333485790365062
0.012429479262742833
0.012165435475397935
0.01268532352094002
0.010890717575909044
0.010851849180661687
0.011248846670502584
0.010694972780401628
0.010195426553770823
0.010111385477480412
0.00936503245289695
0.006968329813302469
0.006923536785492754
0.008836669320748619
0.008657056435213957
0.008638312464757344
