0.056228082710262146
0.056075837592501766
0.052572088836222
0.05215660327962382
0.05058483553784352
0.050569834328662265
0.05203337286907273
0.052597272045917666
0.051290259563241694
0.05000765244457172
0.046476088939892087
0.04134607846119098
0.039623330221277925
0.038811416363643395
0.034733112750099986
0.0351544029860977
0.03499150600893632
0.03393443456843217
0.03397810713192847
0.03315631721583289
0.03327323721298236
0.0325083134279811
0.032600722330420835
0.032348131259887516
0.03164853647073147
0.03092058923906388
0.029502797692679134
0.02703544309713371
0.02577299258627664
0.02844760705271428
0.030440000601227597
0.029781810617842675
0.02830630918625774
0.02796506168222132
0.027505897083312896
0.02725209961116591
0.02709239827169315
0.026993887072385696
0.027007407043665037
0.027063297590254533
0.027142285316579175
0.027251777811069817
0.027353889139329405
0.027258263857984234
0.027065803948355633
0.027069728895841895
0.02711816684779756
0.02716649206885806
0.02729842376970229
0.027314881764448445
0.027458371739159045
0.02765975649125701
0.027841525571152083
0.0278204008149729
0.02792875731183003
0.0281476586829713
0.028411674137477617
0.027863440388583537
0.02830769077790105
0.02908841463812673
0.02837523856673232
0.026974143294698643
0.026462863178824934
0.026788909448856084
0.02587533793484354
0.024302000235842135
0.02406421057519077
0.023529485191006096
0.021445255076167114
0.01776376527335749
0.013160449951856246
0.01123112845034533
0.009512869283946528
0.00664476746330754
0.006202377251296378
0.006130940408055895
0.0055003538799352275
0.004991299627493708
0.004007322508246316
