0.05478200901906885
0.055326539097891834
0.04898088145609871
0.04750018431680535
0.04771418359033047
0.05181654330074666
0.052959591308731124
0.05265133723299216
0.04769447004757052
0.04706537531651083
0.0376050512509367
0.035428094581561896
0.03246726348042908
0.03411065394438861
0.034700864585853274
0.03612960442922932
0.03373129265508666
0.031367656258975335
0.030845221603589153
0.030445158077391253
0.02945008460935979
0.028595464535651333
0.028584078252750895
0.02812052469191882
0.02797044265141682
0.027526155414569906
0.02643422314440527
0.025273896890962627
0.02481788708772809
0.025939796639510487
0.025604116905238932
0.024580822860234348
0.022778795908678064
0.01910099596878725
0.02453936879292198
0.020706211703396746
0.01520580237375785
0.01307752438368025
0.010709419752128977
0.00961972847275978
0.009060806671782252
0.008602609064543252
0.009330034917532757
0.009275227092159461
0.00880825353143194
0.007159627696495419
0.007067739430078434
0.007065511848561507
0.007100254919317352
0.007103949179858811
0.006941013645483103
0.00693592261936969
