0.059230058305771174
0.059162433539792524
0.05707549857181471
0.0565987968519392
0.05355178278803565
0.05273429749447398
0.05312628038105494
0.053685007173070766
0.0537478966255666
0.05016417147674164
0.041999788928056926
0.036638916944310214
0.03518638955734624
0.036965374261325006
0.03412132396791034
0.02981223639294142
0.023342003960503326
0.020664876776124795
0.019973798065079047
0.019265391899448276
0.018912926848990416
0.018537656802239136
0.018657581699270856
0.018405651445216283
0.018286994579196945
0.018215645709767386
0.01816614165241143
0.018127317490212784
0.01826729161813666
0.01845078650432288
0.01896474962252312
0.01979277534069553
0.020197217413471306
0.020708193925487926
0.021436124886628067
0.022459376910428094
0.022389987871332947
0.022058298488199304
0.017232662401466738
0.01688068787723631
0.01631693205979647
0.0133104431132008
0.011906070097809772
0.010676656193252356
0.010173158718259294
0.009944157254752901
0.010083512408648684
0.00966984456862912
0.009062701387509886
0.008426358881357704
0.008053741452317683
0.008932842612815321
0.00931337505044876
0.009299718502782621
0.00947338114127645
0.010014821687735112
0.009972212615089933
0.010971185156461788
0.009787327805070845
0.010588874485328435
0.0078105790325631395
0.00791269891661654
0.007781683496334078
0.008480193086833792
0.00791819535974117
