0.056107486748840536
0.05551539681292222
0.05188995610738462
0.051494506538655754
0.04715653706796034
0.049090976554700766
0.05139606577613886
0.05236088847621692
0.05311573010732718
0.05116255917271302
0.04637505874840757
0.04282341714331011
0.0401669423438867
0.037665511950866024
0.036635446364437996
0.03554998553203135
0.036343623414316656
0.03846503073769424
0.03624918395384351
0.034750561054387535
0.03384287623487009
0.031777819584425736
0.02979592905131647
0.02984487834463741
0.030123886241156736
0.03004655689462681
0.02901505155909599
0.029206332215255437
0.0287094610227314
0.027840241297097317
0.027440069246454354
0.027283904646353888
0.02714274040374366
0.02691351364307104
0.026047737624350604
0.02589972486234073
0.024981554184950346
0.02468694650130313
0.026115300566325512
0.02563682083446543
0.025917523505905454
0.026993555909385538
0.02324771280412368
0.024369137744327245
0.024116050529612323
0.023389773189057758
0.022479533709845623
0.02120997922341239
0.018149420337422468
0.016168448642930287
0.014814075585775983
0.01246465575582139
0.01154742189034615
0.011452933615898962
0.01186922025310134
0.011447659086000917
0.00922558039586046
0.007322795203706406
0.005729632354542658
0.004245991431709535
0.004078082226012637
0.004906288590218891
0.005126769956535743
