0.053251517266257514
0.05505984384280164
0.04621755635980974
0.045587014945781934
0.04530932592315209
0.04869687161772024
0.04762839009907809
0.04469780660414862
0.03990787721538786
0.036847213673759475
0.035991074633022355
0.03484605071562359
0.03333447376042251
0.0326846595580966
0.03331644002799604
0.03312225026720251
0.03354037368510231
0.03357299945972479
0.0335022996385439
0.03306327170506156
0.030757045200058297
0.02970947178828388
0.02970925602051505
0.029558571429030116
0.029399510918901778
0.02981577443996544
0.030838991785934553
0.031580386158443614
0.030004661737157264
0.029578265776210297
0.029715424939062512
0.030268878617093646
0.030575463977543522
0.02971183474512377
0.02983885969411123
0.029957115827720454
0.030028970963131254
0.029937429342747984
0.029505330696242074
0.028890322353819258
0.02839518734249657
0.028070653381334847
0.02809973715288391
0.02823272838173352
0.024042837036076993
0.02344889073092938
0.02372497043461304
0.022955844018366957
0.022252971034529362
0.02231873694623349
0.02162978705241078
0.021845389516368753
0.021812213104146338
0.020817533603067505
0.017969142250467945
0.014624036262017078
0.012872169546854613
0.012797995621661513
0.01293684601995649
0.010617124971345702
0.009599832737291139
0.008834273159314105
0.0071513731622691295
0.005857728746869433
0.004897624780995445
0.005588595736341685
0.005533553877268784
0.004678409745889323
0.004176374709146384
