0.054274974728510575
0.05591589284863099
0.05015736348943339
0.05001105693555999
0.04525739529042773
0.04493728916605289
0.049494490186176236
0.05016721184072012
0.048831320263047616
0.04391689974351495
0.04091524205254613
0.04054897141517185
0.04103860563952233
0.04196233432482788
0.03941837425652443
0.037802443829382915
0.0360774556985945
0.032981440444291944
0.029573452367790222
0.030631132850909175
0.031115304815693037
0.030821407813777457
0.029169836947387954
0.02824398471958033
0.026728170233486063
0.026107432041918885
0.026140884323955168
0.025359941513570343
0.02507102044762464
0.025236956869687174
0.02483153640268188
0.024571782362938156
0.024035807850978738
0.025548557031155304
0.024518029763574384
0.02400053014842747
0.02361909332540156
0.02311685696615844
0.021235911509581554
0.020301785644979007
0.01694859958740899
0.016558577463943406
0.01587112787787217
0.01498031633889811
0.011188905661683025
0.010468034282992264
0.008817402345823087
0.009630537721129961
0.009744333897094705
0.006623845296225286
0.004945904247194586
0.004733948756218312
0.0048459443066689286
0.003540518821909801
0.0032134325555993833
0.003856688165701009
0.005252523046802821
0.00509427102541821
