0.05563519346665978
0.05491370722595789
0.05106841288180348
0.0509678249846157
0.05196057864760645
0.051301730215492114
0.0503347669903146
0.04872402648637569
0.04755984397335536
0.042676222543692126
0.042349991295844394
0.04332649859432754
0.042502459610501045
0.04163567672124648
0.038130872473526686
0.03317447190664922
0.030356755776526165
0.02877126035015579
0.025796440566371377
0.026436247954436998
0.027310169344577112
0.027313505531327897
0.026693891526760063
0.027323692382888662
0.02842297154008079
0.0284840700664928
0.02861542304551346
0.028565903689874664
0.028673371955539022
0.02976111312311222
0.028181314804801804
0.02587149869973114
0.02426504651312429
0.021165635855722946
0.021426511211664053
0.020344767235957135
0.02073688880433814
0.017365941602453337
0.018225568263696142
0.017278007639347583
0.01667829679038651
0.015230762513465916
0.014163823320359448
0.013711047276294281
0.013052165897431979
0.012519778640780601
0.011768595511078426
0.010062058652821396
0.009872514392436915
0.009532224345966088
0.0076202250959608855
0.006475305251170874
0.005981573417213246
0.005961562139656036
0.005935760440152333
0.0059418567187165105
0.006016661146305572
0.006003721674058721
0.006011381643964721
0.005993342644684535
0.004661399268439782
0.00310828737846049
0.0028883061307091048
0.002831167773634813
0.0026381792872845707
