0.05837000764013794
0.05578197717573642
0.044204634747808336
0.04212470156434959
0.0429807570537417
0.05116962674610131
0.051871404090997414
0.044502911630371116
0.03922574793366652
0.035257622302209864
0.030199709753280672
0.03134816005229196
0.029480962863608982
0.031460058661086775
0.028154669561600208
0.027159827512740677
0.025268288962785036
0.025414290768324986
0.02460121707211181
0.02486646819356004
0.024109787370054432
0.023298924900478902
0.023458340496067587
0.022935634224427646
0.02270762993966672
0.02250194252438085
0.022414358361412624
0.02181904623348649
0.021864383674545015
0.021142066633816726
0.020293914973048253
0.019971267723118708
0.01988725563356139
0.019956187103775242
0.020307867349319744
0.02146150480466581
0.021924910298777755
0.023262071862037232
0.011948360794796269
0.013198246359716023
0.016923722354676797
0.01736697660693391
0.01570236162817943
0.012343823753128076
0.010939722158332665
0.010484653658738251
0.010548959591262307
0.01110567013507776
0.011929504809221505
0.013036318599648744
0.013248454514165694
0.015541893879986748
0.017904134922917002
0.011930837552913255
0.01554622886394291
0.016140061382202805
0.01592362707953108
0.015626675649343214
0.015366430821743438
0.014984647432780112
