0.0584382692683441
0.058338640869989064
0.05541021538786693
0.05644553671977519
0.053792280554863584
0.05047073935635539
0.053343459970203046
0.05420667513918982
0.05415469948721887
0.05351970425412963
0.050287411002620255
0.04516294079242554
0.036889773629778994
0.0343285374692693
0.032346533654595715
0.0304905135337968
0.03015066137075164
0.026490626457282285
0.018362568427437248
0.015985044236507866
0.01731217038665489
0.017879316930611178
0.01797347196078907
0.016300819332898515
0.014697921656326518
0.013261812222375319
0.012556402338602918
0.01317525904572959
0.013220530872100943
0.01318757807601575
0.013320462314358622
0.013399721515875157
0.012990184838175529
0.0121852142489786
0.010809441515342253
0.010941085408150501
0.01059599693913283
0.01076964074956568
0.011433198478678889
0.01291712256555731
0.013665325632207135
0.0128718120597926
0.013165594242928314
0.013530785117403793
0.013311874660627339
0.012381983314789378
0.01099008297640706
0.00843478727177565
0.009891542256365404
0.00994494583535145
0.009181143618742657
0.012012199952281281
0.006846049979269666
0.0063734881001749075
