0.05310681580155492
0.053692472150237806
0.04793270349648991
0.04731589914129094
0.04842120729268762
0.05073151202830005
0.052647891184232555
0.05211363277912606
0.04774009743521176
0.04600406273595909
0.04147479044439576
0.04020881021368248
0.03793472303691666
0.03611509683054561
0.03540661738079354
0.03305590216937282
0.0332412817210672
0.031501842908165996
0.031129096696658646
0.03147639645404947
0.03173081303816434
0.030278271695485148
0.028087659709793832
0.026321881850177153
0.025110379942077973
0.024091510093131933
0.023456097309025124
0.023254773337639357
0.02260259533408281
0.022570173537905282
0.023212036497474955
0.024913696832170828
0.026202948151456157
0.027842114629090385
0.028679845989295908
0.029650189471363192
0.02586348366247289
0.025247792481685044
0.024675351873573836
0.02459211405773383
0.022007847093507872
0.02109535722185054
0.02070021437761578
0.02026494903592999
0.020331914803386256
0.0197393204503833
0.01956485418235548
0.019441100598512263
0.02000511334188509
0.021428186951680816
0.01909609897610096
0.019240495637041034
0.01932132552782875
0.01927986807320301
0.019259322254174083
0.019263767352700616
0.01924659386221167
0.019255332289489672
0.01946681427993655
0.02049149183550634
0.021156661404545047
0.021290519265432628
0.020928610864837573
0.020924986786400385
0.02126093236793583
0.021234577304627352
0.02170888817857784
0.02164452362736278
0.020450372544768152
0.020131569900403507
0.019482061029099777
0.01727822266651926
0.016450233744478945
0.016275646988128948
0.01574954959209085
0.013737890476660377
0.012183343788753529
0.012016022263931104
0.012453534695841557
0.013717508480882589
0.012475481611856779
0.012220613221963186
0.011818253507078427
0.010043291530742649
0.008323380710429797
0.007421065138309402
0.006705706391436805
0.006092493523492627
0.004828164294951886
0.004698801521396886
0.004257725806008932
