0.05588312633996065
0.05387138493730942
0.05205647655192338
0.05145912148596862
0.04945787889730138
0.049628651744154345
0.05131113403874917
0.05199271280266124
0.05078318407011978
0.049140929589405614
0.047057325603539375
0.040625208437953
0.03818472564020744
0.0366359398627601
0.03156695779082909
0.0291035722062218
0.02446206104216568
0.02475477772211273
0.025688253388450315
0.02438396297573162
0.02359450116121867
0.022813005318476028
0.02344017517967465
0.023806563790214577
0.024261534674538638
0.0243458582398389
0.024349222180593162
0.025085854978246808
0.025726628780238927
0.026115285663785896
0.02657628394682612
0.027142347880258717
0.02803366845027734
0.028823495922251505
0.029216632719375853
0.029421193449868585
0.02969023122861961
0.029384186586399772
0.027672507368771755
0.02608773935420129
0.025005759804069362
0.022179385787052187
0.02006259918081204
0.016911211657280156
0.017009024768710045
0.014660474292103846
0.01464351469568244
0.01515156994319738
0.0160559242942352
0.017716251127824177
0.018201425469540608
0.018602502620087606
0.017972264045255613
0.017208141624901478
0.014915127167786462
0.014720977370770673
0.012649627394704606
0.013466619987398565
0.013437355820536777
0.01302123560544851
0.011390734012954186
0.00660294609056103
0.005938808548973131
0.006211340764809773
0.00598456941785522
0.006133841659343751
0.006672210514296863
0.006956106606079788
0.007035736560433556
0.0067855581726416325
0.006552045480327402
0.006657302459088954
0.005853834778102531
0.005614310936804258
