0.054924890920546116
0.0558739228372764
0.048385991756169325
0.0482731994562599
0.04979739779039703
0.051246690093593554
0.05145558021842632
0.0488060947519554
0.04605609302310759
0.04237720036943882
0.0436398137602958
0.041709879144519325
0.038275754937024016
0.03644950483125309
0.03224876853443115
0.03105005228469657
0.029405557996913058
0.032753309888874385
0.033016500229040256
0.030635265053902072
0.023305089058149535
0.02031067229851181
0.016464177253717675
0.016964878838093698
0.013650411550014561
0.013457942114808899
0.015528278347232378
0.0179917733866586
0.019012160469124795
0.020175956905425445
0.02132131780541609
0.02231855441850434
0.022830745114022583
0.022878627776832187
0.022227970098954362
0.022096067002531927
0.021746989878242196
0.02047213232143267
0.018011990909481808
0.013399569705057193
0.009785464696516463
0.009351901513975087
0.009806850172642717
0.0092080198451833
0.010053964668199368
0.010468513915049396
0.012132787378503361
0.013214590212000207
0.013706654753646736
0.009606894078296485
0.009337650817954795
0.00934649631667609
0.008750287164696087
0.008730109201031549
0.007995520965345409
0.006635366070217774
0.0057217866587475925
0.005991144805861974
0.00710027322771864
0.006955636667534279
