0.05444281152814899
0.05506383494949047
0.04786472071831784
0.04608321667496882
0.04600892401471658
0.0515814925500061
0.05260043140737478
0.05110976341900276
0.046258434432610525
0.04223116546312349
0.042665231102337324
0.039227564952635546
0.03917668440957344
0.033820324310726894
0.033191769160936545
0.032752550343015475
0.0318782559280557
0.028096353301640908
0.02432790524259546
0.02298665690041609
0.022243557124601302
0.02334283297797822
0.023108721941508762
0.023312564406173634
0.022947182233899823
0.021348740285285918
0.019518396018908153
0.017209953292310252
0.013361149493663925
0.013647671959155469
0.012877170205031995
0.013078530072592331
0.012480942889744641
0.011845467962019265
0.011975509582311826
0.010086603078924608
0.008744870287374393
0.008348404358178713
0.00792715817864089
0.007623654848206654
0.0071949152909765324
0.006975568892869955
0.007213494375641229
0.007239165561504297
0.006953885027844208
