0.05541936835524817
0.05588813771628327
0.05455955931822672
0.055331936259824806
0.05292835737860621
0.04897444871831279
0.04433941879766451
0.045629919307645955
0.04367746158962468
0.04478729245857176
0.04119358114180859
0.039495531610912335
0.04002491892282778
0.0395334074401926
0.03645622546842941
0.0332766438932047
0.026901222223941305
0.02319585786404919
0.0185908742546909
0.01649389980885424
0.015996993154071434
0.016827682333820156
0.01818751717228459
0.018385898207499946
0.017913984605627483
0.01739630898078467
0.017159778849502365
0.017112953443522993
0.016894676435627507
0.016622858108950228
0.0162537285667944
0.015997568603495223
0.015486816068508089
0.015364105839498788
0.015311644395829407
0.015331349093162725
0.014954370727078881
0.014036437855017007
0.013958689174899619
0.013484024959603347
0.01291784583075545
0.014453325939112551
0.015211249370168897
0.015209728252623917
0.014771630924433145
0.014451447243321749
0.014851156537694716
0.015025762259538014
0.015245886142642351
0.013882552006160127
0.012863744480550774
0.01246930596996621
0.010950776890314892
0.012328533508155522
0.008547781607474776
0.009982016057437522
0.014256665114445757
0.02031010932318596
0.024125754207369517
0.025858635402985136
0.012586001045341858
0.011550958479495986
0.010423505044201722
