0.05513326586515962
0.055357603551761
0.04821547446321469
0.048108255084471786
0.047235091232960276
0.049045282873597586
0.0505432922937084
0.04979558513885179
0.04745299328988966
0.04671377530742957
0.043823413485364636
0.03768378705678443
0.03719959236289861
0.03759632351659553
0.03868046609352836
0.03596795039563168
0.03644403465998243
0.035224236167562525
0.03491412718947179
0.03358698571978784
0.031328309142759275
0.03068346786580506
0.030659708277090254
0.030353391491948434
0.028590249410628165
0.02556965711878261
0.023171869201868703
0.02267410417878317
0.020857217940022467
0.0196577643418301
0.019699447639160265
0.019536468297204505
0.018612420494196688
0.018298269425109683
0.01869542100196904
0.01931273448344161
0.020312470256502683
0.021605657626556883
0.02224291747803789
0.02370680123931957
0.02409469255183133
0.024759930580327643
0.024678647666338545
0.023974377047128112
0.022425375306161243
0.019178671297621894
0.016469515182565703
0.014814918116527699
0.014412712026714897
0.014698930856055713
0.011100626464750386
0.007804293120719924
0.007671113496125523
0.009089531827952337
0.008171039172339715
