0.052541445347452864
0.05055308263221148
0.0468424143806414
0.04651666400511377
0.049621174070751964
0.05428832735574122
0.05142906273448034
0.0445711843204138
0.041826066671581716
0.038463879234683925
0.03849489009075
0.0383065236826009
0.03913866983319853
0.03889945549568299
0.037883171875763684
0.03645964105152382
0.03583728790213823
0.03486700090224965
0.03196353872958012
0.03046125007496394
0.028542286540231703
0.026765202094610505
0.024191753712347774
0.024096136695491818
0.02600990093186924
0.028160853750085806
0.02975415409324574
0.030368786302470162
0.030524325676033776
0.030662551299586924
0.030281564328182256
0.030068313012425844
0.026412497097216825
0.02210300623434462
0.02182853321736832
0.021708458736477473
0.021605185354025256
0.02166787041338065
0.02390948327443323
0.024242763019087406
0.021756128119513083
0.021517778941865368
0.02072339295875632
0.019773032007468105
0.02022487943692686
0.018830377394793717
0.017012311043938477
0.016441812613179795
0.015774729189462287
0.015515498348208975
0.015430849791907616
0.013479318404989405
0.012272135149850415
0.010686920760824762
0.009208572041480744
0.00841406626933873
0.008289847179216693
0.008413249522770337
0.008596866814532332
0.008421131325425373
0.006161471514915824
0.005301259493237783
0.004566356706981676
0.0038330790759798653
0.003646855638582176
0.0036732193092975695
0.0034014047725139797
