0.06527002254059387
0.06552818798705143
0.0655041153831712
0.06551587175093992
0.06477445131338752
0.0643459165148343
0.06310388626765027
0.05587222344326748
0.057014206424899065
0.05939380614793942
0.0614813351267586
0.06212926485959147
0.06152161587703131
0.06121649449841355
0.059854372968500345
0.05921265997682232
0.06148526835838918
0.05896409594392688
0.05810631446741816
0.05731740575141237
0.05364193210634475
0.05286619696278287
0.05351030827303658
0.05380307315162321
0.05404200843910641
0.05550555134554174
0.05667477841019789
0.05679027151868338
0.05501958440264258
0.054806039031356064
0.054471445964645406
0.05453045208046467
0.05394754489603904
0.0535658392742024
0.05378733903697725
0.051122888128887795
0.050968523279511624
0.05145048570652184
0.04963669553110618
0.04860442016341654
0.045488079649323505
0.04345903432820107
0.04334266122967069
0.04239213780883068
0.043532736467568556
0.0437922040291529
0.04345350492613704
0.043042529905527316
0.04340632948972672
0.040263635523080925
0.038046896701968064
0.03813241876620313
0.03814124382392292
0.037532812433174315
0.03788468536989199
0.038322096265946654
0.03749771394497044
0.037172272426951966
0.03639494797003118
0.03543246228801141
0.037277474303283736
0.036665932044724237
0.03797719814187051
0.0374550811148162
0.035015817735316715
0.034421124133848124
0.033972289046552626
0.034515134796422785
0.035273022469853976
0.034368370524727083
0.0326302080697563
0.031868985821820094
0.03141138345357932
0.03073280602166225
0.03114378132852512
0.03158924887445309
0.02933932083970757
0.03283393129647918
0.03382784041546297
0.027640083354102153
0.016560059442815873
0.014620689702221247
0.015982074452419007
0.01642862476743325
0.015494091438828623
0.015963530439140408
0.01572465435434979
0.01570303591667125
0.0172045972123478
0.011829509418974137
0.012000557636862861
0.01117443515794067
0.01086252596087036
0.011239828996424917
0.011898549267995152
0.0071518531593997
0.006906699210025749
0.004443805289756776
0.004097712401578083
0.004138852168452989
