0.06538244131884839
0.0659379891390101
0.06510323505289886
0.06568380682931829
0.06477819549804685
0.06398449749037821
0.061317428686109184
0.053265262326852615
0.052563381407767534
0.0608328855874075
0.06086136457288316
0.059472406013753476
0.05782848000982329
0.055714073126280614
0.05771075551823694
0.05686129434255099
0.057291845766834826
0.053389445059655045
0.0530637376878672
0.053044464848363615
0.052543185329159484
0.052647135864338494
0.05194587408866733
0.05262074436168504
0.0515092518413103
0.051326255353332635
0.05181458022799679
0.051666875309664975
0.050821325930848316
0.05127036675620422
0.05024123096664727
0.0496948783197908
0.049887028423157766
0.049753347912709626
0.0488678639789476
0.04972205375994737
0.04801686390029396
0.04969580856101122
0.04624409083619147
0.04479960966597142
0.043600247072073016
0.04517631363248899
0.04628536099938238
0.04632611742650638
0.04392006001288795
0.04295691760306089
0.04259785571063806
0.043085375729257934
0.04190409216235939
0.041777834963589174
0.041942380329914375
0.0422109656599852
0.0415239716760706
0.04129533175830848
0.040909786747937466
0.040628980188750795
0.03939581601582025
0.03614751661614923
0.036156743901608085
0.03750175031704951
0.03336535711176858
0.03363223978445418
0.026993264154242455
0.02431174811255377
0.023250154955390553
0.023168720001395637
0.022388355719893963
0.021348045348881312
0.021392046492057077
0.021419576858334136
0.020732211693550114
0.02116781091991399
0.023172370396169102
0.022291605545298826
0.022275523383613452
0.019621692237210497
0.019331295353945798
0.021560875565041344
0.02205953997271564
0.023192130478320333
0.026096513372492674
0.024617622227763477
0.023960616683100122
0.02391902810965687
0.024206094418657193
0.024333682052375526
0.024224621436943688
0.02292675836065418
0.021478664500258565
0.02147866456897395
0.019987179917342005
0.018686309451305352
0.01871928876827976
0.018605963209101906
0.018743789682463555
0.018741168976366095
0.01879508936314729
0.01842478324845487
0.01866328248221414
0.01681933545970525
0.010774289191874186
0.008365135704708083
0.007057001444165483
0.004625172530298607
0.004132319036665997
0.0035306072492582315
0.00391062063493431
0.004255451314030612
0.0029008318227328467
0.0031410804592394313
0.0031483958602803157
0.0038132617031861956
0.003743866056553205
0.003875216029242789
