0.0661022712717447
0.06548459581233869
0.062211556813493954
0.06117067651164136
0.06536891627234875
0.06531584990209748
0.06443813940086239
0.06437320291117589
0.063396067406419
0.06176103284051312
0.06160330076394487
0.05952258237030754
0.060271367394216416
0.060601184597025126
0.06180946239624382
0.06119610769507098
0.055732235451228365
0.05700511214037516
0.05403880437068188
0.051195202657231036
0.05169187663958515
0.051941536427236534
0.051546287510445654
0.05178216867579173
0.052002982148313864
0.049443627612086205
0.04718998510136265
0.0453083375386985
0.04449525230175291
0.043414570185302155
0.04228661657020184
0.04172922524988353
0.041226059964310446
0.040829047954686525
0.04065924772521273
0.04166179827741109
0.04048783054249432
0.04143821569035548
0.04114995412020597
0.04132497215757721
0.040191459309179334
0.03889409200459166
0.03788290803331494
0.03591409629690502
0.03201158986907196
0.0303946541217325
0.029718823340947043
0.03011880186514584
0.030298729731226753
0.03153481863397899
0.031962729664840685
0.031892636606533575
0.0311515011132945
0.03218369265151598
0.03238296884673742
0.030043643410854196
0.030045908226614487
0.029969013998965396
0.02970112224461829
0.02867193088945316
0.030459057798635544
0.029161803008081133
0.0290032282959898
0.029948511795802532
0.027979931161316196
0.021732987962685815
0.014953494069938674
0.012965600261932147
0.012153503331834785
0.008352858623914411
0.008615246555539812
0.008346630354246489
0.007687962840694797
0.007959311744772017
0.007869865318170884
0.00897927759872942
0.008827958302042976
0.006667543931758343
0.005846716884778618
0.005555469763859568
0.004817580897578247
0.004555003655534613
