0.06574760682750103
0.06597346299248266
0.06572880660895916
0.0659171996255813
0.0637496485217576
0.06304356178580775
0.060966747188180154
0.054830520838464444
0.10439089592574279
0.06051279480583026
0.0613218608533528
0.05980353064044608
0.05936698326594202
0.05817382677942569
0.05806986531828727
0.05631790921855335
0.05632425198811419
0.05057193704958531
0.049891548742357794
0.049799138157582364
0.04996811546198817
0.04964538791247206
0.050663681705484055
0.051412661274706506
0.052256527314417496
0.052176827284396265
0.053132097268356084
0.053154640139566785
0.05178921958582609
0.05082969457256528
0.04921904711117417
0.048280456631573744
0.04876365479689302
0.0485316994640705
0.047177539009958074
0.045658417092216956
0.04429019720238429
0.04454732796206103
0.04067418739325964
0.03796916925769286
0.038284572278660695
0.03915199391302307
0.04044498577787497
0.04128182585524991
0.04098054938431775
0.040744203235541086
0.04067092106137603
0.03957507090884651
0.04027772452154005
0.0413250121164816
0.04064949133262645
0.04123747702514425
0.03902294597514032
0.035426256285436
0.03252678243968172
0.031995537606907355
0.030997125099406244
0.02843575097079382
0.02807719322177202
0.026523570189706313
0.029432592376305897
0.02982792180822651
0.027963181361969527
0.028245226531799932
0.02844926589836184
0.03016643892679892
0.030615495859119945
0.03036023209416294
0.029718134317262203
0.030555629470164
0.03110745256924139
0.03033159059986858
0.02990882845185664
0.029895039304412382
0.028984673149165297
0.027172892387250184
0.025974617118625483
0.023419822330302768
0.021960353025123554
0.020454684513129786
0.017999505686231456
0.01708017055409806
0.01911089501905859
0.021139311552198243
0.023900511638358542
0.024089082210776908
0.023915626218930053
0.023882941322464084
0.024820118635646527
0.025643666347757093
0.0256872382238854
0.02431815882409736
0.02522532891129296
0.024639620720404404
0.02288498793893928
0.0224967915172811
0.023306510685809658
0.02412558412640172
0.024522754701504692
0.02473472683232708
0.022426783848627726
0.015108202755047793
0.01146401185811988
0.008144049743252602
0.004024330986668681
0.004637062611694331
0.003990709884315657
0.003171381012737601
