0.06732818698313062
0.0672545400361509
0.065723158143647
0.06034548863506732
0.06664611209412168
0.06553563230209673
0.05185572130921046
0.05250900592151168
0.0738275009696157
0.06004394862945563
0.05948942605519817
0.05772969904668123
0.056743496872814776
0.0535964619523481
0.053029926896927905
0.05037766484550937
0.053376030017887016
0.05443647362576346
0.05119223135391533
0.048643266363676066
0.048539468244857456
0.048839229832643945
0.04241780708546008
0.04335156544854977
0.042130305833056964
0.041670850952597
0.0417657103928391
0.03992716959009965
0.04109422566807505
0.03965814812497116
0.03833786479434165
0.036689901032791086
0.037160916832507634
0.03655703302175864
0.036151784123797485
0.03751011761152529
0.03664971385861172
0.03669575413767518
0.03368809224722988
0.03323428081644235
0.03112071611881343
0.03207154323938602
0.03013411768944887
0.028383377221618284
0.02730831832754204
0.026996068885650076
0.0218973543583601
0.01702754104492518
0.01694906120204101
0.015960512802130695
0.015834808329884584
0.015938459871104586
0.0160225201297584
0.016109470457264876
0.01572457712268153
0.015894907984334912
0.015731827956168697
0.01626400145248242
0.016757204813725272
0.016853488488726243
0.014089026205399164
0.013187680176078718
0.01148121533280271
0.007048113703950155
0.006006281901701195
0.005746208891763823
0.0057508231671385265
0.005571500793226066
0.004526520995790714
0.0037458175230607694
0.0034603777657979187
0.0035889426255514955
0.005961790838842891
0.007571245343425084
0.009316047257089571
0.011836423545276253
