0.06589918633959907
0.06525132732974671
0.06563615065271002
0.05644356370321422
0.06402848868952875
0.06136401653814693
0.0604198802487924
0.05008353036623835
0.055996455185434654
0.05960694497098393
0.05619941378150015
0.054369076942062396
0.05534670233430806
0.056083999065303265
0.05762225337475475
0.05542664438962185
0.055851267503040786
0.05904886008214304
0.05621989600811567
0.054088693208391964
0.05264053843061013
0.05141199137585291
0.049587564275089036
0.048391952876519415
0.04898559756402644
0.049244308035131065
0.049245085155700974
0.049070280625430764
0.05009571393605406
0.049473704377411325
0.04921043104589904
0.049586409912397565
0.04933937864515367
0.04978029085541467
0.0501112168515083
0.04998274850120875
0.050223304128906174
0.05095117379451231
0.050266550352992934
0.0506681392654651
0.05085943996744168
0.05118283418334661
0.04995439228434214
0.04896859924440102
0.047070837467981845
0.04363958034291453
0.04298583716304546
0.038121024250199864
0.03736695023890707
0.03551028832950371
0.036756200803617405
0.04070311698755127
0.037965739273122245
0.03835596205926516
0.036940311088798916
0.03762511052644037
0.03499474663644563
0.03553341321599481
0.03495144782835631
0.034008428427625456
0.030597898499387363
0.029173010019375605
0.026477280347442622
0.025844550959875593
0.02379813976198258
0.02425675353236245
0.02316827131773518
0.023440553632379454
0.023136556083084826
0.022687990144967335
0.02256168817291314
0.02223363019743295
0.02354845218975121
0.02298779693679491
0.023221525435535458
0.023705481950497577
0.0235153453030246
0.023608275220523656
0.022590105595216698
0.020867318303832733
0.021327371803379597
0.018450232202194553
0.01606787927432002
0.015214343454305137
0.010496747171332194
0.010053111278979785
0.012579765418605546
0.011194438606981076
0.008148364213572297
0.008529289586349102
0.0065824040138208325
0.007046584196850346
0.008077598832518596
0.0074565077883461854
0.00745776924818252
0.009108309635777022
0.010473565179321926
0.011056467514476736
0.012641432842853345
0.01161984614619214
