0.06245399154037436
0.06620669415413115
0.053141593441410694
0.06501458447355515
0.06474902463302984
0.06524618922813251
0.057856019684083625
0.05150172378077417
0.049312627182891984
0.04526427534934911
0.052049563334833904
0.05052906981023279
0.0577770322890409
0.05880906340363134
0.048671662771119416
0.046465796937390294
0.046581175144738377
0.04770957987535755
0.04617550600474331
0.04700614206967528
0.047146540951611464
0.04697372243175363
0.046008131668241345
0.045129248931798385
0.04004666693746218
0.037866631554925985
0.03722767410275215
0.039286403985907103
0.039476781660159915
0.03891478254959961
0.036694465878018896
0.03564294880785557
0.0364948571291199
0.034857664714360165
0.03370915175112651
0.035469766405848605
0.03708960604675699
0.03506041014204674
0.03226625798413374
0.032297109266579214
0.03155094777123891
0.03319581909439847
0.03359268795014918
0.029580881904172407
0.028478871981335415
0.02870613065334071
0.02794409382398934
0.025717085922182924
0.024816673666474262
0.02539522110079593
0.02381073371512188
0.022818079813726803
0.021360480579234523
0.018818017697457202
0.01959715174815921
0.01661174896216481
0.007611358014689062
0.006434639570973859
0.006498516028295479
0.007219474732568069
0.005907739503691492
0.006171038478125293
0.005381304883137934
0.006162648996742943
0.005475488883028868
0.004246416072029109
