0.0658930419689194
0.06597515785601565
0.06580943499026885
0.0641894178940474
0.06404812381556121
0.06365108577967235
0.06474911725923205
0.06205527246702894
0.05342866037166713
0.053469983736988455
0.047123937238378634
0.0449934403563666
0.054049932573800495
0.05004477112690041
0.044884758548758695
0.044281467254923615
0.04726940581099322
0.044411266849557485
0.04395549525562938
0.043622242720782974
0.04372380337430756
0.0391570747172302
0.03849461612599145
0.04389273824185761
0.04641864956071419
0.045004299289237444
0.04295058166404189
0.03667956331087191
0.03859023993253558
0.03641567816764528
0.036078008595524486
0.034149195576692666
0.033001592892938816
0.033409539251862845
0.03291969884591892
0.0332072815675972
0.031579419419267216
0.030047203789592983
0.030924704198418803
0.02953812421913003
0.028690786862076118
0.028262171543727826
0.027691221262461
0.02729842911646578
0.026711196275822597
0.027972795911451485
0.026990318018419442
0.028900751777983427
0.029957234356354234
0.027796607774770308
0.026123036521366758
0.023978634157401233
0.023415414359981943
0.023655139113170166
0.023583962730407682
0.02401254105954531
0.023160406296824386
0.022867217855414155
0.022701492816754855
0.022671931321649085
0.022835817377019556
0.022560941460795306
0.02253886901313975
0.024310135792358627
0.020625121549295983
0.017622056009329062
0.015761332598879383
0.011861952703686356
0.012647980493607956
0.012673447091115515
0.01207121992531875
0.01157485101385639
0.009911037978282763
0.009133258213764553
0.0072986256294861425
0.0055375896158667386
0.006110697721779408
0.006479888739648784
0.004932859868758508
0.004971313971091529
0.005171671381515605
0.005565422103343025
0.007322353000265531
0.008498586175139234
0.007891457303209714
