0.06663888610894976
0.0664689382935405
0.06651774395527081
0.0642243279084295
0.0657654194509204
0.06455400136629778
0.06261529089624115
0.06083480670209034
0.05975455145071918
0.06063035037321124
0.06288004547777427
0.06224142614333116
0.0627747233523287
0.06090983617457838
0.05823485014587828
0.05719319808869194
0.05942830881768251
0.05669048807731651
0.05762006002233911
0.05615775884900155
0.05477039204962017
0.048191529368642017
0.04928599343017395
0.046611187076390725
0.03979452323272605
0.039908874214575396
0.042371213003847684
0.04282899470171515
0.04272406220207309
0.04166302663096378
0.041103630273405196
0.04119000292818017
0.0397803215194358
0.04052160626917368
0.04096148813284466
0.03948254909507764
0.037587300362712274
0.036794666297555303
0.036225505732327544
0.03487908317114864
0.03589995127318738
0.03694577562136516
0.037528066730907486
0.03647400694771221
0.03466135347121882
0.03369151390038394
0.030024163063075204
0.027225908565735497
0.026530596883152152
0.026564702885997393
0.02618738230216712
0.02715086559785615
0.027038342287560062
0.025099790244675558
0.024439753285487646
0.024306217904323787
0.025556287550000514
0.025535886494037062
0.025066432855210916
0.025088238051553663
0.02534509675736047
0.02545652045211997
0.02558247967978248
0.02578600472293064
0.02617316863908321
0.023422371332249843
0.026496050714688003
0.024652985452880624
0.023739567937560026
0.01765987107607195
0.013724143549265783
0.015305183995414156
0.014901784468300011
0.014477101957086605
0.014389494817971936
0.010697267664000318
0.011938359772502885
0.012225186488848065
0.013424115339742488
0.015590710992184773
0.0172429487216274
0.0113757658245694
0.012424842145197663
0.014423839180415145
0.011073395659641789
0.009291009471092852
0.008983425965910084
0.006028163755443665
0.005208696783849674
0.004523218389562165
0.0037203650306445813
0.004097517175149746
