0.06741152619500307
0.06749980008690505
0.0657998718145881
0.06641842898322407
0.0674066643065848
0.06673338376895628
0.06231863107793673
0.05831608160105883
0.05908773319936975
0.058759719549224446
0.05472950423229518
0.045072604975343954
0.04957131833979376
0.052870968679844976
0.05536133010978419
0.05219560667811489
0.053393469853578485
0.05154535811867671
0.04814940772570694
0.046175511998188166
0.04530338392396907
0.04892073054040216
0.045264619136655734
0.04355065605896123
0.04450343150767632
0.04414405545517322
0.04354909232938424
0.04316836408630753
0.04284313078427007
0.04176009268690006
0.04206147308556518
0.042451219870212824
0.04429087785877086
0.04159645297005669
0.04108219619281343
0.043872165189009577
0.040049563122167314
0.04170759143271467
0.04024146623517814
0.03912165620172146
0.03763111464916873
0.03593399184942206
0.034018553166369724
0.030001644131625253
0.027733624652652344
0.027592453316030906
0.026943167355574765
0.02641885852515582
0.02609570032538471
0.026019878268747194
0.026607071769212218
0.027057319212026733
0.02698518093332862
0.025654323075691446
0.025581620080031238
0.029721010660203936
0.027249945026944836
0.0274343924679695
0.027566361632036424
0.02618863193751876
0.025670292858378654
0.02560320176880093
0.025339982162727207
0.024345867072840824
0.023678361217149894
0.02356905297392422
0.023235832221109597
0.022729477118475262
0.02227250974333345
0.022174874315995307
0.02242252929233267
0.022900498206756773
0.023343168009487856
0.023575198947689644
0.0238623612282211
0.02486799172484144
0.02394411356421934
0.023864171690397326
0.022032394602048894
0.021976567847617295
0.021261151909031207
0.022142059676033214
0.02155145339284719
0.022425656193054595
0.02211837367936676
0.022112207943733673
0.02216206422823868
0.02146274322591973
0.021322516220535295
0.021628127529629136
0.021257999040035152
0.021322719760043775
0.021365310692771852
0.021053904158407157
0.02208767050947953
0.024488326265860488
0.02560404641610058
0.020973342010525843
0.02036950637999543
0.02042329318076052
0.020425903922154275
0.020406949546882033
0.02157979671500568
0.021333285933758776
0.02188556600652756
0.02147817823570494
0.022530993803112936
0.02007118030726855
0.020369474565243018
0.019331514410210485
0.01932956836472324
0.016881258231003175
0.01311441838101119
0.003943296352612546
0.0057131344032178375
0.0035641765095289837
