0.06680331558644403
0.06677963620259332
0.05381137232553901
0.06213303711010296
0.06358211820129098
0.05969852457350801
0.06217013793288935
0.049079421354030935
0.05119932724675312
0.05663075599893726
0.050756612794426906
0.05535938607170763
0.05576060564214817
0.04925831152568914
0.05332712339577459
0.049135213476153565
0.0478996202985712
0.045085478497176715
0.04567548494169269
0.045418450646273215
0.04620760301592205
0.04361666127341378
0.04519814203586317
0.04414326348165076
0.04282364891980344
0.04284327883451476
0.043282537186900505
0.04324363685798601
0.04396434713376261
0.044166631816719155
0.0416435707526516
0.038024421089330955
0.03574174135712753
0.03219811723356872
0.030001379574496563
0.028387842073901413
0.03245706475949448
0.03040029892036566
0.03016058275756119
0.03111534234272278
0.024889489778574195
0.02506655320788698
0.027133409513378864
0.027911442490947774
0.01815806621516088
0.017371249134611282
0.01753354315910716
0.016787706498438235
0.017779180983568215
0.014355900129123775
0.014331955362235737
0.014323670880017337
0.014714972221542208
0.015672895663293263
0.018195421079305434
0.018101218254670273
0.017519444763446194
0.01726926780398188
0.017190013827669406
0.01710764979914298
0.015147618326383498
0.015497963999500272
0.009218990785311852
0.007459764580014035
0.005662983886621481
0.00518723629040852
0.007398620053892324
0.00423293750207673
0.004195160443793484
0.004082217595966486
0.0035056490703334648
0.003860684544454071
0.004392655679534532
0.004079257961594618
0.002218984391330721
0.0020743187120244506
