0.0675253188284788
0.0675052074718121
0.06747948256514996
0.0650969241780302
0.06727902109732238
0.0672335324395427
0.06681479551179428
0.06480529231471234
0.059855299797390724
0.058352362535703896
0.08942539374228543
0.11541874503736277
0.060558525247134586
0.055962476970157625
0.05521505549844001
0.05399626927574761
0.051687714430335444
0.05507647573164891
0.05574241871587947
0.05295267147010407
0.04998112832181133
0.04939631851282599
0.04701270460708869
0.04670185670538422
0.047302448140892336
0.04810241208517914
0.04719614755204208
0.04620700580045128
0.046785026481348704
0.04813761399961049
0.04517701274192934
0.044797908042483
0.04402282866377255
0.04050610151003152
0.04198091397517473
0.04029497325584651
0.04075222509144201
0.040362564626245
0.0400677206370907
0.04061137625572183
0.04153720465862648
0.0417780590433204
0.0428194500583758
0.042013715722521265
0.038268309273290085
0.035658496960665004
0.035864559610259764
0.03289945199464128
0.03267384863530893
0.033224952818160576
0.030892697540543218
0.029763982566225616
0.028204849430127396
0.028909699572689122
0.0293612785982601
0.02781045523296758
0.018340823496682035
0.017339577998778104
0.017627915398984534
0.01780157885089698
0.017403663094206736
0.02041488917696452
0.01994929837459812
0.019996154590230353
0.01954242564282639
0.020047837734839976
0.02049701884589577
0.02195319334249267
0.020201694484888486
0.019182382182820975
0.018932382736307818
0.017209091116763917
0.01596383277977115
0.005105471174335476
0.006943162961901327
0.00722050042488988
0.005602729722266367
0.0059270042260317745
0.004492860661397177
0.004201520695277505
0.0038873468619813334
0.0036159600859098006
