0.06510272772133155
0.062063567190137676
0.0553962997831566
0.05488563927246191
0.05624233902964343
0.04889066393472485
0.05174930438727359
0.05378576638110244
0.04996470520601899
0.05142484140457531
0.052904639031312234
0.05030966640961057
0.04971280047862746
0.050292037792169904
0.04865267290651637
0.04909090409108813
0.04699656762033866
0.04686485447223092
0.04646742657115494
0.04794168898230971
0.04910073985892813
0.04903138086516224
0.05104380843412523
0.05043095932445585
0.04948556088828599
0.047172258552682464
0.044723553057339355
0.044080640964942755
0.04538768039806138
0.04318713740308761
0.04173601887090387
0.04060405620615883
0.04065346007115703
0.03987447229249475
0.0397034083970358
0.042073578132732846
0.04047268171656352
0.03946685298728192
0.03841162686392294
0.03624173692562956
0.0364166224474441
0.03427539625972021
0.0341304157282802
0.033828810470206805
0.03075160853988557
0.027988891938396016
0.02939606105371699
0.027165656149509162
0.02808383692234602
0.026972821148721078
0.02485596243743042
0.026154704191923932
0.02536401817095723
0.025460209944785726
0.02553351988809992
0.027147142210159528
0.02379695006843178
0.021638306123648386
0.020584900450891334
0.020391393514556967
0.014537453399126122
0.015975363496501277
0.013188991605802577
0.013495711363251922
0.013406417693322414
0.013938094064022091
0.009872714253601575
0.007184411244443967
0.0068329448088397865
0.005457960624905299
0.0027935653887479124
0.0028499215434868086
0.002997167097459746
