0.06698887061169169
0.06452483559691351
0.06167125073155073
0.06575966192019705
0.0642938521628333
0.06148754177413504
0.05735758941832081
0.05882579472141477
0.06071502800672947
0.06455873586413798
0.06477582491917952
0.063514980511119
0.06381195156095495
0.06261409419178438
0.06398914646483235
0.05551577525320658
0.05487447765608891
0.051941639155745345
0.047991761062550535
0.04662288516908064
0.04772439917641182
0.048008575887177385
0.047216204592570275
0.04416491811060871
0.04520620422049175
0.04605185140765148
0.045660892546491576
0.04534409025452683
0.04538760477820779
0.0466038928732771
0.04652459232982009
0.04669309979383015
0.043418233999117595
0.04318626546885702
0.04182380307871624
0.04233457776013039
0.04173188903204439
0.04192783131939328
0.043266779643181735
0.0427483103881091
0.043604213599179036
0.04284428106631358
0.04000756434055095
0.03779154001121189
0.038505343828985863
0.037196993042216804
0.03442075422971721
0.03608601742859042
0.034501656209624997
0.03253266884327097
0.028015594253504594
0.023801482037286745
0.023748688235832333
0.021665196222098004
0.021954357816608996
0.02219812721406263
0.024308522782590228
0.024402387748199215
0.024052175855641327
0.022952522344196133
0.022205903921632856
0.024179961211222595
0.024222561702639804
0.01453137141041488
0.013594617724199185
0.013717175973402813
0.014402907466416027
0.011671497751429928
0.01179634659805648
0.013020761163121092
0.01320447501155528
0.012572005127670803
0.010963402069647958
0.007637247350947158
0.006646925556810954
0.006721942538177074
0.006143303759088116
0.006756270872241264
0.010072418563465173
0.0037236399752995164
0.002908805527532024
0.0025349298382046867
0.002239987039781411
0.0021890251008873565
0.002214894925739018
0.002502166487698899
