0.06460872650947584
0.06187390704672229
0.05895130428154958
0.059205125231397274
0.06325171654035772
0.06104270748009323
0.05775279320090067
0.06299283578465618
0.04819198157903005
0.053937745401026124
0.04700041057500173
0.04449220041751745
0.04381927695869828
0.05088044169768774
0.053349943730451314
0.04963458193807609
0.04979094757975878
0.050929432989709866
0.050885454752882316
0.05204094768631085
0.049171547834066416
0.04801533714968458
0.04690708546070939
0.04462094193920893
0.044680637909614344
0.044768913339195034
0.04474847988009096
0.045341781409359565
0.045887262438952754
0.04648728497197996
0.04613807499034694
0.04626636655986555
0.045699844210475536
0.04569376431266237
0.04572448690269865
0.04514628648347434
0.0460246097702195
0.04586107019735773
0.0457005196369415
0.04449366643972386
0.04522882249731665
0.04444902586806265
0.044271751410281675
0.04242519615554654
0.04008210758669389
0.04042395010132494
0.04179705567749096
0.04132294191363759
0.040763164082852146
0.03968715393311559
0.03784052809666442
0.03749208353297101
0.03556611821777216
0.03491271514792648
0.03253600216624423
0.0289244902694745
0.02634381032170293
0.028161558937373904
0.027781576116013992
0.027691960714661765
0.02959079384302693
0.028564268967663668
0.02809277040153562
0.027173351309098117
0.02676860424748758
0.02677393417682358
0.027000257126854825
0.02710992891424013
0.0270120433856338
0.026872233520902154
0.0268706931133181
0.026244745509932766
0.026138805655758292
0.026659162688236916
0.023193465239734232
0.015475878401467259
0.008291211848039073
0.007842690396524134
0.007922474489705391
0.007924919206754904
0.008091503425020212
0.00823914916668538
0.006679872419553105
0.006348705382735859
0.006354693358405
0.006188196544991632
0.005596203352263494
0.0041753641334724145
0.0035050565970293963
0.003136146178255047
0.00281713209389339
