0.06716643941112786
0.06716643781626608
0.0626267198764209
0.05808770684197253
0.06294659582422943
0.06620165604056812
0.05710356441762509
0.05334088673293749
0.06591194778113565
0.07446109052688403
0.049270129015808975
0.052947561248866105
0.059631442648051224
0.055812165621412356
0.056827549284429596
0.050849483855447505
0.0472156596441199
0.04635565647077647
0.04556144435771939
0.0446487733926408
0.04461879680013323
0.04367773070360587
0.04416757130473933
0.044519872757125704
0.046267812663158256
0.04831064516051681
0.04779940986061083
0.0471677499855599
0.048354524845023054
0.048528910078631644
0.04799953180285909
0.04668818288589496
0.044323111004049766
0.04214559961818986
0.04090463318594453
0.04041016076817683
0.04189471689910062
0.04042300481429401
0.03666232024486785
0.03816054767597369
0.036507235689166626
0.03594094702839713
0.03607348682950525
0.03627636283692287
0.03678340183684562
0.03607884433264826
0.03364137919194809
0.030525584627369647
0.03141652946666173
0.031592231039970504
0.029799718888187325
0.029537641636760974
0.026908646370731024
0.02301390085429197
0.02323051458204463
0.018456363353469504
0.015301158146063169
0.015377512089333611
0.017099354477498108
0.014396526105814322
0.01357617712257156
0.011705124252773206
0.011621455105644352
0.011694470693384262
0.011724346210044069
0.012742966670568363
0.00885721404416587
0.009057127944845257
0.009083782622904388
0.009764245202554521
0.014644345981860662
0.010670102835385267
0.01091856398271767
0.005656460682947574
0.005107842164903365
0.004721697357091618
0.00463138402040917
0.004783480413074982
0.004710465608608154
0.005115283868519165
0.005841673274659178
0.0082544328487456
0.010226143200546612
0.003463069081336339
0.0029730330299420093
0.0026283934207124624
0.002789545793459293
0.002709941794693982
0.0028096629093385577
0.0020318251716252996
0.0020226190692112034
