0.06490173148569608
0.06461499728726236
0.06024861741650312
0.05800082333233107
0.06388906038574493
0.06292742544481059
0.05899677313182268
0.053118083241190335
0.04446581641196705
0.053835378865940905
0.055715993357459165
0.05396061551026192
0.05289608839646977
0.051087755952984856
0.05383658112164664
0.051948608703900945
0.05159535901584501
0.050052201488579785
0.0500277047242822
0.05045989559793693
0.04843662595717271
0.047479408887465796
0.04895926805683105
0.04773486276866061
0.04510560581914097
0.044435885688352876
0.042972460513540756
0.04387950684997524
0.04654723692041754
0.04725234200174369
0.045138157771894505
0.04506316252156549
0.04502715295974251
0.04481023565759487
0.0417995090631075
0.04183801189085567
0.04016691701711121
0.04212641890300095
0.03870443467171887
0.03911903511590237
0.03984839765613016
0.04102560332338302
0.04216953244049589
0.041975169971023886
0.041694332261839204
0.040900530851418516
0.03449685494743952
0.033671345394688634
0.03223875997484533
0.030572618889226046
0.03094383478285243
0.03058193272008424
0.031164967706470172
0.03215839163172667
0.03041166099628665
0.032472674055877636
0.03411092689735221
0.031981706897022684
0.031241511835748307
0.028692357050769612
0.025042580026904498
0.024903277939012456
0.01925102858546015
0.011593709702526824
0.008988939267899029
0.010572803566785995
0.015105181217383001
0.008211484257865553
0.0076963195040586786
0.008269175194374413
0.008029483782811864
0.007768968932150628
0.007715294185788569
0.005479601674962038
0.004889832942810973
0.0046914949797984724
0.0043314999922837195
0.004538947955373141
0.005332308719717586
0.005694909932953396
0.004914844090445848
0.00398279271370057
0.0039990738371314056
0.004031062872172158
0.00402049982113879
0.0038749277427026396
0.0037899416118218426
