0.06721119748936552
0.06703809787971032
0.06695746446899697
0.06635800405525977
0.06636675746440783
0.06544610259760492
0.06643470514501498
0.06269504124819114
0.06595979091505526
0.06673777677434008
0.0598594103079159
0.054500059732477714
0.05045491905860641
0.05317922691697817
0.05474526870776443
0.05706801944925215
0.05951773485518851
0.05572490005462042
0.0562021983812643
0.05530613888259222
0.055583719637851844
0.05298762550408654
0.054667535135670804
0.05458050720820897
0.054995277655642806
0.05039640308685898
0.04830038119220083
0.04788239504865574
0.04471396838173765
0.04094346594018899
0.03905499286338299
0.03894810614276374
0.040087242484616835
0.04130251652615447
0.03945052746231265
0.03415100905210344
0.035198130070243965
0.033806306356311794
0.03281999202222022
0.03298408184784933
0.031679934929720724
0.03319118512055592
0.036493914754725534
0.036605041594108496
0.0336401844814865
0.03319069777851711
0.03474829875839632
0.03217054916042777
0.03218137965253348
0.03045345239413135
0.0275230427448344
0.02711984538123545
0.0268431495957628
0.02660095190669716
0.026712672952053748
0.025439090800025967
0.0264448243034406
0.02671385053196555
0.026969542316669093
0.02684662077016958
0.02261546324159852
0.02343132389480105
0.022873150403535294
0.024987215550867622
0.027190237524327684
0.02305657540428776
0.021714518877676434
0.018082837108671465
0.01584580629759183
0.015630229585562972
0.013522410194852858
0.013734144521744627
0.013622166682079332
0.0139120663158343
0.014939798564904228
0.017990905091151203
0.015140405009207466
0.014499854340678029
0.015124747784911652
0.01588664458012609
0.016228125158845783
0.016173020466343113
0.016256699506649812
0.016019989596621313
0.013953171707239989
0.011987098002829629
0.01331874526278557
0.008999564591899321
0.006877369571064943
0.007528406732639106
0.00772617211437763
0.0068973361805990605
0.007252552272582891
0.006946651479660719
0.006741388500370177
0.005065932692195974
0.005213465449262568
0.003748262330260698
0.0029508358624133523
0.0030449865932188906
0.0031860692572024314
0.003101023676620079
