0.06496224903129458
0.06356051145105372
0.06358155511390919
0.058020631181317256
0.063258163175683
0.06423452103405686
0.05419078984055553
0.05548266737051262
0.07128883421387115
0.0609124037377299
0.05987440413756586
0.05947438791094065
0.05983558869754143
0.05708961843927719
0.05552285217742172
0.054957247238602396
0.05426644282189875
0.05630870027692654
0.05679430562543308
0.05327427630230338
0.05064533608697821
0.05039702991679291
0.04818378887123327
0.04746817786069608
0.04934478632167926
0.04869151098375881
0.04739305853915162
0.043729482095510565
0.04279186023501702
0.04274843634202855
0.04308716936802025
0.04386093315142804
0.03975546236732084
0.04047183140032522
0.04089120195414476
0.04095567916104901
0.040108794109625506
0.04095055438560246
0.04058485891306125
0.04107817862799113
0.041601889764788735
0.04191230334789714
0.041879971649594186
0.041992738475471046
0.04199065317004539
0.04199252350064197
0.04193622910745457
0.041975740555488264
0.044126648589323886
0.044005169346578166
0.04009695158695111
0.03892360098132916
0.034298089923662685
0.03383452385762618
0.033496129471380795
0.03472098344461942
0.03083178689124697
0.03259362236441903
0.03017054284398402
0.029361970695802906
0.026100940095723144
0.023951315224229493
0.022495687664218687
0.02296222920453045
0.02296835327570866
0.021028064701222628
0.021823941858935023
0.01963231794409784
0.019090589202540958
0.01748869825271387
0.01863229659369006
0.017630897345065625
0.01901669754045789
0.0163827663881232
0.0161774339160752
0.01403494249084294
0.014078873433098079
0.015540516727530098
0.014983695515204233
0.014848485207323037
0.014732606117764465
0.013887421775232542
0.014310750731375303
0.014153899743072473
0.013439055274788234
0.013157280047324294
0.01347629658089441
0.013033129675681621
0.010992873664253926
0.009805436752388316
0.011252135844300754
0.013841539481467971
0.0030163545076613667
