0.06309245663898069
0.06533641037978331
0.05447993565951018
0.05338094206371358
0.06251966914117582
0.062395783941888446
0.061464751803540656
0.06265171832089055
0.05798229268467269
0.056377663627657795
0.054727990443138294
0.049595953308181485
0.054697468881560025
0.05732912769970655
0.05701404056537793
0.05478359710492655
0.055360312340329836
0.057115390564105716
0.055951015759902446
0.056276581815147525
0.0566293160972418
0.05614247492980356
0.05487722715149919
0.051711522442190454
0.0510392802824231
0.051271568317819455
0.05036486586702406
0.04794368401495421
0.04667044721392191
0.04512910089111289
0.04459180265546242
0.04401746464691179
0.045291839418157356
0.04442451155582865
0.044174187369065886
0.04542870976374139
0.04512951698585173
0.04500278261458872
0.042387641429606396
0.04434159603223618
0.045540225431487114
0.04526466739876581
0.041673832364952486
0.041460856001026294
0.04200960687147316
0.041699080265148895
0.041733185714503775
0.04151785643276443
0.0413478023955678
0.041712082023535546
0.04218125437717142
0.04302057954617409
0.04248274333471021
0.04061694843532145
0.042060955708160874
0.040078434595758106
0.04155600353799136
0.042256228570100564
0.03712105299958973
0.03649182377419507
0.035580339573869246
0.033062378085686545
0.029501829460088683
0.029825412957066928
0.02956244267852838
0.02984707143139378
0.029427982784486443
0.028303384628253575
0.02877060825498064
0.027806617478787998
0.02210039254975869
0.0227720929768565
0.023971048309335528
0.02322946077627571
0.02236802784060255
0.024086716456591165
0.02379009623504152
0.016492592141727106
0.018730063911172944
0.019552417212404416
0.019723609829984085
0.020453731968588545
0.019933598508103074
0.019150810618578967
0.01861571554812248
0.01712249511996734
0.015613292348062665
0.014152071124335908
0.012436741270645956
0.009333807686870556
0.006425320780563725
0.0069716483725234864
0.0082469029702137
0.0048673001436818865
