0.06441552925284079
0.06550281891581712
0.061451864355519165
0.0629885384004633
0.059987323966267034
0.05932631537594716
0.05769994686442495
0.057406001470674754
0.059091756893783265
0.056921550664208724
0.05764230244885797
0.058127449851529886
0.05735820777529648
0.05735169400289378
0.05928491604576865
0.057630636998001784
0.057647908437463306
0.057178326437250106
0.05708189735983901
0.05719445192991071
0.05735765996547762
0.05420024976010153
0.054755282714811726
0.053764081182664576
0.05240850003133612
0.05337455821537141
0.05358154368037298
0.05359333079887012
0.053916785994961046
0.053075272841425616
0.05215071546025325
0.05201254351387345
0.05118496257574628
0.04955774130313648
0.047244791202340555
0.04649683313061908
0.0463530092669535
0.04682773885739234
0.044245412580531954
0.04520446652827527
0.04425338266163823
0.04342081888736894
0.043104737051351934
0.04306121107781543
0.042445789812611004
0.04149539448027715
0.042020792749422116
0.04112667225258861
0.04295657787791499
0.04387029126857679
0.04322716487793063
0.04359810090207296
0.042515461014620226
0.0415794037935423
0.04194648645181848
0.04213458332518058
0.04126182843185999
0.041896416589969614
0.04147652806203254
0.04149512308812429
0.040311993688636895
0.040410028691316026
0.04049989005862538
0.03858852545025148
0.04034263838830324
0.04094921601868039
0.036874531822385224
0.036483826467385995
0.03562508803643352
0.03596119802134225
0.03552141414843495
0.03582043586908204
0.03562834471117699
0.035613122863654416
0.03560785123536894
0.035342419137267406
0.03521336952649055
0.03575111009093334
0.03556283645290731
0.03571524403434227
0.033425040169636294
0.031808222163943994
0.03165517831287131
0.03054411064515086
0.030287829636534046
0.030674306408179346
0.03230348712158838
0.0330180048916619
0.032898968652162804
0.03334066709405404
0.0328271639216689
0.03268493678738239
0.03188492016443337
0.02195280272263662
0.01979952003931135
0.019320813416801245
0.01864428110603807
0.01936723506851797
0.021153107993229107
0.020871734030010435
0.02073985588137285
0.022454842588847466
0.022226775693198968
0.022930696781950102
0.019797989704094847
0.01924679048026252
0.019577185830021646
0.02001545230223383
0.019977716162602174
0.020198498225563393
0.01984125432795905
0.01945287416117375
0.019031877355528734
0.018011408194856925
0.01648353850380188
0.015866293716850645
0.011249657413392995
0.009545865038056834
0.0037658979657749377
0.003876676842456515
0.004434359189444016
0.004914534110846793
0.005601679103112157
0.006280278403708901
0.004794487435112305
0.005177222495718967
0.005141872805512171
0.004714151040285103
0.0042282923268537765
