0.06255488254080117
0.06458094194456357
0.049876526168229476
0.05572525644972679
0.054843628525926356
0.049439732491279816
0.054373081485792056
0.05525763766440499
0.06483998051505901
0.056932459008070625
0.05585115065993179
0.05275869039592488
0.051960313682119966
0.052015857789822
0.05348612723104652
0.05204555722609837
0.05323209652415387
0.04927514199738151
0.04807097641279361
0.046294930103060156
0.04569593312382976
0.045611682980223445
0.04562223550407527
0.04778063813504516
0.04728140426703817
0.047183731934995955
0.04668333178142127
0.046479604316631076
0.04651393347853766
0.046325324089699714
0.04571285818179088
0.04445621034387204
0.0446150665447896
0.04443241412270729
0.044728547569638476
0.045436115987019916
0.04510794769254576
0.042108430014425074
0.036573863096149184
0.03534729999520386
0.03604712032439971
0.03661537925801895
0.03683305283381694
0.03722786813183845
0.03493393351803917
0.033918947943613484
0.03381454692137193
0.03462819532478822
0.03646762541334227
0.03620278399389218
0.032559285258710276
0.030147109338278508
0.025641054979629613
0.024675320942628323
0.0240627647816873
0.02356496918017081
0.02313484641281647
0.026198706268643058
0.026559724164068547
0.02658732502047816
0.020885589418523105
0.020208341529371166
0.01980251839539278
0.01223035267772621
0.008901036914365416
0.00779806602459915
0.007389389344645506
0.0070200735383609695
0.0069618899537771
0.006970586316011317
0.006780776987867491
0.006715660252592292
0.007026809346098609
0.007757454409604495
0.009370938029243228
0.00676445645805375
0.006439979924366136
0.0049518854416628726
0.003590150399294364
0.0032289730236149446
0.0033653489692586796
0.0035793712467676103
0.005132552012388149
0.004012338551447249
0.003309837739475285
