0.06555416163791664
0.06557160126532145
0.0642106843338144
0.06450220406825143
0.06511090439292701
0.06488755131755283
0.05500122712785669
0.0583379495484984
0.06077222100259747
0.06263623753629176
0.06036125035963366
0.059674976899231284
0.05862698006633115
0.05777849329028166
0.06016706613748416
0.05928420699779148
0.0594158846172104
0.05920041499336881
0.060422368087659
0.05890462870503981
0.0581348330017513
0.053176519796895305
0.04706233849118982
0.040847248099805
0.039714240107298335
0.041980880649686456
0.04209628525583698
0.04194653985485382
0.04087995428089258
0.04137583003538829
0.03973721401162999
0.037659087832142495
0.03887976146035422
0.03855433891247402
0.03906944848797404
0.04106749058590963
0.037853466716577355
0.03774010207064997
0.03789599495650356
0.039617839569999286
0.038106262176644486
0.036298284218250064
0.03465419258418481
0.03138435072975808
0.03231840745463386
0.032972782181842956
0.03089052041103485
0.031698491318185126
0.029850797789273045
0.028521702091459777
0.023786717640845542
0.021906143506812432
0.022560727252527644
0.021357054399942076
0.020279749822592504
0.019900497368238068
0.016303630506494474
0.008415443147958227
0.006827604145812508
0.006968794625394648
0.007334188976440584
0.0072581505873361854
0.0077658865600549005
0.00607019017145103
0.005827957928923949
0.006093822912747451
0.0056460395300211574
0.0058742235760104525
0.005855849822547812
0.006555662023801945
0.007093128117484842
0.005547052882804579
0.0057956843908936835
0.0043843851505248
0.0035448924677070775
0.004121477499177319
0.0034271731182369037
0.002878638420020518
0.002778922833236402
0.002823871780253294
