0.06684273515670497
0.06684989692745369
0.0662061582565356
0.06570515015715576
0.06574414686294422
0.0663861967359941
0.06570179520170467
0.06346568297419189
0.0641448649981711
0.05974380979056569
0.05211471903600366
0.08654322041751127
0.059788618475706
0.06276163641687356
0.0627713101360487
0.060749396480869154
0.05698341305909409
0.057492271801658536
0.05706601320977492
0.055829282654102856
0.05426779130898395
0.05462018924458397
0.0509389109486855
0.0501374878373412
0.05052186509749184
0.04933962680569444
0.04796048549141364
0.04660472070665377
0.04673837029232112
0.049654845780476804
0.05058589120960196
0.050132747416774634
0.05105298954049363
0.050503777086415284
0.04706085810166007
0.043654995477028405
0.04187640844265778
0.04232815045051345
0.04299375996103794
0.03555728760025036
0.03517468435151494
0.03507339745623624
0.03609485180792113
0.035875368605196044
0.03521032870398576
0.035230586139407515
0.03705177336325348
0.03372960367344896
0.02919398967080477
0.028773466382401088
0.02912370297010657
0.026689592035694595
0.026199511164808766
0.02616491593308169
0.02682949111825242
0.02949248416730122
0.027847032569091663
0.027831110640949674
0.02767042751255193
0.027944972277876883
0.028497268877048253
0.025114996693588097
0.02363373473882748
0.02335431787689046
0.01836661785825722
0.01825524277886322
0.018816719197494683
0.019042305178205887
0.019775452204062526
0.019694485029752073
0.020529234517689267
0.0218874322670777
0.018504466611905288
0.018558037193823932
0.01908512744020815
0.018730793619521572
0.01871016160207092
0.020003978150533543
0.02041347105797593
0.019248154039333602
0.01765349267710885
0.018884507640403128
0.016808131270735077
0.016432847109530524
0.016065795859838326
0.015883094691905433
0.016019227615861446
0.01931818587891751
0.020948582992843825
0.024108395325539808
0.024171192371723355
0.023900249218596303
0.023682895619442076
0.020978930239599257
0.01649079280244502
0.01694542176223546
0.0165123191242013
0.011556206355145296
0.004828517921417144
0.0029827021320500014
0.0078036971675683325
0.002431324805160831
