0.06724149100617162
0.06706491312934988
0.066896001151041
0.0662116625372962
0.06535386514135783
0.0664718140555598
0.06449372556468512
0.0637810891077857
0.059759359962196626
0.058721697358384416
0.057073858184701474
0.04907169396002784
0.04537274936425684
0.056092959421077386
0.056716142535169205
0.05051648451140711
0.05046801752107886
0.04521402678255272
0.03930519340843303
0.03881885685446443
0.03852847165367894
0.03890892777483566
0.040565723038164435
0.04034589799085048
0.03948235705106436
0.04101338823434594
0.04002539841637192
0.03945435911891913
0.039449429432119626
0.04093120610245775
0.04036501607219912
0.039910133311179714
0.03990036854229359
0.039300243343369096
0.038933777990313855
0.03936718803464558
0.03678174615231879
0.03403115091909886
0.031952692023989204
0.029957147356647392
0.030588459193142976
0.029694704626708313
0.025348012813278805
0.02428700837706231
0.023853153943086
0.02333245884490452
0.023132157451211457
0.017493293108217168
0.0165838004299217
0.016852546484925044
0.009889364197184095
0.008122583712491667
0.00889259948895498
0.006792855456017174
0.0056137152400131006
0.0062640629869521285
0.00823316063991097
0.006324932474031173
0.007249475417565695
0.009312166603906975
0.009763009733805665
0.009198146523588318
0.008099183774059276
0.007219589794389884
