0.06333359898926379
0.06664273518623605
0.06495220692798388
0.06335571534934316
0.06512608317668267
0.06467726326569911
0.06545606952629056
0.05252546472855454
0.05744993525263674
0.05700380192116848
0.05807488458302643
0.05890701540801168
0.06420152097315002
0.06099644013349538
0.058345559039686024
0.058196037062817445
0.05861687660846366
0.05816715703776493
0.05481300657587375
0.053108328256106944
0.05081390682891212
0.0497771733219103
0.04432605096227764
0.04234444392659724
0.042465263864450195
0.043424881871562064
0.04276863027436031
0.04142374325687975
0.03833720064809244
0.039063190241046784
0.04028139947428236
0.03815702193959812
0.03324148029984151
0.03247052959489635
0.032741588481216985
0.033758372384259654
0.03170278881472251
0.031741135774603156
0.03459789159134986
0.03469084606894277
0.033876644189044146
0.033892217387997976
0.03430902106885135
0.03424858974534733
0.034580370317768123
0.033920870115868126
0.034331073860090405
0.03402562955964439
0.0340450935668219
0.03407984834095087
0.03416877447993927
0.033469622432888334
0.034117459054425134
0.03342114925651037
0.03213264890084152
0.034626545998524313
0.035139420990336415
0.02796586078063216
0.029853070981787525
0.03037473703643073
0.03036118760453038
0.030357958461954562
0.029397103904938937
0.02969146107336536
0.030126124484907778
0.029076762038525446
0.028543346667769344
0.025627716114435678
0.0228847222574968
0.021332599751223962
0.021696540694897546
0.021020163831328237
0.023258853738764892
0.020345522978584465
0.019978074193031093
0.019711112823958106
0.019448182674269503
0.021980440207533727
0.02285559222123349
0.02184973324124362
0.021761534857059353
0.020140657468490065
0.021696654317215062
0.02173996385149303
0.021075756556615543
0.021113944916492676
0.01966836601220525
0.019544374467752996
0.0198057715353117
0.020141662922364717
0.020948941965824943
0.02013366875930226
0.022473622863661263
0.016150367715727365
0.007438977731142835
0.007958306306514293
0.007193054072931225
0.00454168247395155
