0.06560150827372646
0.06566878609303028
0.06577203126181393
0.06594668622986405
0.06590735012301677
0.0657052556611935
0.06536067374271214
0.0642883180252816
0.06161167940943975
0.06245610013579038
0.05643939859482803
0.05157992432337331
0.05014918183242172
0.05132484035786922
0.05463128939138549
0.053523470129713306
0.05450079785853482
0.05004462122722925
0.048505791084700586
0.04784036361965634
0.047926030058859086
0.04864393860761373
0.04846926769120145
0.04788762123744598
0.048478994828586607
0.04846719158232635
0.04849792324604288
0.04823902376552767
0.04818433722960512
0.048775545375386524
0.04895368435836497
0.050231567700431086
0.05104549786019611
0.050368476681346426
0.05181101677075147
0.05116560687520144
0.05064158057806476
0.05071955789295409
0.05057767453596289
0.05022815031742739
0.05030286919657349
0.04953683447414089
0.04884782451502095
0.048294031398787594
0.04790016495462816
0.048469947965853334
0.04825636841940647
0.04624900329306383
0.046762940209660146
0.04484020057143423
0.04128612044971169
0.041600977910083534
0.04016272297429726
0.037526917072756044
0.03878010638367539
0.03466021973516621
0.033385843051025
0.033486222347007336
0.031498023292087826
0.03050610545361926
0.030049711440170376
0.031105560010412116
0.03044111342727449
0.03045959625359129
0.03045110554564297
0.02944690105311157
0.027470812899848665
0.02619455546189585
0.022599938732503235
0.022933080087493705
0.022418781217714946
0.021717546626330065
0.02179168667913923
0.021371705059274167
0.020893264149714777
0.02034559594782726
0.020710535633251953
0.02052989699685046
0.019742420288762778
0.01805265324840732
0.017891990514022908
0.01858328843020911
0.012273806381674794
0.010852523067748924
0.008836182803070925
0.008877389904956151
0.006846827507271067
0.007047988658134064
0.007143417063083115
0.009688112974103165
0.008609464355173294
0.006610359526127751
0.007080890889131707
0.006407812283604568
0.005479698980281852
0.0038837012225152907
0.0036970262015889495
0.004037132642838933
0.0038126248167368927
