0.06203149817138574
0.06406744905503228
0.05587783660692475
0.05841419785765057
0.046449810023279386
0.03708031493393655
0.05584122336102358
0.05959219417782818
0.05409648467732472
0.05602056613723332
0.056193536570496305
0.0525682288809044
0.052466615247360904
0.05309593373968399
0.05233107005202199
0.05203520927495133
0.047528140033307964
0.04828328658749177
0.04933171068653164
0.04995171963537482
0.049614128662917506
0.04919904828916698
0.0483818334410029
0.04747691827659168
0.04696638745917813
0.04601309484487165
0.04516831609011415
0.04431844229370018
0.04326355256180571
0.03975340511913612
0.03752796993897889
0.036271716955130394
0.03501813353116593
0.032936515388850854
0.03267491001127778
0.033652630523485993
0.033568489082912434
0.03675342933351276
0.03596625954858777
0.03271171844172309
0.03361155768852863
0.033900506491402166
0.03384398747663343
0.03207684318096026
0.02808399926735613
0.026672003644665404
0.026779777836291214
0.026048759286639567
0.025575868861579993
0.02566682215106769
0.021893957703191514
0.020843030173529804
0.02235593052605705
0.022836312854050262
0.02351902933018704
0.02231411685147893
0.02399569348909058
0.02034204033894964
0.019828723821879436
0.020158287396015648
0.02102796006090683
0.02063249327667462
0.021058302258038744
0.021077536452721778
0.02091042179659489
0.020976484635234577
0.021065573711308048
0.021123274873024494
0.022399107287426483
0.023871328893137412
0.02364036582537658
0.02064106229784665
0.01595609319710808
0.006704499283564314
0.006167205432790865
0.005886959744765441
0.005398362958494066
0.005288043490665917
0.004891884940970493
0.003897591035220613
0.0038597273824868693
0.004121126479265271
0.0037751089016661464
0.004283695089992186
0.004109195482929136
0.003952304960209037
0.00401554126710651
0.003915985592093959
