0.06681908205152305
0.06578494961026905
0.06392828084156493
0.04987944119497044
0.0627346238611336
0.05959433025308172
0.050605118361916036
0.03766280376037372
0.059141679521782786
0.0561230843358382
0.056579624926182355
0.053328855768787216
0.052867633324613764
0.05177269313498171
0.053680857370279576
0.05425064258556412
0.056947529400195845
0.050956371055427545
0.05184875034129879
0.05009389867218773
0.049926504649001474
0.04678781709420103
0.04657977754664326
0.046865001285120764
0.047060892618942786
0.047612116686582544
0.04730465241282982
0.047547150142164346
0.0483661366590278
0.048190284399638204
0.04806280967396124
0.04812677508041483
0.047340226278970506
0.047256587171246735
0.0471668267574267
0.047461273524204504
0.046059786847106494
0.04283158751033586
0.04135594621270027
0.04200351750828482
0.04023379679064772
0.04161169837153413
0.04479452354381488
0.042924671463729115
0.03937672905585665
0.03833419171714242
0.03612055224887613
0.03482451717774701
0.03322371547589959
0.03308765133826103
0.028502337536954178
0.02930472446549344
0.02620769430511372
0.022961231440149044
0.022520464310303762
0.02141104041654067
0.018340643210284686
0.017048734971086985
0.017505269970685616
0.017450430363766894
0.01740292301853781
0.018703369876292744
0.01819822015286625
0.01742108971654905
0.017411224541829876
0.01766461705320403
0.017518718663169848
0.017605273704319354
0.018147926465262976
0.018819969295050663
0.017107825019567282
0.01924131991061251
0.017404311119792494
0.011339470888855131
0.007327080428321323
0.006610400178990107
0.0055330607100825425
0.005363176259035754
0.0037655377367270338
0.003866118873528726
0.003876610204917704
0.004172918304427743
0.005658832331286937
0.004624486493425157
0.004186514394167565
0.004221121376989837
0.003488084572285052
0.0031197824284887516
0.0034470713274817395
0.003084250408212118
