0.0656717680221713
0.06587500363506786
0.06545067400782141
0.0647600673874975
0.0613487194427625
0.06226842996614069
0.060644601946716226
0.05836155974303183
0.0641782084911569
0.059050208490420024
0.0585499052129616
0.05663881268924486
0.05525021424389505
0.05183158701314026
0.05109649182829772
0.052351352857959645
0.05101930623553464
0.04881937841706326
0.047431559872781505
0.044978965262069896
0.04489874257816737
0.04547843726972385
0.04459793307406459
0.04413081582533755
0.044073462802391924
0.043982536174746685
0.04387402304146629
0.04382160443429134
0.044754903662427174
0.04541661543414706
0.04622451237906146
0.0460329181223756
0.045555062408400245
0.04332575417902324
0.04251800343303578
0.04541452364571109
0.04610136451650605
0.043490031914703256
0.03887635258660107
0.040654589603539036
0.03902441419853553
0.038176716820973046
0.03750261952942017
0.037604210318675994
0.037330567131637994
0.037518083344134805
0.03842251616495205
0.03848515291479315
0.03844302920399742
0.03857201865469789
0.03818970213513536
0.03833252091431147
0.03575024466234849
0.03486317920432882
0.034889257871739944
0.03430690843654604
0.034426639912023264
0.03421238862593454
0.03168765682734292
0.03041529982439986
0.02802447609133339
0.028385963647354528
0.02616415420892364
0.024348409840815294
0.02275965475014835
0.02240128622843306
0.019994882463746665
0.019986811282701338
0.024690159383459986
0.025357905150833884
0.02548191182427092
0.024280949609220556
0.023756696054693223
0.02374978357773792
0.02330120913826615
0.022944578994981667
0.020115816229235084
0.01912989391800506
0.019151337278843734
0.020102453364720742
0.02401977654199277
0.02866126564321775
0.031867422490677616
0.027067474296798767
0.025762741684247952
0.02470888414052673
0.024485312156894416
0.023788780672790413
0.023000067554052733
0.02216599409730301
0.021680393789835124
0.02006675350987122
0.018531687980873263
0.016742712328999678
0.014296170922073616
0.012064682168771549
0.01087217867210493
0.010618708055249558
