import numpy as np

# 所有的RMSE值
rmse_values = [
    0.06779529208960859,
    0.06769380955399916,
    0.05820540862343495,
    0.05986898812555797,
    0.06001616180895701,
    0.06157591090596572,
    0.06371837324778679,
    0.06437959529196549,
    0.05819287587122802,
    0.05400810967108238,
    0.046615337038769245,
    0.04774126893748506,
    0.04526188319843914,
    0.04164443078260991,
    0.045823642427660086,
    0.046079409190509936,
    0.03972115519614455,
    0.03723217319192794,
    0.03832672580516362,
    0.03613501740205867,
    0.035979697366794364,
    0.03547182016437551,
    0.03561094295079588,
    0.03534493477298773,
    0.03634402565120681,
    0.03596122050275621,
    0.03260595015006744,
    0.030460797419911728,
    0.030697116053541494,
    0.03079264129707158,
    0.02852803575227457,
    0.02161043558969052,
    0.017498484273424715,
    0.01619792953366247,
    0.01665924721202607,
    0.014467500699653293,
    0.012218251957064713,
    0.011974846975941323,
    0.010857447989284248,
    0.012223522683420076,
    0.014261221917551237,
    0.015962615016048877,
    0.011826407714169356,
    0.0098515830869622,
    0.008951442746239066,
    0.00921013579239395,
    0.009147912202331973,
    0.009172831033511413,
    0.00931635177816486,
    0.009539955616226815,
    0.009614890713843898,
    0.009803233281707284,
    0.009783696756232073,
    0.009406234349919345,
    0.009308891782780509,
    0.009044877767430154,
    0.008855346629285926,
    0.007807686134909097,
    0.00823121560948022,
    0.007639675412915252,
    0.00772352220338877,
    0.007609878660126913,
    0.007849504727726862,
    0.00821752603842572,
    0.008369399241198786,
    0.008322014075985056,
    0.008490902766235936,
    0.007946357884437177,
    0.00706703549777492,
    0.006878417004473772,
    0.006822203953627918,
    0.006761197345219587,
    0.0067408227745466886,
    0.006863128994912981,
    0.007439638150536508,
    0.007046160735384481,
    0.006798752662932028,
    0.006461956347900506,
    0.006312160622356462,
    0.00609902784392146,
    0.006009798803260131,
    0.005897098151364275,
    0.005364972304851263,
    0.005076183387068762,
    0.005345027705489522,
    0.005386512196534606,
    0.005357073134744357,
    0.005832459411474408,
    0.005581653029288939,
    0.005415689099304399,
    0.00553623101297862,
    0.005311657003795281,
    0.005055390834060434,
    0.005229980645280799,
    0.005385386942164923,
    0.005506130283768316,
    0.00548310032097124,
    0.004973841155144859,
    0.00474452563521589,
    0.004636654920111743]
