0.05550039548329475
0.05627034564763612
0.05342486918176643
0.05301792826228489
0.053137908170584586
0.0552180189889723
0.051405850105504865
0.04762709670897056
0.04862668499962803
0.04374118642278548
0.04914255345360408
0.049490291698569736
0.05025169381303821
0.05033860795084948
0.050685340909805365
0.049921133920535356
0.041729381032467545
0.0537497203976095
0.044289238910062804
0.04455929144834696
0.04314626870295415
0.04239582242048441
0.0409305907310216
0.0403095722580901
0.04048192875170815
0.038918361683667205
0.03852643683121235
0.03782292618713274
0.03645686279259158
0.03654444964694866
0.03410099086787095
0.03507169702898267
0.034268316197953876
0.03275689413689208
0.03249707222643375
0.03168426506200176
0.03207346724209173
0.03139481172178568
0.02927911062752656
0.027535404321046304
0.024919811895896368
0.024942250237537735
0.024961423041358982
0.025055500169053484
0.024947706756282172
0.0249523244608603
0.026900388325693143
0.025828571374036158
0.026437566364753123
0.027162217863717822
0.027136636892169174
0.026572004971369446
0.025109458969081858
0.025107805753739117
0.025585219689049088
0.025594187439097558
0.025234363457114866
0.025148261522204226
0.024575819701143777
0.023930477191814774
0.023365779550450137
0.02313490852079049
0.022852453499619316
0.022908645610058547
0.023419078896528937
0.02395711970253513
0.024395919494575445
0.024579246118403262
0.024865514364254163
0.02515082788149043
0.025150745191409526
0.02455979450410785
0.024552973844495934
0.021254440519851932
0.020016958169345147
0.02049341567164442
0.014069085111011886
0.009815174838420971
0.010631789592332682
0.005829350646465905
0.005767696494895097
0.008031062245809219
0.006918015707072742
0.0049838581962539825
0.004160562151539663
0.004449518607729667
0.004888807882487248
0.0052327196103352
0.004826092010037364
0.004278723180849345
0.004432977686280571
0.0027421025509911613
0.003139241501718314
0.0030279899617538745
0.002842554581578944
0.0024013221683191165
0.0026007449858233625
