0.04803087639707205
0.05219831302397984
0.04626427909839703
0.04359965038020212
0.05374123285267702
0.055211449145306825
0.05601095591254435
0.05769058986239997
0.049353330475629134
0.052024654169253705
0.04641975308520613
0.04338938407723895
0.04404603595281433
0.042947995250573384
0.04267150761984892
0.04372192654657711
0.0483709732223326
0.0449576017462726
0.046189276977030964
0.045111343688167514
0.045781731735365795
0.040794685054169916
0.03776806644936595
0.03312978915517239
0.03256892537960742
0.03271557614261094
0.03324718918561104
0.03226402695945841
0.03239353089207456
0.03238488952299111
0.03196899011139844
0.03195552985436124
0.03273739066075903
0.03390996220145208
0.03295598215162857
0.03295922000774779
0.029461176754000392
0.02873142879114509
0.027830933505650707
0.026477556711349378
0.02371394149784998
0.023524090931764986
0.02456683746032731
0.025371802353596817
0.022970411075743352
0.02326976995149978
0.0231924893140398
0.02294827641750603
0.02259090357885314
0.02254919106675168
0.022673748173934746
0.022340529542926077
0.02166979241720639
0.02186635022123022
0.01854449971296374
0.01543217832491583
0.015566056388252026
0.008311107116282569
0.006047562974955478
0.005595079791760023
0.006385554489697961
