0.056163705775698104
0.05623794247112196
0.05350623481412562
0.05551442238252324
0.05610430293362086
0.05416115276422627
0.05563755311028803
0.0555010130710852
0.0556224091351517
0.05499162283642894
0.053230532954810825
0.048996476561435943
0.04445211673080462
0.03795744079136534
0.03534779536761882
0.06518490155096575
0.03880733633594651
0.04114631389560576
0.04291241336778272
0.041556668055432996
0.04059680777151175
0.03919125506635273
0.03796997364311601
0.03833646481442237
0.03948449192791224
0.03858641964931639
0.03716861830820871
0.03736912961360106
0.03768078457307781
0.037772004867434865
0.037170066693785586
0.03650447020445025
0.03708988565226207
0.03783731718453737
0.03689303837848122
0.03735736059790603
0.036822320016001275
0.03618778055676642
0.03605166281463981
0.03549542764122855
0.03534860137181905
0.03537055307004683
0.035263407889089916
0.035252050815540864
0.03531844614079224
0.03524998981551918
0.03522704108080601
0.03554569670409494
0.03556018897892189
0.034829450494174616
0.03476296548244208
0.03470032772220513
0.03362669019311901
0.031767038895421366
0.031049369561788748
0.030583451815571414
0.03064825055813963
0.03091549434706832
0.030934100530371593
0.03104662285049673
0.0311661071142003
0.03078216045491722
0.0307353190917358
0.03059273018704892
0.0303613926251632
0.029265757692593264
0.029675382412055636
0.03169579899791422
0.029075167124729098
0.023888124163911707
0.02406077705064445
0.023482578020623233
0.023546696748216644
0.024383281057948528
0.023322056408433586
0.022398788308397612
0.022351174258711307
0.021912200410434797
0.021698019443002443
0.022135477815066012
0.022243623738790186
0.022806724511419373
0.019552669195001003
0.019542991077546878
0.015953951965151467
0.015977851489241957
0.01560368660160513
0.012560459605735543
0.009780029649826162
0.01143261145799601
0.008125978760641635
0.00709293440124729
0.009290942449321566
0.006046424926312801
0.0038141804709162556
0.003797069372668729
0.005080858154284025
0.005368473251650053
