0.043394252904312036
0.058650581838918206
0.03354431462464883
0.03468937572343602
0.05377566045583007
0.03994734139730823
0.03652129590524595
0.048316317885443286
0.041146491957642424
0.042111491796898305
0.04040892445562203
0.04118198760869016
0.04225413646738033
0.04340198833561649
0.04288321916992408
0.04341418093358832
0.04528368763470087
0.04284708910581859
0.0436875895630767
0.04302152054591019
0.04523671330839384
0.04518673922444405
0.046042440326990286
0.04792548843507032
0.04679369599275805
0.04627680492184196
0.04704491237222829
0.04686134956934159
0.043075002169239984
0.04095488039821936
0.04096096272852413
0.038785408513518006
0.04025134974153934
0.03920267287526364
0.03852395432978939
0.03880738731662266
0.03898964833531851
0.03902324505625112
0.03895955627001485
0.03907536630086699
0.03861404583074989
0.038456088126749936
0.03858971594133706
0.038021716848717496
0.03729391111041147
0.0375899728235315
0.036912924119447466
0.03545327011831837
0.03533398104394165
0.03521311238073667
0.034624269001688864
0.03423389898286651
0.034026931581509975
0.0342297283258333
0.0342191776514635
0.03409590491896691
0.03420921553216325
0.034280315897055984
0.034426395710192945
0.03458438096634855
0.034694233239274445
0.03449636239871124
0.03461933632499032
0.03449246464476676
0.03418674433313694
0.03363509417538714
0.03447628882584121
0.03479315343249159
0.034836875695447585
0.034142836980352455
0.03424750794182502
0.03430644339936811
0.03381989158864245
0.03354458279745756
0.0333957560059088
0.03327938454721732
0.03318836405070247
0.03313203667999292
0.033013218179198764
0.03228310315207901
0.03132946858482864
0.03072580674345391
0.031269750867958086
0.03322574197928224
0.0299901259815879
0.027848591052153888
0.028008533792458302
0.026547125132744834
0.025965373388997848
0.02615019467027203
0.025884644372319045
0.024730449831858927
0.02546708419181554
0.02393687731600511
0.022747142498386004
0.022744412879506275
0.023447561804094276
0.02230060120062885
0.020375641464894255
0.02000332079524576
0.019862994660545724
0.01995554199978656
0.019896332452370987
0.019862916245375357
0.019854442231802782
0.019868981360420212
0.01985709163947935
0.01987976497478855
0.01987824536081955
0.01987362645649287
0.019843530008317446
0.019854924313337033
0.019888390627850396
0.019896429249211398
0.020077067364870967
0.020492049701978758
0.020447084377094034
0.020178187459987333
0.019808464934025192
0.01982851760083503
0.019403217415067925
0.01938921410575603
0.017130711974018036
0.015921000774663817
0.014944572369951361
0.011166451183533372
0.006265031787308161
0.0031960253217788496
0.005760266123432541
0.00487240366415923
0.003373081455304255
