0.05793939308260415
0.04665574342332064
0.04960756647763778
0.045279061005160125
0.05263378765980877
0.05457988927817507
0.053255265733320664
0.053644714424082536
0.058610638207235985
0.0516458964039822
0.053034856500861635
0.05198268672272442
0.052431048808673934
0.05128571706782441
0.05141408156880733
0.051571707373980834
0.05053051196180724
0.04735736763262718
0.04606634656434277
0.04597485379444
0.04521452510907925
0.037866385726629974
0.03394070067166971
0.03293037758328041
0.03480826013237075
0.03160014234236835
0.0297277760629124
0.027155180134490246
0.025449440763303542
0.0231308128508576
0.018860343859894945
0.01757088500746422
0.01846793344309567
0.015330269251845451
0.01188242765124025
0.012460419677914279
0.009804941238780411
0.008567136611031706
0.006358639434579415
0.007293131005408825
