0.04876583901012445
0.05614253547186018
0.04728185711699027
0.04912901482528598
0.050200084970144734
0.04793961848762921
0.04932910083941205
0.05003477810926623
0.05034818490162973
0.04975383876414958
0.051710824395517184
0.049595874621888913
0.04924475051009478
0.0486032471678932
0.047680801407814055
0.04619029231318297
0.04334882192779324
0.03911731646745301
0.037284561664781696
0.0325948313557018
0.031812635692290675
0.031063697081614928
0.036208914319383737
0.03858066905317653
0.03440421250066373
0.032611142291307293
0.03246386724414001
0.031574647101447285
0.030554514013425474
0.030491367570933015
0.02993769737891566
0.029605190504046888
0.02936671933009299
0.029429225359127592
0.02836489961074652
0.027397114051058304
0.028457710260795195
0.027976835094052566
0.026229836621004518
0.02498557629706856
0.023188479288114405
0.02373452168059556
0.022582474725973644
0.022557740505820222
0.02251379126527635
0.022990356107598434
0.02299496709431387
0.0232602819747892
0.02289890777292669
0.023806692198337413
0.023646162512541063
0.02351233342336961
0.023217889453880064
0.02319129460094953
0.023357203924356237
0.022678740396824087
0.022025725966026907
0.023461267149804624
0.022161065523949804
0.02238198367545841
0.02186489069939189
0.020978761886358846
0.016205218382371423
0.012238441834253613
0.008108914560810277
0.009907520546934128
0.009566294898291689
0.010245089752701114
0.00984684843350169
0.009328893873813717
0.008904161663356601
0.007018714917185119
0.006702760235942893
0.004807511329073875
0.004047611929495156
0.003408190896359392
0.003134248409717048
0.0032021410871165504
