0.05764792351766955
0.05844298638485253
0.048056752407952805
0.0481568358056194
0.046792296734664014
0.044991161508741995
0.047356448777566784
0.0477362618044407
0.04887436445713677
0.04987839854871965
0.043343492215816896
0.044385711846301384
0.040910813344296144
0.0413120515307496
0.041007177124619876
0.03794918361266495
0.03893056152671037
0.03845137660864587
0.03933860069606187
0.039154757460150146
0.037568672782940876
0.032186314118598076
0.03393790171502176
0.03525293975016156
0.03341207702929985
0.03544789550210784
0.0363886724547944
0.03571059337561584
0.029652786848950487
0.02523238669864311
0.02796476158284653
0.026551645639914842
0.02752795283348811
0.02666380098966286
0.02701282342492225
0.025156803089640908
0.02536505145874399
0.024644715144490917
0.024388558529501784
0.02281426386431046
0.021731328037140358
0.022123537528158543
0.02198948371033475
0.02261547566668719
0.022270962909198586
0.022070610322029564
0.01989102684452746
0.01890445318114201
0.016238813484869156
0.013076390438168016
0.009124914576675414
0.006398000516745862
0.013724852468148115
0.010163834549867294
0.009480295014736143
