0.05415062462491667
0.055095813398620415
0.032305370629911144
0.04759347895191646
0.04728051336464882
0.05095769824705825
0.05066228976706826
0.05240995581351434
0.0522616178596856
0.0518914509639683
0.05188025441015324
0.05159727109867956
0.05067629449325625
0.0475524428966494
0.0450413833056013
0.04656660316194883
0.048290180971848284
0.0483624360938474
0.04707926663524595
0.04284618286495466
0.041197256026849365
0.039091634878196314
0.03437023601429447
0.034704488194858905
0.032796943547837465
0.03181582997169045
0.03148153051476856
0.030283240510263272
0.02919103766437512
0.02895973138751835
0.02434621584772877
0.020412853047278894
0.019305484215031133
0.01879100441701767
0.017641728653810366
0.018077160082875923
0.0162456639694964
0.01618891223569708
0.016062578663234715
0.01628199745495732
0.01596970599028329
0.015949705093406475
0.015742862110811717
0.015821787272773936
0.015900219954119485
0.015887157611834565
0.015956663451914432
0.015734002531131868
0.015634508876670707
0.015560402241374895
0.015561508776478867
0.015737186678875907
0.015943073548184996
0.01585854586594982
0.016198074196191087
0.013603162936657743
0.014219216997682407
0.010769083869474338
0.006186839187955379
0.003820408968874629
0.005557371678496186
0.005667667485301265
0.005286662524251472
