0.04468262013096154
0.053678266595724076
0.04844776746929107
0.04872271299460658
0.04086171294555034
0.04485553066655548
0.05031781363322977
0.050233201991208475
0.050122158542030705
0.05163055384312646
0.05222382576765269
0.05150369044436211
0.053697823015743676
0.052980783949088166
0.04631828235830031
0.04421121055793128
0.04219066330004965
0.0349022057983551
0.036377789868246066
0.03661911891118058
0.03501199000319758
0.03469682554696395
0.03608860000571756
0.03546684175297849
0.03434507347550566
0.035457582070019374
0.03480961369822609
0.03212021915045887
0.03349949635479307
0.03308531724464776
0.0336806157689434
0.03140496143859261
0.03424377253448208
0.02831695148061677
0.03261836004936771
0.029534949107926964
0.028802133575847114
0.029579552305210546
0.028154961837844203
0.023033652071762997
0.02208786063758597
0.02256056516315703
0.02258189252340498
0.021161552985044706
0.020343482580336775
0.019421355359204286
0.01954654673234094
0.019828231015689576
0.01916054174234635
0.01980140480982227
0.019941000380274538
0.01978875789652169
0.020003296723497443
0.018723073381294954
0.01958234573834463
0.01930243922965619
0.010824095245896934
0.006744745344826108
0.009353745622077936
0.008530105882237736
0.008474185972044008
