0.05605531901863076
0.05585133342216236
0.05607123146474784
0.05608118612016468
0.05582181490447347
0.05587370502222764
0.05512325617883915
0.05394968183095486
0.04804391482776282
0.044835036631296864
0.04872551397516247
0.05083259294266143
0.05189461897079133
0.05009363957616866
0.051377165163270205
0.050042384993078726
0.05038542654717565
0.04998696181256416
0.04477075595786616
0.045044961228493906
0.04182455715179319
0.04231395024163943
0.042456172829836734
0.04245571107958543
0.04233770368076468
0.04243987841173439
0.04282837574900477
0.04333487582189011
0.042971255442846044
0.04319835655546164
0.04187686504161969
0.04021433551247135
0.03929463367817369
0.03873197653642048
0.037964011232922486
0.039182475004451656
0.03713762411560601
0.03872173379155019
0.03894068045355224
0.03965006424056883
0.039282046977542555
0.039145074093545174
0.03854111572985017
0.03829632503454325
0.038218225321982276
0.03836891558782643
0.03888691150471421
0.036950635745356696
0.03615924316131018
0.03584749739637305
0.03542268366077286
0.03550130363115534
0.03573741443089662
0.03600106040929957
0.03665953149084417
0.03645698278736105
0.036322841484425036
0.03608265936681553
0.036090979789945576
0.03470675047214973
0.034130560002497534
0.0331122926269168
0.02736821237375209
0.027109576511876364
0.026697114597741087
0.026165991761016753
0.025357827022848837
0.025367292565552504
0.025167745632523286
0.024106351329599398
0.023304093030835304
0.023288389716166306
0.02372985095825595
0.02048384086570741
0.020149518805334853
0.019612514836972086
0.01968945514487415
0.018129268474590766
0.01695157245600452
0.015298080140435977
0.013516200216012115
0.014663154113745056
0.012772647854901753
0.011240005540875946
0.00688335645893915
0.004631613791229186
0.0054179237160700095
0.004414806167374292
0.005134462987532851
0.0028999718720358115
0.002556204396112783
0.0025715651399581276
