0.05521034405436554
0.056325521177783104
0.042524178424396375
0.04159384107002132
0.045348406777320105
0.05210570304733437
0.05082354703440911
0.0500055880317942
0.04877393837781191
0.05188676299995502
0.04866425262037459
0.04493620893472024
0.044128052175860945
0.039342593152189353
0.03824283081332437
0.037437192069284135
0.03750351801191137
0.03753778484075237
0.037433731556054894
0.0365440579121148
0.035674004069867996
0.0357739853566732
0.03501804869363936
0.03519627082590418
0.036083438910316026
0.03485949477585715
0.034587428426931376
0.03563209860227244
0.03560972142817269
0.0355880051473467
0.03543486954596331
0.03477586033461616
0.032845982349532975
0.03271483538898678
0.028775236718829096
0.028847557278757856
0.02806051871709798
0.026690261289897165
0.02647775056360677
0.027074587775959315
0.02697112018673725
0.027096273163530853
0.027165263711288263
0.026642368446193446
0.026869049081346883
0.026749793399309246
0.02634105056818676
0.0256452528150496
0.026774551617156247
0.026007767433601586
0.025874716301424783
0.026257144766276667
0.02576369486746693
0.025630112744587485
0.026132748535788217
0.026356685417542366
0.026360086854217535
0.026349996881844154
0.02627632366278138
0.026059175145266848
0.026187963546208427
0.02557707201039992
0.025386774606275635
0.02530194035930699
0.02505850495547701
0.025341299529789883
0.025697538894152935
0.026474588079659165
0.025707988579751945
0.025164481339817024
0.02553211467298028
0.023954071878663347
0.024011431197804682
0.023629024550244248
0.022619960173109983
0.02396060718274325
0.02195290452656641
0.013699414938016468
0.009901179941902117
0.004536643001318126
0.005547937166837566
0.004402600230628992
