0.05407085040286131
0.052509706505130795
0.045801161029770075
0.04668185725865399
0.05205278420680065
0.04934878600197723
0.04727410359186758
0.048754101156246614
0.04978128599032678
0.052722839384593816
0.0494394974697428
0.047264418894281644
0.042976580280372025
0.041669597638629666
0.041585572579790904
0.041736993725281266
0.04066433290538636
0.03926635030451201
0.04015159196895753
0.03923095922505861
0.039240414198229726
0.03901609690071356
0.03912001723772528
0.0398955871042197
0.04073690752518808
0.04032202071608361
0.041149771681442536
0.04140005464350434
0.04155946946950639
0.04199671096846062
0.04069586830630368
0.039661949333551876
0.03894239648133858
0.036923728685227315
0.035129328931436915
0.03724582769389497
0.036067565660995046
0.038210342350681575
0.03570841810099741
0.030092243615600374
0.030446115337506924
0.03074656812968822
0.029598318315414335
0.02824537673062977
0.0280873886987309
0.027894763711400504
0.02793920391263911
0.02723787176377833
0.02777805716433256
0.027181948316531472
0.026533738274185564
0.02754299841190211
0.025947400732986403
0.026526451213308367
0.02726854076849491
0.02357591245394107
0.02399154197783114
0.024325077456150965
0.023345059653130006
0.02280178527784584
0.022388421583685723
0.021902137688920305
0.021653627090768908
0.02172296971231329
0.02173028214165314
0.02266645214176317
0.02394221426547373
0.024084415728990238
0.023507302473571405
0.022774925735070436
0.022300472303940267
0.02208070340409137
0.020741522991278353
0.02056918733203792
0.019104779462617093
0.018533622122738635
0.01752543715122701
0.017525224853016084
0.01873354741520522
0.018439525647720684
0.01854731858359639
0.01832347477563266
0.018295259770812415
0.018270522057499607
0.018213805516334183
0.018285866959746103
0.017850074619979457
0.017438096798575064
0.011733492685832165
0.003789932170919263
0.006182961416810465
0.0038569049083988275
