0.04144119133704501
0.05320883919156755
0.04342110635576541
0.04772910311252391
0.04808940386432607
0.04950983637558136
0.049553351252538534
0.04849614715765751
0.04681501441101409
0.05047075359132765
0.04645797261676223
0.04837807823999626
0.04924914679005916
0.04804654835195187
0.04769337784065834
0.04440710321043939
0.044847642452320764
0.04357558239663351
0.04367937117194417
0.042941103006161434
0.04186185752687341
0.039467878181311394
0.0361405260122941
0.034493562409225055
0.03345854526719636
0.03251574264875039
0.031125140521755724
0.03055079246522096
0.03060657562377424
0.031719877237430846
0.03074083489985268
0.02889575832771723
0.027948965889869035
0.023721965563864415
0.020999150433379524
0.02179482251169482
0.02224004111938332
0.018481090250756428
0.013559578777149998
0.008875480899556663
0.007689396363223675
0.006727855768336347
0.005720361118810941
