0.05493836919931039
0.0512838697450858
0.05148354879064243
0.0490416353448612
0.05154230941182181
0.04888780947499376
0.049234882439456444
0.048477353515474275
0.045689313542117464
0.04952949989984414
0.039960553023065025
0.04755665700893247
0.04791872315922371
0.045243336694595584
0.04273820830439016
0.04119071870411321
0.03956368872394542
0.04157552695523636
0.04121826122183162
0.0398717592137326
0.038063592988439386
0.03742825210318045
0.03470549759816314
0.03280255403046682
0.032770686630897196
0.03434539229612166
0.034464096966251634
0.03430453924284504
0.0345426335670439
0.034563359757622925
0.034403028764703296
0.03486156746212752
0.034865218405261876
0.03540778172616558
0.03669598421044593
0.03595226595601862
0.03602205631554479
0.03793838434471317
0.03563759951811577
0.03365557647156288
0.033147589648582575
0.022271262930756618
0.01234484792464073
0.011635456124768656
0.009174820016983113
0.009072681588200224
0.00918221115912103
0.00724379066266063
0.0066419326212791225
0.00575367892669196
0.005014180353856437
0.005547065250500047
0.004880452494050494
0.005556950028252939
0.005205107003856235
0.006715737610441145
0.005494992385665038
0.005133367845022649
