0.056337210441672295
0.056463832087443516
0.05610151345319232
0.05577293031913734
0.056590268015056476
0.056615559023389016
0.05654260944850543
0.056379751527378806
0.05594039259766225
0.055636420819754985
0.05581938687405799
0.054288385585459065
0.05223107209572492
0.04436233914059798
0.043834838988879084
0.040324613894020034
0.03687957915203469
0.03643675808301998
0.03861228733667093
0.03832008679294491
0.041864510958534884
0.04128351208658892
0.041106489975947666
0.04067852435012461
0.040863892700218674
0.04036753844775526
0.04005116895302875
0.03992470500390203
0.03939602147246158
0.03848408020749695
0.036179283103618294
0.03572800190692467
0.037176639574584905
0.03904859229183491
0.03998907835068309
0.042699475606248614
0.04133385056258186
0.041430287934874195
0.042495618800095926
0.04230619776565326
0.0417880536984682
0.040731959540038644
0.040564998979578215
0.040026607646483164
0.04018178572323885
0.040327510433917794
0.03993479211224438
0.03498413896111588
0.034973423318445704
0.034632752436518366
0.033096804637669446
0.0318488819191174
0.030254152631928998
0.028807700410596233
0.026303874250631
0.02618596365622463
0.024626042683910863
0.023613607738197505
0.0233118977377686
0.024357982910888705
0.02727785088406783
0.02735698430943329
0.027068034752943483
0.027304931741988465
0.028149625890765664
0.029523386266590054
0.025059708594028316
0.02551642257749705
0.024899902222348662
0.024699745055748578
0.026191463023265606
0.026369443287188647
0.026797154259033673
0.026806433823485222
0.02686113461397652
0.02686653965736687
0.026847424581779033
0.02626221179181188
0.025904575857657285
0.025313670529650303
0.024035261581608906
0.023197107797218387
0.02321518504425576
0.02329083515564592
0.02333275707373763
0.023368370467908493
0.02341404566064312
0.023698406962371344
0.02362277887306222
0.02365214175925399
0.023626217239467298
0.02352630733767324
0.023595638093878546
0.023560493420355547
0.0237796994548554
0.024404178006537647
0.02560622992469382
0.026144256811751476
0.026539603081165895
0.026503587878095064
0.02595287176173894
0.0256243178318077
0.025815419739560422
0.02558150484311012
0.02527887596941499
0.025037827340513057
0.02505024646072754
0.025133724351980302
0.025463501175178774
0.02514039930103326
0.02551461558494472
0.025680224127771416
0.025175602330886834
0.025489848237311485
0.025431766588609826
0.02482633947114918
0.02464178299169428
0.024974005354176633
0.024973306308955633
0.024168752595602524
0.023401614554164975
0.02326455632006625
0.023305986993474283
0.023362415874342252
0.023367247053594737
0.02269738764635122
0.02282691375084424
0.022926884584982883
0.02190601772216988
0.021603833344631968
0.021327895902548428
0.021353481219272042
0.0211162913174706
0.021250331882104317
0.0213082222905205
0.021230109642871697
0.021940764322378174
0.021655491331962075
0.022525002025829206
0.022260910750189586
0.02230318718599814
0.022079096749798542
0.02218897714700435
0.022183478698678122
0.02144129092671862
0.021530341274153594
0.020831980401285363
0.020521133266292433
0.020525022456187113
0.020596977817051432
0.02063093118091415
0.020799323749325953
0.021332082648737687
0.02152200389616563
0.021674941464135605
0.02212464228287379
0.020608954224319943
0.015344814172771082
0.005021729840059852
0.003551276384812841
0.00518216158220465
0.0037649457671386968
