0.054593927406374136
0.05552250720226018
0.05349353144692067
0.053686916922670115
0.04817979929676544
0.045003691200933935
0.04946388690503629
0.051667084114518806
0.05281224114114853
0.05469191989942056
0.05405207540721141
0.054276954325848566
0.053379639431069596
0.053629651083620576
0.05134132429687899
0.046114084694177
0.04770044459463379
0.049846380852305396
0.045738472944987084
0.04144029551987221
0.03940922052568708
0.03831951408002706
0.040100951767579676
0.0383858862324475
0.037991343845557704
0.03714594159093741
0.036926164480538023
0.03709921102483254
0.03721755475396919
0.03719603924964483
0.03479531882892043
0.03270239351747393
0.0310271078038526
0.028512981524487536
0.03042947505563128
0.03315808977167744
0.028616472944586
0.02830899199762979
0.026214502825527577
0.02639314436464885
0.02605175860740146
0.02608312850451327
0.025169942756538406
0.02507162607667461
0.026325159586797583
0.027400287735630108
0.026805322215682784
0.025149840467700038
0.02251146827281767
0.02127119938951254
0.02026594984313692
0.020124865769114784
0.018319313523345856
0.017052604800107486
0.014940302250388303
0.01114948719526699
0.009379821072405304
0.007965401491709552
0.006490923365677194
0.005681078666230823
0.004870852482678736
0.005396925812710958
0.005469926204596016
0.005584043423779614
0.005572829309891545
0.005304245021206949
0.0052281881191280745
0.004781395522091349
