0.0449584231232731
0.04820750119348603
0.03929175684561408
0.04356597182493565
0.049691723417026414
0.053901468180716075
0.04815032391470195
0.043602952406228614
0.04269734629892346
0.04196559061625272
0.04072669727890265
0.04185552892711093
0.044186787303141115
0.039413570616087794
0.04115733252650541
0.038070757323035005
0.03615664293513815
0.039951756119774424
0.03573949682528784
0.03588025861830945
0.033639183522917386
0.03105249794591374
0.03130750919627866
0.03136226862188148
0.03220806170743387
0.031782104619772454
0.03049096433708322
0.02894951763919591
0.02734323017129068
0.027199499651933395
0.027289349984209888
0.026872940925039085
0.026427051964831947
0.026703589190526785
0.026508451506376974
0.02669732880884058
0.029019593626364616
0.02668672793306639
0.02626338434942385
0.027246077368672985
0.0280987697286112
0.02522194559460259
0.02429394479382729
0.023800333559777512
0.024035374520638
0.023813629845925013
0.024375418631475396
0.024676422363853305
0.025011580004739194
0.024625302584687866
0.021436722659557844
0.022125535009515113
0.021743760706220597
0.0216406693593492
0.02297127458471065
0.02215214366214341
0.020918347498666938
0.022282286389589467
0.022622286861194663
0.02219667904995297
0.01987564454609553
0.019594733897590595
0.0208599584306393
0.01986735529283269
0.017580686933821643
0.017436866863356732
0.018175910789831252
0.01812854046996463
0.017520904582892072
0.017214099136334808
0.017258733633033308
0.01702830080714794
0.01771597102633761
0.017915786902748233
0.01834813022154983
0.020865318957142474
0.017801771717067892
0.015422767707097692
0.014552891381595203
0.014998635662922146
0.010572806371734893
0.005800084111249445
0.004545476325606505
0.0020721875662081135
0.0022310792851370515
0.0023217521528023383
