0.050838983826550534
0.057509057785280863
0.0516608337546078
0.05146189271389343
0.052850360661845015
0.052551836279435146
0.05233350928125649
0.05236089931545815
0.052071891749533875
0.05290978436148791
0.05337796146256506
0.05338199537469723
0.05377392907342674
0.053641670535228246
0.05589393279602205
0.05604384235865898
0.05526865578717965
0.047533998745339236
0.04581924612619312
0.03785765010578182
0.037312312184120636
0.036486802234906066
0.03687626965660955
0.037004487487941974
0.038704323715692594
0.038228589913122356
0.0371569685000088
0.03562791575918515
0.034009386105303206
0.028809920847064446
0.028316247958533755
0.02845997118995165
0.02697339160049283
0.02709899712948881
0.026353380436307562
0.025723223624136763
0.025942934063743994
0.026660997837393736
0.025744065022875795
0.025257408650738996
0.024589547949243448
0.024035339540012753
0.02429544378318154
0.024590898615626616
0.023616068360699953
0.02357884777852706
0.023890334242020573
0.023736510384301145
0.023412577142498815
0.022971208684929165
0.023009511434364516
0.022734380950646022
0.022503713604796055
0.022408009378547797
0.022469933040217525
0.02340940353122243
0.02202635996822939
0.022466539553001024
0.022603194050629976
0.02253086247429578
0.022281806229032655
0.022384412209454325
0.022042839410048674
0.02217709048999427
0.022017163148593786
0.022091698072064906
0.02207152360659625
0.02170479492404267
0.02136568271747018
0.021121666316228003
0.020766280284620967
0.020497629277668274
0.02074286059061924
0.020756545475529027
0.0207905964833364
0.020648187641929907
0.02053026958988609
0.02092610068335463
0.020895863109718374
0.021041352655524013
0.02106462358055718
0.02117067446578868
0.021173417124178397
0.021159003689828104
0.02117563900325955
0.02113279094624242
0.02111033086427008
0.021085394678539447
0.021124535405016805
0.021239280620157893
0.021042769732438862
0.021088523694068738
0.020954330299680652
0.02111978342098579
0.021058613818950963
0.021054480921412436
0.021068952975744754
0.021097026115546057
0.020859294107070377
0.02104694679321004
0.021002437238743846
0.020512573668920432
0.020723604409409513
0.021301892316904363
0.021141702658210804
0.02145222361842462
0.021167165086705072
0.021437374690599482
0.021438924589825315
0.021463551329394537
0.021686506659605476
0.02158577528517012
0.021269703634154306
0.021110543507567435
0.02128427797979664
0.02129622324125161
0.021115879263518475
0.021063146748367362
0.021026327865634274
0.020946198544583485
0.021014927859927493
0.02095843931161915
0.02097555083185943
0.020953857392400254
0.020945750275918815
0.021041768682284964
0.018060867082834463
0.014545018720007076
0.007978777428992794
0.008062314334757383
0.005881315083085083
0.0039020648902426047
