0.057517376220981485
0.057517376219293176
0.057527331877213775
0.057294555871452116
0.057472487983748675
0.05751341800331209
0.0575019329018713
0.05728680996790299
0.05742481291209169
0.055833490588991674
0.051776487557585536
0.048951247454141054
0.05635762506975707
0.051264775685356555
0.046655093718520856
0.04330507086965644
0.04377745570280394
0.04085401023608646
0.040883065170236904
0.04054051890395137
0.040024764537498
0.04039450174849883
0.04179941367577748
0.041742121869049825
0.04276553027403171
0.042703248266869685
0.04226116917456206
0.04212407889062841
0.0423083301871752
0.04076329476396761
0.039562153665006795
0.0380356364687085
0.03836674173154496
0.035187504342060485
0.03287012073912408
0.032137652964900044
0.032608804886729875
0.03242029920869068
0.03197425062551426
0.03164095852285828
0.031606730342014416
0.032212907488974825
0.03201605237647894
0.03170699882531779
0.03157421632826107
0.02816813871632273
0.027127849553250212
0.02625568826366156
0.025072686875093113
0.02442040289393167
0.02469593554864768
0.02722521768948245
0.026233166720891397
0.023221226990054723
0.023757789734241322
0.023955063100580015
0.022442003533344815
0.022898443822709353
0.022923957747423885
0.023071711510797316
0.023633680650495988
0.023633891311334723
0.024985925721426914
0.02478876333844296
0.022923716042360837
0.021904668293250308
0.02227096691671065
0.022231661403907015
0.022227219492477295
0.02190892185120453
0.02180996624136378
0.02191501351371438
0.021948669115162054
0.022487380832295716
0.022331433787667537
0.022425622150781144
0.022531756730733016
0.022598036635101966
0.01784552231773697
0.011239353471470002
0.010726641446508216
0.011015151206689191
0.008862572141347709
0.00356626544749981
0.0035194426258479505
0.003177070403511934
0.0034863064501983463
0.0027907783694905122
0.002511773919400358
0.003326911517595276
0.0022147532653315075
0.0030892769616159524
