0.0459470069362726
0.0559139032297115
0.046266554143268274
0.04603612737987257
0.04982851637651606
0.046652634308796764
0.049375067810043034
0.04832286995745114
0.04634591719053647
0.04782480730027981
0.0448725806442424
0.04237644667909866
0.04389594495550747
0.03977823948438864
0.03865338040995808
0.034988692143781606
0.035317831642789
0.036930768972503525
0.036895690462025496
0.03558641833625317
0.03728790115266163
0.0376486481103571
0.03723539397506128
0.0364117788435294
0.03563168323544792
0.0334247981706461
0.033002688958300094
0.03218103628150782
0.03229852700236355
0.03181671105394854
0.03219208767478922
0.03195316353689468
0.03161059292315266
0.03137724654649022
0.03074195668208092
0.03021544544671935
0.030079315006535223
0.030056060193947035
0.02921697516841295
0.02923058151650628
0.029561240396314616
0.03042584848740076
0.028254511270166344
0.026821772221821194
0.02536134183762874
0.024502784212513683
0.025212811641480308
0.02349840963986241
0.022802851023233307
0.022894139820631914
0.02152484308523223
0.020395296858183105
0.018865940416189966
0.019456347533806283
0.01947366626335605
0.01959892111759188
0.018744009401741705
0.018846793543910174
0.0189465320655166
0.0198720994329857
0.018478956490376737
0.015862925139688067
0.01627802236618154
0.015229072071799446
0.016393548608201327
0.015331148795606946
0.013807558553098481
0.010335177967876126
0.00757334539941438
0.0053987598617320515
0.003808477922044431
0.004194963231808665
0.003920164920954079
