0.05951236911878049
0.059476002696235326
0.05901387806271305
0.05947796464513502
0.05947661715344858
0.059470623782655475
0.05845361042220681
0.05534721878111864
0.057689451879434514
0.05768684907936736
0.05439385201307432
0.05027289456311049
0.048815885066151254
0.04552927842033391
0.044617861926191965
0.04438955553161786
0.04460690762824296
0.04626137680550419
0.045090717100332876
0.04397788812103353
0.045069249271327445
0.046531631665462855
0.046683103726989875
0.04643092643655449
0.046839919937817956
0.04699152785018789
0.0463815945940464
0.046405387002869065
0.04648004318108777
0.04670968393829081
0.04651043393585619
0.04660689491449456
0.046794056186348826
0.04714675614240704
0.046529220369361045
0.046238331228560275
0.04285041167129194
0.04288109773797971
0.04284586698756831
0.04198797336311276
0.04201378682348651
0.04190940908115604
0.04162242420144195
0.04148061899377581
0.0416474542894506
0.04158386083987067
0.042067253306761844
0.04059741699418431
0.0398168034033235
0.03933652116200101
0.03875588187282091
0.03713346039415816
0.03466821419441477
0.03393873764531788
0.032332882362446
0.03132393105661229
0.024532115382600105
0.023080892196842166
0.022172648830604453
0.022430126772344416
0.022014096875476317
0.026046716545798463
0.024714503285697815
0.02323435635463502
0.022056694258941013
0.02183455853941282
0.022636353577482855
0.021167586747083057
0.021633000486372976
0.021709363459923345
0.022655582255934767
0.022202517286843654
0.022192754455085905
0.02221113514605097
0.02212814276712276
0.02172886649226492
0.021623784384213633
0.022096181665501504
0.021975249699702982
0.02167212370111144
0.02158578648691543
0.021951058565079985
0.02357618801732867
0.023334973201228973
0.02342597429158599
0.02357022702681898
0.02264919008085335
0.022751188388644004
0.022312714255612966
0.021614643082970012
0.021195050946258755
0.021017892741337127
0.02110558489273142
0.02103303681272954
0.021022291943682478
0.02111180893747519
0.021202030298782846
0.02120169484079716
0.021204431909759774
0.021077098713221845
0.02110168057769271
0.020998830266527213
0.021055450787710064
0.021099435760458925
0.02111666311702412
0.02145269164793172
0.02171353669856579
0.02185757059770555
0.02189721792219745
0.021884848102421525
0.02182983835885183
0.021696580265810398
0.02160289809283721
0.021447388317468716
0.021374571008240157
0.02138773933774573
0.021268337849620084
0.021388704086891117
0.02153773010114348
0.021577075458438757
0.021968800769628084
0.02214998518043369
0.022432884282520795
0.022313942039768095
0.02034435759050279
0.01738430040274452
0.00868410314158839
0.010781302324422877
0.006588621053992199
0.006052662187615595
0.005627899778715868
0.0051633082113988135
0.003864595212006025
0.0034151118132966216
0.003581252512302196
0.0034777172146746083
0.003640038259441475
0.004003999894903267
