0.05276684562687534
0.05519664349651798
0.054524360992268345
0.052187404172966446
0.04511807631010632
0.052962510943606295
0.05037465756441881
0.05236785175728361
0.051957324209179166
0.05220403754907947
0.05088959113401351
0.05125557882632181
0.04982244328937995
0.04972244924656678
0.050637841447417085
0.05052801832642658
0.04808050983706763
0.04947288731146183
0.04968586637791747
0.04747890516297635
0.0469168868262563
0.04705522839403096
0.04537477089552584
0.045738436037204996
0.045686092397989375
0.044745744316876786
0.04454117811804684
0.04448786402655704
0.040456312595460585
0.03905034391623483
0.0374243062287282
0.03681914589549371
0.03653600592331054
0.03606348283732879
0.0361459993440922
0.03631479452122031
0.03547646849544054
0.03554046731632033
0.03544884265171744
0.035013597001609935
0.035272206860848886
0.03520311711460493
0.03519850331866654
0.03495789883527739
0.03494370762935658
0.03435375901541135
0.035517437595353966
0.034197912222142274
0.03172100145160128
0.029825457830653122
0.023048094218154357
0.02069547774096802
0.02086505308330544
0.024292301997818868
0.02601251636548339
0.024955539131206256
0.02783964949190872
0.02357587207422469
0.019209031687329976
0.018646110960172185
0.017139844484907546
0.016738121775718772
0.016952552369387242
0.017128694747928136
0.01750965390465359
0.017358055846252
0.017927252449812445
0.019311929281041015
0.01968948138648084
0.01978054102339561
0.013070201853295797
0.0038832888961950695
0.005535081834807507
0.005023121125182467
0.004842723881782883
