0.04701727753060617
0.05607615363294645
0.0479304432011249
0.04900910460470266
0.04952386604270748
0.045267463244160415
0.047069954897168524
0.04687362966319278
0.046031169017463965
0.04888587888809056
0.04904277770279875
0.04805162335715609
0.04894312865245031
0.04536028604462021
0.045994818402407926
0.04606380457908863
0.04462917716270815
0.041120715877025656
0.04140237299138471
0.04035732989635692
0.03879164421999249
0.03623924855844242
0.036361908287467555
0.03574672468935957
0.0350157656937551
0.03525075192489511
0.03496737630699328
0.037001136467526674
0.03745219203969315
0.03751275516384361
0.03754502370646387
0.0368568732980643
0.037065965368542814
0.0367955723625647
0.03652837132455949
0.036520413523149504
0.03767317902051633
0.03760941233155916
0.03641427737270539
0.03673404725687572
0.03549617635798236
0.03543488389011991
0.03532505341284677
0.03411513255968889
0.0336790676597411
0.03432025140755758
0.03353828200576448
0.03385050545703156
0.0340438123520484
0.03302840428534531
0.033256562731220865
0.03316243713753613
0.03307869241142164
0.03311483074524092
0.03332587825497292
0.03195995960609128
0.029614613671675505
0.02649522961514759
0.02407955675884598
0.014648425817482451
0.012592942416334177
0.01284203659664264
0.012788860881744456
0.011519676203788274
0.011520952944153031
0.012322645374607618
0.011927646348467933
0.012315297164062296
0.012128547667819798
0.01221175238756079
0.011263008795251448
0.010427174955170596
0.010172605954812229
0.005608925825385595
0.004644767577321884
0.004486686668067219
0.005511665596695172
0.0058510899080181054
0.007228363638953901
0.00563359031811155
0.005899741591015836
0.00570006203156962
0.004831543943530294
0.004975119727477437
0.005088043350834965
0.005302732392380753
