0.05403961693438483
0.056339264850289075
0.05106398018393275
0.05020073362688349
0.05124260268954401
0.05094202895906727
0.0506071723378496
0.05066469274892312
0.05181330632153795
0.05133459167353241
0.05064147498679746
0.05028337692373553
0.05022300079334853
0.050247538659721674
0.05026721248681446
0.050186827881155735
0.04985761853397248
0.05118774773022007
0.05172434571286733
0.0513427261919633
0.051502484382924235
0.050325625817865705
0.05016949351577971
0.047240970848356566
0.04680346348269513
0.042640633881229364
0.042405532800899016
0.04246975913771502
0.04198165343525751
0.04239548486348796
0.045252458374112785
0.04530952915005681
0.04461017938407147
0.044596842710601874
0.044842521460357096
0.04494535374454489
0.04476822791572223
0.04450269004092831
0.04478003841885706
0.04253998078451431
0.042242261296373596
0.043100830218043215
0.04332188835089753
0.04184779989197301
0.03904383183636535
0.03834564006962823
0.037717253850853484
0.03779411445945058
0.034942965730989435
0.035118009769495445
0.034936458495190746
0.03468621785070127
0.0328561657091379
0.030324159039968598
0.03000818285325495
0.02955595276028341
0.029177710046341475
0.029290029522114878
0.029524958283257866
0.03300787512412865
0.03380973919375541
0.03273171670201658
0.03194912183796083
0.03052042804823625
0.02768041852567447
0.026225519573736065
0.025744475062260838
0.0252415151803333
0.02524583613760459
0.02566921913741135
0.025213946736910346
0.02433606627109418
0.023859937757143342
0.023775864142983154
0.023530019293040716
0.023537445545938514
0.02364468396531616
0.024425849715851534
0.02316381139544899
0.02125131474759717
0.020378493693542585
0.021119357047391818
0.02073920313896726
0.021270715366889303
0.021182239010333875
0.018730435227602267
0.016790381852345774
0.0152559791033606
0.011080727339096886
0.00433469438090658
0.0075554320753659435
0.004424746280254997
0.004694482109388848
