0.05849652735038475
0.05564791559386136
0.05779936783315664
0.05495475123580552
0.054008241565839867
0.052000390971394854
0.049735162656746254
0.04928405132119409
0.05321298253416128
0.056257488884920645
0.051954443012103294
0.05116867192408718
0.05033236393079697
0.049138097054497204
0.05099104653965054
0.04490636134317531
0.04260357936870765
0.04339197750745348
0.035408477565334016
0.03004967929418037
0.030611080738199074
0.035302716535924025
0.03408205031420169
0.03138715211316751
0.03148698586768733
0.030840014126321365
0.031450223789840616
0.031194810255315196
0.0315247475011064
0.032232975641226215
0.031921552237973626
0.03188542316061582
0.03286281727281872
0.0329555402643809
0.03366535615348793
0.03155489233657423
0.03268819425521883
0.032616757485164516
0.03157899820987872
0.031532624746521874
0.03067881504131728
0.029178812957917924
0.02902110874827541
0.030451688178264307
0.03038730077731568
0.028182712808880923
0.02830577531448376
0.028097830316232777
0.027720947493741977
0.027077696760593087
0.02739768781034801
0.027746561104681843
0.028548089391862597
0.02544257763684269
0.025726409829915912
0.025857186779666298
0.0261313579721061
0.02485503914752668
0.022754939311915193
0.02277899435715759
0.023276260951513437
0.023693200448116104
0.023510683996234974
0.022497532119070573
0.022246771678759342
0.02259466753107188
0.023374836658119423
0.024429008095992848
0.02585288149730148
0.0250937635383607
0.024601969192875196
0.02307579356667396
0.022105547990018556
0.021846012035593724
0.021888382844947152
0.02187435023424435
0.021881003394894148
0.02169680075426125
0.021692771156152715
0.02179851767374299
0.021899290787962603
0.021843914930496963
0.021847903969936314
0.021836493731312596
0.021827145726545594
0.02181466690105762
0.021812086492547757
0.021808599573079436
0.021806579135333643
0.021801631065217708
0.021796748981880974
0.02181120037179041
0.021744158182007343
0.02184127092542282
0.021837624961207298
0.02183481580006548
0.021727838943667973
0.021651525058608623
0.021854556773126484
0.021715021763303054
0.021668243535229937
0.021679992545183945
0.021634767913729907
0.02160553696415665
0.021680649919304334
0.0218411349960897
0.02176949102651495
0.021683684194372294
0.021880117396851237
0.02137783050406406
0.021644435237634506
0.022569595568584393
0.020782653056264838
0.020803456488698142
0.02070128754684145
0.020821770521883574
0.020918661799963448
0.02103005608572685
0.021159133236098637
0.021196658622757783
0.021435778814350864
0.021483315188900818
0.021317125445687174
0.0212489484877539
0.021175414463607715
0.02108374210775615
0.02107486732422293
0.02111531709040067
0.02072746856073642
0.02071647508602535
0.020724929633306913
0.020833944218749602
0.02082929309536638
0.020779133507710854
0.020740965750940928
0.02078943092671216
0.02087163972433913
0.02106263999350755
0.02127583608124695
0.021705042465643566
0.01914834816080727
0.018730302155827744
0.01829081270372335
0.014301070360465176
0.0027713194646459233
0.00394200667472237
0.0028317914754061656
