0.05525338518653482
0.05494687137325946
0.053420645298415115
0.048251338119034294
0.035466491786902365
0.04894739095297523
0.05034042119754586
0.049482213456802523
0.04598040634052113
0.046949032441803824
0.04988368508791618
0.05004076918656774
0.04965470544459154
0.05077622092828047
0.05009509082781461
0.04412736585474515
0.041994720105435465
0.03675098716553585
0.0344537979052528
0.03357907014673646
0.03771278252533369
0.03616466487177637
0.03385661743494672
0.03380436525786233
0.031912555602907004
0.03117168722305197
0.031181357694045127
0.031047456809149197
0.03095800193751733
0.031128321040988907
0.031210598479683174
0.03129448790374296
0.036229698347160326
0.03595950255585391
0.031347248565373416
0.03114234352120615
0.027845456862851656
0.028170128709354474
0.026176966741896516
0.025756666720944833
0.023981125900220553
0.025669415698972898
0.024342867255568737
0.0199798546256663
0.020267756696332583
0.0208650167175127
0.02017942170571551
0.01894546229381852
0.020284214395450688
0.01950530186205364
0.016316446988931504
0.016060655692837978
0.013084718442132107
0.00806143168240136
0.006403703697837502
0.006660468284041914
0.006334125318478413
0.0065084381451592215
0.0036874847258147572
0.004137930683478285
0.004898908496147405
0.006187358548163164
0.006096266244049321
0.007353864089108249
0.00456079199944691
0.00252871521479988
0.002365534698421693
0.0028859256041125943
