0.05522188467739821
0.05499705888455258
0.05329454834107526
0.04720084831526123
0.04745225526262739
0.051197330354513515
0.05021865807574397
0.048358745326756075
0.043356761302238395
0.03905463477278463
0.04124744881983494
0.041165017227375644
0.0425251924408221
0.0423387434515736
0.0403030579918127
0.04175629926787739
0.04336626265324497
0.0417809167199063
0.042082519879678565
0.039913710198970595
0.04154716370546625
0.04159043668703062
0.04137320758669711
0.042234898923799724
0.04275454239383239
0.042242719923367214
0.039226128584859146
0.03846264747081145
0.03339956025590918
0.03654020426686336
0.03569867218105347
0.03118647843536325
0.03089972757597161
0.030149333719102587
0.029365693119695425
0.029981470496709767
0.028284191878493996
0.028744731288509816
0.02334011245665563
0.02368391634986224
0.02348018617337286
0.022674461900952063
0.022649025803341105
0.022598387227999235
0.02259557069492088
0.022509178484725924
0.022499046008484017
0.02271243491568638
0.02302953212207016
0.02296955877068308
0.022876922012385118
0.022574346519342436
0.02260342668222778
0.022849395856402506
0.022874809546415603
0.02297631113830951
0.022905898101867654
0.022753984618425073
0.022654476657066647
0.022424947308067014
0.022497065345698723
0.022557154494360274
0.02315133904682491
0.023810739070920732
0.022641057432991916
0.022438369663322046
0.02228012641418717
0.022315488981444326
0.022284327075116486
0.02231806880776878
0.022274311775157495
0.022231279347729067
0.022301749395290053
0.022199974894539624
0.02211480255228356
0.02193089027138423
0.02209407133715923
0.021765242548597553
0.021689276539933598
0.021578055464226656
0.021564094084541366
0.02166731947570975
0.02186323095331443
0.022023354729327003
0.022086315290027764
0.02208119933646411
0.022116783361672956
0.022238156807494195
0.022175510999372813
0.02222177636299144
0.02218847583627905
0.02218280332988938
0.02220227185246533
0.022098095205262624
0.021861006398739297
0.021642729194590326
0.021432329360440535
0.02136853365895875
0.02085543019099882
0.021070433556608283
0.0227999766686709
0.015434339107124384
0.01196292284579113
0.00324554515948054
0.0061322646928102555
0.005269906653321929
