0.04908971834703789
0.05374753663954624
0.04763396387648971
0.050655849032279904
0.05282267294122247
0.054544016902183856
0.05107633692781363
0.0471354937869244
0.04665829327020526
0.04814767844736484
0.04260058785370059
0.04303888929265917
0.04365418719630148
0.04319134605859331
0.0429989962570923
0.04288749639591506
0.04369649870712891
0.04219938904725581
0.04236961527881154
0.04176337299778706
0.0416073280395106
0.04495928639168003
0.04486237589241663
0.04470367063616076
0.04479735798705256
0.043765872078162245
0.04182290334387001
0.04186945191401648
0.041947811500910585
0.04131145218455277
0.04052002935746119
0.04067025453679549
0.04102608742280518
0.04038959590911651
0.04043961256889231
0.043113788495245685
0.03961884940999672
0.03881631485927114
0.03640580330630278
0.035419167742076776
0.032537691312539405
0.029726935865922954
0.029928936244519384
0.03117849813022991
0.03015933933827903
0.028238643259873072
0.02764147873154344
0.023816276535336987
0.023966345885757703
0.023475602294257637
0.02338385004012972
0.024353981815313105
0.019230402354775734
0.018721149862797534
0.017189165708701628
0.015073894683515828
0.015009344390788722
0.014120368823934961
0.01400796498717801
0.014012566747062577
0.006731506035356334
0.009124457309096399
0.005775854386064179
0.00580069423284786
0.0051732824854949025
0.005323187976050011
0.003748298242859009
0.0036360737442197467
0.0034291738774457656
0.0039662136479091115
