0.05604111695094838
0.05825036914014494
0.05618003258413167
0.05667147364178029
0.052840360562010726
0.05508626869514051
0.055043386947006244
0.05398717506194952
0.05377598123796633
0.053539006215932834
0.05381942149742152
0.054137354388920825
0.05352708680829502
0.05342758796605425
0.054025962287991336
0.05512494687824114
0.0554551291389465
0.056648932010167186
0.0565345912611947
0.05512231310684478
0.0537663648498267
0.05333513282810197
0.05322065832167149
0.05319895647044456
0.05299054973838748
0.05314515440604632
0.05252066355607965
0.051978671333162155
0.053078759357190315
0.04984090065053767
0.04617961970865638
0.0423699110642118
0.03977690630763059
0.03879825183228186
0.03780150414674324
0.03329839033262352
0.03186497464025098
0.031118102761642338
0.031243080747871677
0.030356381073792807
0.03164950463764971
0.03156510563085967
0.031210263736068954
0.03144019485097535
0.03151328563184752
0.030926600035070223
0.03156516856142638
0.03041658461185133
0.030962197360232268
0.0311883439072921
0.0323170446093356
0.03276731750057508
0.03373016666788428
0.035640346658401434
0.03602936673251054
0.034277249908715626
0.03124412944069061
0.03130127689646782
0.022839966798620655
0.020359031617076133
0.017697832937495467
0.016582645932450565
0.010760743112510534
0.009085785823920445
0.005848653039592526
0.0058836207488259075
0.0049258755841917745
0.005845167886912469
0.005335148412098887
0.004883233007607553
0.005510258100346821
0.004578740762958676
0.0044425635801234025
0.004248458108544819
0.004087137855474703
0.004053920524936578
0.003470646408954393
0.003619039929265286
0.0036031868589986955
0.0033126639399063186
0.003211859963815422
0.0037414676776610476
0.004240839263338423
