0.05510225994316118
0.05574307524211829
0.04421811050278594
0.05499562639270969
0.051575953093835496
0.05449849098940286
0.04799334761918421
0.04815455205499408
0.04851732063268372
0.04128350492929379
0.046455142666154
0.04904147565093934
0.05260345346174215
0.05129072260754612
0.050340762122190436
0.04529151438910299
0.04384969762052019
0.04461611733879376
0.044175444613754764
0.044185892914683514
0.04369272738973039
0.044167735212280644
0.04491941069535261
0.04344159202605868
0.0437011716990653
0.043694306458694564
0.04365027225578524
0.04345873897824494
0.04340212512766915
0.04299201302109562
0.04237387245729929
0.042074131939171956
0.04266583185215983
0.042285545664663145
0.03981079547993278
0.03597281697599117
0.035646777569825615
0.03459491956552545
0.03403914554343764
0.03525145011927146
0.03319095733588339
0.03596027431049601
0.03761770505559158
0.03712022308879806
0.03740332564567345
0.0367336579392806
0.03725079842610947
0.03505307506188453
0.03541217518978784
0.03528373604068903
0.03607575713752361
0.036472406040794304
0.036384471751218075
0.03586007686254208
0.03703358623210736
0.037493589243152554
0.03435305082408265
0.030503972948687164
0.031347509321209964
0.031367312426875536
0.02966698680340627
0.03040167398339683
0.0276249085784298
0.027562688364179185
0.027552254454799373
0.027684063562596124
0.026038052234573384
0.025746537016829513
0.022331150295914166
0.013955746990728927
0.009871579034401704
0.009214148860359695
0.009361096696302196
0.007305150689884014
0.006338652212332004
0.007256561593400369
0.006406309138514889
0.005055079459304263
0.005284734775179378
0.004905222621207631
0.0037023779224345174
0.0035163178391174645
0.0037090597054662043
