0.05722046261377139
0.053474523813310096
0.05315023198196931
0.05321114965733144
0.049761080303390264
0.05197514706397765
0.04273503334438174
0.04705689893051031
0.04937954067927469
0.05168226651450464
0.052183559706850055
0.048672265359891095
0.04902994309204083
0.04982097545571435
0.04882531542268196
0.04888749177269218
0.04881260448617542
0.0466632309688468
0.04598417767369113
0.04578089266302336
0.0454597122404433
0.04182481184191738
0.04259618539778397
0.04261012886968071
0.04303254353597272
0.04110563590828197
0.04098996213353296
0.04117007654824315
0.04130629035384837
0.0429782657106238
0.03987825283665646
0.04027130808190176
0.040256395370025094
0.04035448388362145
0.03929325873860805
0.037332000616555505
0.03656826275223422
0.03391109958112144
0.029039405467798714
0.02797164695061709
0.026800667898570246
0.026650341254557598
0.024578811084259543
0.024205489265910957
0.022600202963915447
0.02200749852645303
0.02068915050724254
0.02195523694037809
0.020715736387097596
0.01928077453679058
0.01971848801489877
0.0197191185490447
0.018612757109238258
0.018511321895597625
0.01840385977102221
0.018823397963500216
0.017746635717149968
0.017532245783196117
0.01635034442102492
0.016382490017188313
0.016369390058370077
0.015536150117166182
0.00985413610670575
0.0060703806714981715
0.006114461656676603
0.007387278173365836
