0.05558156572923429
0.05602147098350897
0.051462810655093345
0.055135748334528716
0.05507835122172073
0.053161912826470537
0.04980803830768394
0.04650804809614512
0.04533399919951474
0.05072577612440517
0.05028140675170412
0.05261520722658376
0.0487817947515971
0.04393439620347261
0.042714246272152034
0.043235180404993905
0.04316810787532853
0.041253235884773094
0.04115446502597973
0.0401129931542782
0.040056500148813325
0.04048839423983043
0.039511644597849165
0.0393567026397129
0.04245151026847493
0.04034008562211647
0.038895105604117665
0.03791926462830197
0.03663775254868396
0.034909011976644415
0.0341526193435809
0.03424132592561546
0.03434099362564323
0.033850627859988415
0.03363792183215053
0.033690740894593445
0.03407970088926905
0.034456689639559814
0.034001412632476975
0.035887048368386965
0.03552450838307077
0.03507666591364168
0.032703878773617356
0.03306653966929047
0.032633507373502846
0.02884154397858007
0.02509107549196072
0.023796127288821863
0.022369632285691023
0.02258940877122692
0.02266891482371351
0.02287069085026186
0.0220589765128685
0.021805043850704253
0.022004153680881128
0.025313471552272374
0.02231710881461999
0.02273506914247657
0.022568086106914586
0.02309961392765915
0.023554694352754278
0.023758836359327632
0.023799536668110785
0.02346188139965342
0.02355246576767075
0.023492732121811147
0.023447811470168292
0.023476022124265736
0.02317195146679108
0.022919007889046293
0.01766095240960634
0.011793940228487239
0.009831248780038718
0.006548493003735966
0.005959158635155477
0.006303337422956099
