0.0593971601601291
0.05634199235528315
0.05477393968228686
0.059323185940204894
0.059041896471259035
0.05915151946666955
0.05532383696316764
0.04769874801474055
0.05670814313129859
0.053576430231756754
0.053507537879872585
0.05434206081402021
0.054804002836115945
0.05513028196534375
0.05546025111563251
0.055520257546219386
0.05383033825427511
0.05492581608388373
0.054437856580788875
0.052875630179970795
0.05244479433186503
0.05235939833076695
0.05291352949585793
0.051729087404342636
0.05081193226115065
0.04346114241644473
0.03888818075260158
0.0338888036373288
0.03347088609223013
0.03637870303013901
0.037989012303832496
0.036601580145632744
0.029025077663073877
0.027499900204985626
0.02689006146938704
0.02775536211169652
0.029178600805654386
0.026184140640735903
0.024021646500861416
0.02351679613214601
0.026131147567071543
0.02640053105905093
0.024044855191662603
0.02441056777253545
0.02442756043032075
0.02472890914652957
0.025498540137662843
0.022592845025479688
0.023457244635697847
0.017032454377398278
0.010335552667240415
0.00918258137494676
0.007111741523836022
0.005531439273603411
0.005243520571246162
0.005027769518915112
0.005882417542199235
0.0054938483958994104
0.005945548146391697
0.004954386238220772
0.007223684011390887
0.0037585674793521274
0.004685761471219624
0.004223926538123814
