0.05646711266361284
0.056614710370364835
0.05453603150741196
0.05011736314280935
0.052435001147922815
0.051030693807580026
0.049286088727158416
0.047544570268139165
0.04638913023238233
0.04948380424234404
0.049047413870450876
0.04544005928713047
0.04102584653967029
0.03970142781017346
0.044180794491432106
0.042744063283842386
0.045555215239293345
0.03962191794684767
0.039591512539341955
0.04123418014558635
0.04259826799125242
0.04141122097164956
0.04173246891189329
0.041731878818456414
0.04151362494637953
0.039634768880696204
0.03932026669564328
0.03841750795108877
0.038510573870440296
0.037376859067118254
0.037465597573523204
0.03667187946476826
0.0352379617618656
0.035796613204326366
0.0355795886660774
0.03539872063242665
0.034573436749241
0.03297386450655005
0.03213851884061184
0.03094466727341701
0.02825323454399449
0.028213576145975458
0.028501272790047855
0.02847702447337133
0.028403492629878662
0.028363895467049115
0.028459254513527397
0.02646739434219691
0.027842322004792745
0.025773622389136903
0.022328420743287797
0.021946830211285625
0.022558075044274883
0.022384440099093628
0.02340647955449949
0.023425369109992655
0.023032272492750312
0.023161148817002944
0.021918510792262372
0.020733196476884413
0.021396239017291634
0.02341994348256115
0.02397220478350777
0.02434291645889848
0.019604291307993876
0.01543887928210341
0.015429699347839323
0.01371794727485949
0.013137664014037403
0.011401840615589727
0.008852875293803082
0.006451836853463533
0.007620951560717053
0.006816896621271566
0.005398314891193214
0.007189376702094535
0.006338596545072056
0.004310673154781653
0.003851200426191063
0.00378487584187665
0.0042824840739376585
0.0033895324421806183
0.0030449202371432664
0.0030027535913425486
