0.055428472684094975
0.05484427644874399
0.04733695718093222
0.03622665377251216
0.04914881930697853
0.053676281058376143
0.03502149993669706
0.031768895344674655
0.042388753847115934
0.05195815168614763
0.05191082670101141
0.051666113287548804
0.0517465983118945
0.051809274300190715
0.05311871852313178
0.05433676342528851
0.05385579355680692
0.05246487791488189
0.05253726933657226
0.052653492605722746
0.052205382126478427
0.05197599227594788
0.05161103952723003
0.05142611545152629
0.05160119126928701
0.051415039244232616
0.05133663709815466
0.05109882264033122
0.05015977316954044
0.04936111958134881
0.04744417428636967
0.047463357912532304
0.04758506593075369
0.04773340950359738
0.04598126559846372
0.046012205852680316
0.04654692373332176
0.04658406961904665
0.04588333086029116
0.04575277971230448
0.045686563399923524
0.04535033734079499
0.0454118133276161
0.044836099312232
0.04487917346978424
0.04487759640754841
0.045000469019086824
0.044346424047183204
0.04499010919529938
0.04513220182756595
0.04478959580001323
0.04510073179183896
0.04494461577049279
0.04345262604992712
0.04353978798894935
0.04290713686483318
0.040715124354149236
0.03744225254828989
0.034529527528535046
0.032448327919099296
0.03239429189107923
0.034245211477873905
0.03431810712682035
0.03228624563538796
0.031548038391188415
0.030247751153196188
0.02490849627569913
0.02317929814555399
0.02429109812860848
0.024345891622331094
0.022752941867348938
0.02285233926001777
0.02392666387793339
0.024674609141763594
0.022581680364415314
0.02358645615107246
0.024043428371828542
0.02483557951928823
0.025628647012790218
0.026952096682823418
0.026370276576408447
0.02436177669550942
0.02358259627319768
0.023496453515520314
0.022950376672237052
0.02247543615432472
0.022368175604230225
0.0233395165448109
0.022671032562188775
0.02221394293903614
0.020932738836968567
0.020691244799356558
0.020583504198455605
0.020739345537878023
0.021179566748256617
0.020484762619337602
0.020561633974771034
0.02019317251903522
0.020262561691036955
0.019863733526845655
0.019586813752240816
0.019604913451267175
0.020029557073305095
0.018330024789798425
0.018463037579989548
0.015325666469129163
0.013003242522182653
0.00831423611570745
0.005745177600911199
0.0040679368470287365
0.003765031439801517
0.0036082966538231623
