0.055449687158451534
0.049761220542832815
0.05151463730780805
0.04689832923057714
0.0700466923852904
0.04604069534429763
0.04581582408825739
0.046582815061570776
0.055076173247454334
0.05847733011090787
0.04627236964715287
0.04626249786739853
0.0497264606124345
0.04928185357784269
0.046721721111265636
0.04453732665337232
0.04275259938782538
0.04234454594345836
0.04220325001458975
0.0419148546316007
0.040118998989860266
0.04001817823174313
0.040039391312304315
0.03822212294073046
0.03775353851629866
0.037909155764853895
0.03794510433097198
0.03868954287173034
0.04057199258966435
0.04054696655892795
0.03997940587569761
0.0404625914333163
0.03856014203843454
0.03573383059913054
0.031227008552102305
0.031763497765856824
0.025530997600756864
0.020945888092868653
0.022767957166286303
0.021671672524518584
0.01834735910882886
0.02053562356828623
0.02145588255191765
0.01934084550161453
0.01728806514926825
0.01450376787775813
0.01406964923000535
0.011797257139972057
0.011747559801007048
0.009563012525289034
0.005718635068810262
0.006029237580640845
0.007021006214057801
0.005727366657213943
0.005921540591203956
0.004988339980928935
