0.05586472581015109
0.05589693308613098
0.05467926615168014
0.055823181080380535
0.04854646347072816
0.0557676458216561
0.0544181718060124
0.052592425771392885
0.05436558232006397
0.05467811716362873
0.04819592956071198
0.04715700256648578
0.048718211200139534
0.046452298146421496
0.04274609201353085
0.0422670220458951
0.04733415937334091
0.047246442757702733
0.04716415632354437
0.04706947568122763
0.043440957853246066
0.041787883531006924
0.04228586334693891
0.04063801315059821
0.03864097517643536
0.038717906488847126
0.03712725841982031
0.034602769166102096
0.032439544769087766
0.03271820416363351
0.03458391101206717
0.03373492983960892
0.03369862505003518
0.034191012686275744
0.03463711700148644
0.034133834565306546
0.034158197728578144
0.03411030506063667
0.034121794198721384
0.034324612513658675
0.034488445850253936
0.033893023046252774
0.033954221572803304
0.033749104795199325
0.03362737369489732
0.032824881166058244
0.033751797690358264
0.03261987890918707
0.03266987986254806
0.03287222494319078
0.032580784318932965
0.03284804916632934
0.02932793379396817
0.02894074710179634
0.02621201773933505
0.02407063900344545
0.020685710235234064
0.021396299141021546
0.018695697489363037
0.018721808267525175
0.018154037721033255
0.01862446082508283
0.01869072113698189
0.016325022176891923
0.01572170966067601
0.015998556247611553
0.012274744439421593
0.007167158871639524
0.005798952711798898
0.005858943872386994
0.0061267090055825615
0.0025268867010521455
0.003896624496882628
0.004316132348803632
0.005649881529625079
0.003501141618531764
0.0034066512507437163
0.0032068631835914995
0.0033173897156761095
0.0032051228248754734
0.004468518706395064
