0.055825421543341504
0.055481716152595666
0.054369408704706225
0.04354047424195246
0.0432659935305547
0.04807534113772381
0.04638840658218713
0.0391943614266489
0.0466221765700084
0.052008708601944606
0.05225961484676462
0.04849649494964665
0.04856943215784537
0.04777835699019011
0.053155914346332066
0.04263246046372815
0.042182981052505036
0.041683914463284545
0.04208932168926481
0.04111156520489589
0.04169381526802103
0.0410730085966832
0.04049659742294811
0.03943210911703861
0.03960275921247524
0.04037327481661991
0.0413110780451854
0.04117485602382055
0.039804987276645325
0.04029812501688962
0.035529562947777996
0.03090773956674575
0.02631929517051773
0.02326110685754015
0.02471936093926254
0.024611721976758927
0.030205709860056263
0.027354354444162485
0.024870467468342452
0.024648156341572795
0.024824200305859634
0.025804318458170473
0.0282182246837445
0.02744044678721644
0.02689729060375572
0.026647346956160594
0.027544084372948578
0.024203311463566118
0.025033340798715716
0.025656490808468078
0.02352590977944946
0.022549193914071675
0.020900117056967798
0.018996193445788262
0.016231282670383932
0.015881768660182947
0.01625055086284673
0.017412568578000144
0.011762220451411422
0.016504550147945555
0.014831144184986184
0.016971017902429955
0.014263391544540413
0.012842900730127288
0.005296998271965589
0.005250817200540004
0.004773603265585338
0.003814539191069892
