0.05851692508561954
0.05852282189279257
0.05852293756190532
0.058594376771372296
0.05854023938658318
0.05850157032616405
0.05848781909179776
0.05846819181588017
0.05845886194948202
0.0579982867926186
0.05600569908796155
0.05335725123714622
0.05332580279160308
0.053384135040797316
0.0479389879252093
0.04009918734963088
0.0457173299844843
0.04775304293894686
0.04724191996589941
0.0457180456969395
0.04507831306541955
0.04497317750450175
0.04390005687947326
0.045450650133183966
0.04892217634520377
0.04638000769273383
0.04305198057182311
0.043807019953071194
0.044358989342566026
0.04387508981088723
0.043608539301572984
0.043728456286805856
0.04373002474172672
0.04411955069838887
0.043988227560115105
0.044733022589701285
0.0422793481458061
0.04344266234007367
0.04252354503971806
0.03580202411472443
0.03077380061268588
0.028365752988808845
0.02444835519549333
0.020626317733849868
0.02074839185206576
0.019611960348784853
0.01906256327414668
0.018578289507580326
0.015274093280667167
0.017768381712921943
0.01545769082785416
0.011873619144058179
0.008363775458823325
0.009580438407993925
0.007410122543516131
0.0059979649926409934
0.005757538429746284
0.005365754678064987
0.005998112446768512
0.007438489356680514
0.00513432788105435
0.004501942717244121
0.004829015911969692
0.004767534625748302
0.0045600841982877905
0.003145877140164829
0.0031240365995398307
0.0032527887676929513
