0.05489421326089821
0.04867577224635329
0.04159290999132059
0.04048543413225007
0.050046206284971424
0.050400042537034576
0.050995958577261725
0.05041027238655023
0.05063514365884965
0.05166633105514217
0.05204915217901543
0.04890784259850686
0.049081818835570425
0.04845314845099659
0.049461154726321344
0.042038341214474875
0.0410837266624167
0.0347315839061408
0.03092880179999692
0.029758748993323085
0.029365780516335878
0.028943545983093802
0.029804728630525173
0.02882318814618824
0.027516867216687314
0.029001998170967873
0.027008425549623086
0.024706636623136706
0.02444434688954935
0.023857789556585553
0.024035965007656816
0.02271441147085257
0.022379955457016196
0.02198081566772277
0.021836637822933012
0.021645373413103724
0.022036056211035784
0.022056576592586516
0.022050262381610827
0.021873642743260643
0.021791209710739664
0.021747578737401952
0.02173419000229829
0.021700006702646706
0.022344434430198026
0.022162838125848704
0.02237194177145927
0.02236409917229759
0.022151495352234485
0.021894376682776644
0.021672459481813976
0.020809126636546705
0.020468078923481788
0.020415462796142404
0.020292962199264502
0.019966533974702265
0.019823657796235118
0.019788397921338137
0.019441717397292283
0.019687274310018706
0.019855570192389736
0.0165265683887148
0.016174422033957886
0.01008811480814526
0.004835636140632245
0.005401208333553642
0.005643228565312596
