0.05325151726625448
0.05505534230645371
0.04621755636693744
0.045587014950203876
0.04530932574403476
0.048696871606986956
0.04758370016838338
0.04516999903583561
0.039593716915501856
0.03768535919711231
0.03614033334240582
0.03502634774809557
0.03482700613488885
0.03425232473619877
0.03472599225452576
0.034112389481845425
0.03424387986604617
0.03428741732531568
0.034210205099889944
0.03405708401127096
0.03343238499309275
0.03293701783401371
0.03256510560379247
0.03201598483802563
0.031063247224474823
0.030694723203225933
0.030508859884925146
0.03059076638719336
0.030616086396358967
0.030641277630332236
0.03166347969377983
0.03228494280995782
0.032309549861896145
0.027448747547446046
0.024654452365676628
0.025052057740534494
0.025155356808920122
0.024593296325089553
0.024091191385191005
0.021419932592115016
0.014716033398324821
0.01249368411534614
0.013193737460788332
0.013194277254765959
0.01265951292009699
0.011734221997721141
0.011970568155509962
0.011260363118903055
0.010979520489808917
0.011014986347423442
0.010822363117127877
0.011875249085240153
0.009741765838825729
0.007599669698607277
0.00634360525231877
0.0073282928009375334
0.007772757180905846
0.007452460084770705
0.007526801204816004
