0.054274974728510575
0.05591589284863097
0.05015736348943341
0.0500110574222352
0.045257395297653595
0.044937289166054
0.04949290855095518
0.05033381743538275
0.047557338155412174
0.044445478148180034
0.041179799188439024
0.04033093079016799
0.041419910392843075
0.04160364651059737
0.03942251004183779
0.0380702667018973
0.037004016340430185
0.036389106533195284
0.03380223306957474
0.030626634426836385
0.030131043144905025
0.03096975536791824
0.03221158090917857
0.03301100224201702
0.031587229067997095
0.028279586937502228
0.02809457643577298
0.028210763960591967
0.02764348447492605
0.02586978010248228
0.02194008091677092
0.01942312030446395
0.018699201970825193
0.01789844495584809
0.01635280384270758
0.016003479348911314
0.016178628386610584
0.016185323633804795
0.015781345971777955
0.01500914359284869
0.012368400622920673
0.011046942035210252
0.00972517177061825
0.00827834525935445
0.007409212522253997
0.007170782311489858
0.006617414224281945
0.006283651588986052
0.005666639751575682
