0.053461971802970576
0.05721351675319433
0.04982947425884089
0.05010069455647064
0.04829302114084394
0.046522356502715606
0.041292844859858804
0.03746994253508991
0.035046468123687315
0.04016795615167908
0.042089874167234934
0.04096202500677509
0.039644810026498147
0.0364245376787777
0.031181777019836054
0.024936053685714783
0.022212129899186854
0.022855775380347852
0.02246549401992308
0.022784899175837342
0.023689786697607074
0.02533456458839076
0.026886510124058086
0.027967215046873106
0.029354807357346396
0.031450424896051356
0.03221833028620138
0.03285140656456617
0.031476818679020684
0.03125652070301271
0.03157745491839071
0.03331431260747027
0.03389201053480009
0.03375410497562491
0.03322901115638487
0.032938520320694054
0.03257890174443761
0.03167814561231389
0.030618567183941885
0.029754290715680642
0.0288068449131704
0.0281987447265037
0.027300043414995374
0.02676583684617652
0.02657586114385904
0.026512146673992213
0.02655382672225722
0.026291711839917284
0.02591503302376085
0.02573255395506653
0.025408988911310937
0.02499436587625864
0.023828497832265278
0.0239412815705117
0.023223209722852252
0.02450855099175048
0.02296233481791239
0.022713186931396574
0.022455308164912383
0.021982690299368345
0.016855587353642256
0.015378608487019598
0.01402921629837935
0.014224060475613684
0.014376771592451503
0.013969094356623427
0.013561046089155815
0.01199192382271664
0.010625429001913598
0.009451011156026595
0.007936830423754213
0.006759754069986916
0.006157332081805369
0.006178283084579548
0.006194184541170781
0.00628716028354825
