0.05310681580116515
0.054742472227699526
0.04793270343135086
0.047315898887802674
0.048421207378610956
0.050731512051150326
0.052642861770255525
0.05247795173516301
0.04710794977541108
0.0465405623117577
0.042323272504540495
0.03922158630384219
0.0389398301375411
0.03590278541911307
0.03432574879746258
0.03352070258721156
0.032438998750383655
0.032767049958385405
0.03151172756450407
0.030872665022093043
0.031065973395962388
0.03142586235752875
0.0323842747256845
0.031407303596812215
0.030368717476422932
0.027921723436854052
0.02608100063716643
0.02537504863215289
0.02511868429842879
0.023552851930968722
0.023625827311538925
0.023848403523780162
0.023516211058169284
0.024964630771932842
0.02579955753848912
0.024328101841098217
0.023994876463868567
0.023691826304477682
0.02244838276328687
0.01970506933213327
0.01705747519758532
0.017054138923047156
0.018348386129405418
0.017857671462760204
0.016498736344568214
0.016050174305609448
0.014182044580025598
0.013366554541062827
0.012506354368434836
0.012656091884263063
0.009924970962496206
0.010167884443599676
0.014940065913506429
0.010812396998930988
0.00939704113190174
0.009106086861773468
0.009066955793075296
0.008226091988630101
0.007601287864440764
0.007790571597544511
0.007608024508516524
0.007055781317940427
0.0066866155962339606
