0.05563519346665977
0.05491370722595789
0.05106841288183894
0.05096782498461592
0.05196057864760674
0.05130173033267371
0.05030793315664915
0.04896023099469785
0.04748081026506636
0.043195901852938576
0.042160578667850536
0.042608468444658036
0.04370557819003139
0.041461762378407034
0.03851139960808871
0.03426243165943921
0.03144515000615199
0.02568942078515359
0.02465540885737217
0.024891272730577257
0.026314290067685278
0.027124932189590816
0.027054397297653313
0.027575447698719995
0.02852738782885399
0.029071079761630505
0.028804105030165596
0.0280684219852881
0.02753988111665825
0.027400457918452595
0.027527211062325686
0.026150930261530876
0.024605226409555123
0.024370362214101878
0.02381897361042847
0.024696205759061802
0.024791531539412725
0.024965516913652945
0.025106195989587972
0.0249535488371489
0.025590034270165894
0.02610319844946252
0.025134460737670436
0.024722205174946853
0.024295226872028355
0.020134083117893064
0.017858079856433406
0.011406044746356214
0.009429390677777075
0.0061952560244530695
0.005188731430175209
0.00456892170098855
