0.05744333765342777
0.0575751448343697
0.052313552118556386
0.05387372612566957
0.04787427491697412
0.04159449725964206
0.04346871551793143
0.04187092263204884
0.03738332131571983
0.035797593441530016
0.03777859760917632
0.038698824477115076
0.03733959993519632
0.03649940530869645
0.03615955268093199
0.03452510713571612
0.031135430729267412
0.03038039045037998
0.02863235954805423
0.02842718695170405
0.028337944469870417
0.028183988627366312
0.028381761253116183
0.028093520321913458
0.027992736531214802
0.02800355245619661
0.028000309343458298
0.027935122560299074
0.02795157433928554
0.027830214937100462
0.027941973117515197
0.027895924721274203
0.02781491474538033
0.027777232333585464
0.027028288731115412
0.025349860184149618
0.02556168532266732
0.025788075805922787
0.025223163105415215
0.02470793315881361
0.02403101305681483
0.0250473252896344
0.025490169213821027
0.022598374668476598
0.02025253221247272
0.01879267661988333
0.01852096154006327
0.01777744045586826
0.017239740259324753
0.01723999642222841
0.01708190689856827
0.01771482270863251
0.01844414351029575
0.015824154992846402
0.016318170707446917
0.015690793940240935
0.015240268551860019
0.01523726228150228
0.01510808301994226
0.015082087087775873
0.014381622618080786
0.014290308798142009
0.013820215101468249
0.01397095316034875
0.01438501955470373
0.014887735170587332
0.015432314890439823
0.015252897851037945
0.015087768707991573
0.014732209764180276
0.013613491958647566
0.011809468287161805
0.01154378682193985
0.010511580974561646
0.009519722313366721
0.007411303490818912
0.004856996241407854
0.003362624388975876
0.003165543979027864
0.0032166866468244367
0.0033035958194818473
0.00313424989515473
0.003618644071406516
0.0036176565058669784
0.0042299944205428435
0.005064928380224737
0.005590815358296278
