0.059230058305771174
0.059162433539792524
0.05707549857181471
0.0565987968519392
0.05355178278803565
0.05273429749447398
0.05312628038105494
0.05367730516259739
0.05373262915225733
0.050129094073094564
0.041991663587044044
0.03665536520584405
0.03511848538044102
0.036694726454110496
0.03370083562687213
0.02918524494039034
0.02444412949156651
0.023192998917922897
0.021997651611440787
0.021818988138714177
0.02086302316968536
0.02138731168471263
0.02208015045948763
0.02359453851313864
0.022629403948903677
0.02122667117798751
0.02124602468423949
0.022662423105282204
0.022632269730835146
0.02298290197586242
0.023469628378350444
0.022923339056665794
0.02339859254645326
0.022597930773341653
0.021644187421229436
0.01967269791251514
0.02008144962792729
0.020142372935704943
0.01989731826369959
0.019748395380200144
0.020307871462283033
0.0209880790304223
0.012740064557115544
0.012870556447224058
0.013207570768421297
0.013634745397297216
0.011287180396571521
0.011286022827204343
0.009573239588901722
0.008023253414822209
0.008008251457039827
0.008077444778382546
0.008573327899924458
0.007868335076369375
0.00801632969987993
0.008120212821175641
0.0060917882758570975
0.005930350307733207
0.005305634386940777
0.004936994385115925
0.0047814031790143225
0.004335756394747015
0.003926601241092351
0.0035519098565223433
0.0039006466884642034
0.0036860991782036814
0.0034178138385208326
0.003664679149639965
0.0034514837405494633
0.0036143912246754902
0.0034746876014751706
0.0033602033358522817
0.0031537360736937125
0.002913109538317109
0.002814048544354206
0.0030080026126644453
