0.054924890920546116
0.0558739228372764
0.048385991756169325
0.0482731994562599
0.04979739779039703
0.051246690093593554
0.05145558021842632
0.048808140873597965
0.04603870591464106
0.04232753860083558
0.04370929630124599
0.0412839414820202
0.03837667444633922
0.03682173793097031
0.033283598138236344
0.032063211814486736
0.029274241751182782
0.032387422185331485
0.031157592651458337
0.030135271753494317
0.021706985145777128
0.017513363042166767
0.014332910115156066
0.015379365669348158
0.018058677913444857
0.01993468383079974
0.02169987628487682
0.023524611225910493
0.02144263195453871
0.022059653195574087
0.022740085541291012
0.023436733346326795
0.023340549226704768
0.023537770266330856
0.023820135705006094
0.024094336100539675
0.01653407049441604
0.014030127898169289
0.013390157494086874
0.013220523916924189
0.012237117929319596
0.012455858566951979
0.012682201424974861
0.012168217679735959
0.013575712955279495
0.013335353554310142
0.012031661751538804
0.01091483859456403
0.010352039801548293
0.009696142254267542
0.009589359305754684
0.00969068648510142
0.009478355447795166
0.009869363307954779
0.010349775145127384
0.009351383738088642
0.008263446629664295
0.008386620565949167
0.008493081531790883
0.006729316427320161
