0.056107486748840536
0.05551539681292222
0.05188995610738462
0.051494506538655754
0.04715653706796034
0.049090976554700766
0.05139606577613886
0.05236161415289379
0.05314278542054773
0.05119473017385858
0.046353548110277115
0.04262197766975594
0.03963786559208562
0.037267040433037295
0.03667248879306289
0.03564076188130495
0.03711274322245252
0.0388634702865387
0.035954742318507586
0.03464476795220303
0.033932531013758524
0.03228707563479182
0.030870336072888114
0.029245187378013685
0.029448898863687005
0.029048178898322535
0.0285316681605321
0.028577988049262794
0.028186873350307805
0.02731459974326598
0.02740149002797307
0.027036158003408233
0.026018255131089855
0.02482539286905256
0.02314151609897725
0.021044775417104533
0.019958102842877166
0.019972923049362865
0.01988723118620971
0.020484384725356682
0.01980277959759019
0.022379844079287104
0.02028619945278582
0.018675102493436648
0.017668004276420672
0.017623345033533987
0.018096888930789697
0.018619340400121764
0.018487257072286146
0.01835472026612582
0.01907816639135904
0.018248816730509727
0.01848720147959221
0.018073337811203932
0.018362223114714173
0.016158763283466028
0.014165606096017235
0.013990827481381899
0.00990045860372417
0.007217363355757987
0.005907908890627593
0.006082585417544306
0.0064575213393083045
0.006890476033835681
0.0071908048296894875
0.00742515890192385
0.007417800986039839
0.006819879140101012
0.00557939044563839
0.004612465268018831
0.0034228668487549917
0.002988758751017815
0.0030281754953483974
0.003083215147261004
