0.05651207404945613
0.05659734006580474
0.05644953977618853
0.056398154655011995
0.056519828866973654
0.056275038675774255
0.05474958277350824
0.050876297801025684
0.04717336812734641
0.04442659885617693
0.046829412418069885
0.04643903262854554
0.04478020095616036
0.042551853900664634
0.039710852156402736
0.036465229838558245
0.03406221954614063
0.027115796444799986
0.01937921803737441
0.014022454695145951
0.017730184781135
0.019044335951361815
0.01683418637407419
0.01543629381376014
0.014471596608538398
0.014323319504009351
0.014652523961889308
0.01498274741452564
0.014665463537225332
0.014059457373453613
0.01443170696269021
0.014247497798148327
0.014002156832830877
0.014056907719092836
0.01361550825691467
0.013483679064182954
0.014383127967422048
0.015958978323377022
0.018605835847153952
0.013643020718082682
0.014478318013369447
0.014792625602316402
0.0149068583454335
0.01452135586023642
0.014338376860324235
0.013090594405563021
0.012390532468525473
