0.05574108201130129
0.05622020270348016
0.05510583001469692
0.055493534940372805
0.05500747379246812
0.0523883644004889
0.04659206912907727
0.04715524329746937
0.04431701213741096
0.04050411583546968
0.03411835769534121
0.03528312904934651
0.037849257165117056
0.03836058427764263
0.03729072442158792
0.03737739247603502
0.03725633142922942
0.03669754303902137
0.03561677028507358
0.033737581038459065
0.03173728588508644
0.03039393900436912
0.029984491667974397
0.030082910908253678
0.029627523183465034
0.029102992828837188
0.029717589069967545
0.02992323953983671
0.030372718972363398
0.030835972195001875
0.03118076280489009
0.031141751472752745
0.031145003606042578
0.03135431058802463
0.031691413595447186
0.03129321029100521
0.030234736470158095
0.03028879223207562
0.02957376413307075
0.03027356526482021
0.026487527616368654
0.022582489422080784
0.01982629529523818
0.019656637674194517
0.017809162384010393
0.01623115322601702
0.015756572632666645
0.013813349067159227
0.012567036043239508
0.012190184042662729
0.011466627934318732
0.010071565162743643
0.010077460004078016
0.010042561343748988
0.009019486356970299
0.008365641087554576
0.005844978937913193
0.004523850624395719
0.004547715544527829
0.004558749146896318
0.0046791265408653825
