0.05943887451653416
0.059511271432467386
0.05843450088562833
0.058791587624894254
0.0583857159467841
0.055917272100763665
0.049255244547345284
0.05418504004742304
0.0533969870050807
0.04860105706304343
0.04235965576420531
0.043399294201569266
0.04246912053933915
0.03969847355464082
0.03839026807276788
0.03503573440922876
0.030704226325543964
0.030833646027874414
0.02991798642611644
0.029468992728133424
0.029343132971295333
0.029142464103671883
0.02898709914983945
0.02902026578717189
0.029014917530826405
0.0292634248054422
0.03016257449516052
0.030663848527102657
0.029290865549816195
0.024475265907428122
0.020504804350013794
0.01873821235990975
0.018313848592519087
0.019494261251617122
0.0206631851861428
0.021100875864288198
0.020935023688560324
0.018864255672003876
0.01656690472111528
0.014144643284243166
0.009282907511591653
0.007029566259540125
0.005406448742256193
0.005806233888002123
0.0061873815154539
0.005134816178828605
0.005090203190540909
0.0051660679703740995
