0.05478200901906885
0.055326539097891834
0.04898088145609871
0.04750018431680535
0.04771418359033047
0.05181654330074666
0.052959591308731124
0.05264158938001619
0.04772281492159865
0.04706714928325983
0.03764961935690297
0.034758251550431864
0.03223672220096152
0.0340000636090722
0.034732485549137875
0.036625318211927806
0.0340069502292183
0.03066113450419904
0.02892304969704822
0.02712743461454633
0.02595409052157662
0.026852057285182283
0.025486297154848823
0.025314488919698022
0.025904042379274895
0.026259973816926713
0.026366942703497497
0.02648557001935814
0.025875336271428587
0.024949361349141892
0.02423738385503086
0.024654235115007368
0.02503421441213903
0.025300692829150817
0.025294416388818266
0.02511394959699287
0.024837176002090497
0.024486938013919293
0.024034450110153482
0.02393234895699955
0.023659757649729867
0.02374089594187629
0.023871327618494583
0.023682672869418633
0.023678114413008287
0.023792091201987633
0.023079402886664793
0.020969206131643377
0.017758636014247903
0.013542235047410573
0.00755691068320034
0.008361399356917458
0.007981961852925028
0.00762284895552842
0.006574106445739471
0.0061115989187131925
0.005947460362057175
0.004848800490135755
0.005227861066174498
0.004956857913183744
0.004524476195773731
0.004694167079019779
