0.06645732008421108
0.06638000434127912
0.0663043731995784
0.06616290933353655
0.06586800421364988
0.06537652093367899
0.06480218167058388
0.06413927814728544
0.06340739954652398
0.0627845049185848
0.06229547887255982
0.06194562533749088
0.06170686150719063
0.06145494417293594
0.06117715003829031
0.06085090816960208
0.060540921808802925
0.06018553840187796
0.05983040030524884
0.059511940155164346
0.05919140005069178
0.058847724204438984
0.05822608524909425
0.057314501387160585
0.056155036674031114
0.05493757397328476
0.053853662820203305
0.05286026759731276
0.05197294268940417
0.051260337811764964
0.05070698712583835
0.050335540313095624
0.05002628122309356
0.04973688829722334
0.049449280698036974
0.04917544393763581
0.04891777487864269
0.04870976739637232
0.04854458588905811
0.04841596113256228
0.048308808344922544
0.048229880619071255
0.048183915781635916
0.04815482069002774
0.04811984326940339
0.04803401418893859
0.047868603585802846
0.04761721317283062
0.047321161806903836
0.046999105587056875
0.04671037578028455
0.04647324539361443
0.046122788650497716
0.04557749515492732
0.04482391573909203
0.04400947227304058
0.04329669292222396
0.04277458977086377
0.042386849251081896
0.042035930313824785
0.04170231343177817
0.04130087756851126
0.0408657670871875
0.040394715104046026
0.03973663350695181
0.038829997865015266
0.03781328785599938
0.03708786741007079
0.03679856493558966
0.03672937697978196
0.03671150362156552
0.036696659065349156
0.03665640083983536
0.036450065994075236
0.0356475819687836
0.03423787295643937
0.032822498272887246
0.031795012405661266
0.031165222405471656
0.030827127430174146
0.03065080905724427
0.03056747076112361
0.030532229492866013
0.0305100496984401
0.030478139836908325
0.03037878918580166
0.03022584365516748
0.030154394458013815
0.030098118392113064
0.02997057193342323
0.029718178828474016
0.029000124425649372
0.027653094946641595
0.026260121009786804
0.02533901185117425
0.02489322410214409
0.024690605340380718
0.024577807880673156
0.0244941026116216
0.02439045848622162
0.024181801313010537
0.023725303667419567
0.022799617693446565
0.021618897088724214
0.020959699944662232
0.020769229270428784
0.020697864253118096
0.020649374910068408
0.02060478636048359
0.02058050907742664
0.020567121849956262
0.02055967669332833
0.02055088815918532
0.020538254377301543
0.020509387024350366
0.020477422252619767
0.020414999446683693
0.02029637091871764
0.020258395784286624
0.020251007609312907
0.02024505055951905
0.020239542779441518
0.020231459173880306
0.020219266293469724
0.020204748110419772
0.020192900979740715
0.02018458729060479
0.020177677623392624
0.02017300832080892
0.0201721794134053
0.02017151523791635
0.020167786255398563
0.020147308487559065
0.020102464553345564
0.02003689998834015
0.01995824476835012
0.01986345951748127
0.01978314189541203
0.019732495860009136
0.019702785212331445
0.01968372952780679
0.019672212586822398
0.019658186126289747
0.01963731067781865
0.019610316252976753
0.01958283774516373
0.019555120346456695
0.019514057961159164
0.019449569729815222
0.01939472955849607
0.019358476112374404
0.01933934478476254
0.019329630756371438
0.019319007704964256
0.019303113836812814
0.019285888455994406
0.019278657697401853
0.019275095171540482
0.019270526896795984
0.01925665706926741
0.019237949986962845
0.019220812561816163
0.01920966282115283
0.01920185378715027
0.019192643575153427
0.01918386877736232
0.019178197794602187
0.019175649423357356
0.01917351360466635
0.01917217456368269
0.019173155930828804
0.01916637351012905
0.01916502931196705
0.018938082214283336
0.01772385585302017
0.01574838662722613
0.013692339146584073
0.011811688292848286
