0.06611061995556494
0.0660264890173228
0.06593809354722363
0.06575089294891293
0.06536833747006589
0.06476395319186576
0.0640872172485387
0.06343304103743104
0.06285897679856163
0.0624388085947553
0.06213461539365491
0.061925115959545425
0.061784922412073374
0.06164263526897747
0.06149291226900456
0.06134537488778657
0.06125574349369574
0.06119485048320292
0.06115084370559861
0.06111587238333289
0.061072424258269024
0.06103525746663433
0.061003432724458385
0.06096572581553034
0.06094283815009403
0.06092079998797516
0.06089640294330588
0.06086605999175566
0.06082444247469995
0.06078116612315506
0.06075675728193524
0.060742114311514696
0.06065876036168552
0.06022206760900062
0.05951276818516151
0.05880791396873515
0.058159532300529546
0.057597595665470014
0.057141922499206466
0.05677114877333844
0.05648370859254739
0.056246547908829166
0.05596584518240487
0.05554696662389161
0.05506610158649024
0.054719198634194596
0.05452822134071402
0.05438377630156804
0.05419126574523097
0.05397300834728176
0.05380846945160851
0.05367883380010941
0.053597936317762294
0.053541221619247306
0.05350574557331783
0.05348060647193298
0.05346545838438278
0.05345416302023227
0.05343170307107356
0.05338862208509292
0.05332546725303358
0.05321419961024515
0.052939010133669126
0.05231689675582558
0.051402127842860953
0.05046993083338711
0.04977559626058841
0.04934610738589849
0.04910326159278753
0.04896787137723245
0.04890853188413225
0.04887587561210742
0.0488500902556786
0.048820978284196466
0.04878051793774877
0.04875493170771097
0.04870403849385707
0.04855444927704155
0.048411407240016295
0.04825545830285443
0.0480669918254674
0.04794065451479546
0.04788145979300712
0.04784347864256784
0.04781624766206221
0.0477897079414048
0.047770167067153764
0.047756073767805114
0.04774503212256528
0.04772755069466115
0.04765506912703988
0.04738699213476063
0.04666600680164803
0.04550376915586239
0.04430210796085228
0.04340468085838202
0.04279884333940131
0.042424134317249985
0.042180172485540325
0.04197588646484633
0.04177566326037933
0.04157707783494486
0.04139676853909594
0.04123044093443958
0.04107746379283501
0.04095773160888281
0.04084456890310775
0.040747701220816154
0.04066049224568639
0.04060441484359581
0.040558897632652254
0.0405266564940242
0.040502475613275045
0.04048144082770091
0.040438184416859896
0.0403462886324367
0.04015982504340431
0.03992906852778032
0.03964738851484138
0.03932765738159457
0.038981052144380135
0.03874117872699701
0.03860358259881155
0.03856997184664533
0.03857145625306586
0.03857176498261777
0.038562845642513624
0.03855292918890656
0.03851720206291807
0.03840115015512396
0.03795942876972341
0.037151133241935946
0.03632088750162178
0.03568487189356531
0.03525835937376685
0.03496974087123494
0.03477882487921623
0.03464285292273634
0.034505759306405134
0.034339520331709034
0.034145290899766444
0.03395316476327698
0.03376211640493084
0.03356146366638711
0.033318969078416034
0.03305140738979431
0.03274099418943998
0.03241056085856773
0.03206647457778441
0.03177799136201111
0.03153138524349623
0.03128508685019646
0.03110476204878185
0.030957142459201253
0.030799105805277362
0.030547777505852105
0.03012672363546036
0.02957261594355103
0.028983677782578144
0.028444220941554417
0.02797946286356505
0.027539868127174686
0.02713769543509611
0.026746403103133812
0.026401977775173554
0.0260590545026097
0.02569799848134935
0.025316938842980276
0.0249636204863306
0.024589651043253235
0.024200548528044256
0.02382546681655141
0.023494265167656958
0.023239342100722076
0.0230386762780642
0.022894691993154283
0.022780047571177818
0.022704346514218415
0.022637145475844975
0.022567062650404028
0.022492800274659393
0.02241944468290361
0.0223484864228648
0.02228407420673523
0.022229978228849118
0.022185572303744548
0.022155356601500677
0.02213251734816299
0.022114273565123937
0.022097462182418308
0.02208542625987566
0.02207542869786616
0.022068452558632483
0.02206241852590652
0.022054460978070456
0.022046269334317557
0.022038945780824607
0.02203449040130046
0.022032295028976828
0.022030987686198815
0.02203094337218106
0.022029814074018956
0.022028454437422504
0.022023074327744026
0.02201062343950658
0.021989672015256704
0.021962990480270863
0.021942421108897964
0.021927842239516156
0.021918910852946127
0.021913569714116565
0.021909708625729912
0.021907677918395183
0.021907395778037207
0.021907244481709467
0.021907076689946223
0.021905023169346897
0.02188493425326516
0.021640080190716806
0.020696840370609915
0.01892711506555092
0.017134246322769494
0.015798005810709337
0.015052610375547414
0.014663637545077098
0.014392981802064364
0.014208241658779675
0.014085344964500476
0.014005432217330685
0.01394709989831239
0.013909348075261304
0.013881168337875506
0.013861355873590272
0.013818301335024461
0.013792839982883245
0.013597664724342644
0.012947835361602362
0.012423714751663007
0.01216929193480817
0.012036360696963533
0.011978112440650416
0.011946316823305894
0.011935813002723762
0.011118502049701148
