0.06636391606813077
0.06635218990974882
0.06633886844311007
0.06631564799893723
0.06626361936447225
0.06615254052742743
0.0659932059285324
0.06572453376047137
0.06522664942824985
0.06454652034567344
0.06380175735443992
0.06316027367081317
0.06266734726409211
0.062331082721884735
0.06209622841124034
0.061873033659273
0.06168391024186139
0.06149280673051481
0.06132224500930097
0.0611810035525075
0.06102915969303495
0.06089868771254422
0.06077890483985001
0.06063461072133769
0.060422879872404515
0.06008556019421255
0.0595350781647639
0.05875979059765217
0.05789894836392476
0.057061476757973156
0.05634908110812379
0.05581426537788202
0.05541599517595755
0.055161665373997096
0.054905938342710445
0.05456348958594966
0.054069444585850106
0.0534267187522494
0.05267007393331566
0.051929070127922444
0.05128045921327286
0.05077041122635486
0.0503790516579228
0.05010457076474522
0.04993475911756447
0.049834221215668835
0.04976701136423784
0.0497046497651882
0.049639589772961915
0.04956933159476503
0.049500808906437634
0.04936008274826092
0.04898949650272118
0.04848086946914775
0.04800610777933334
0.04769798421159742
0.04754598240891153
0.047445677144925334
0.04734818850237008
0.04722888867086701
0.04709953621880908
0.046982186942318184
0.046900157985713266
0.04684805811082928
0.04681331114703092
0.04674281979199082
0.04665019060796747
0.04656679022590922
0.04646949451952377
0.04601682749201821
0.044759381801162824
0.043556738973975745
0.042976861060723404
0.04262470139388472
0.042374004916743646
0.04219195814901742
0.04206662507799144
0.041980869326449864
0.04192104923780596
0.04186542617177141
0.04177719720036212
0.041642808191843315
0.04148955013186288
0.04133451666764273
0.041184166113581985
0.04102489924130817
0.04073003469015801
0.04026043689399775
0.03999402713826237
0.039925578609457585
0.03985845650559373
0.03973957851734155
0.03951092962672828
0.03928100468673789
0.03908752261557069
0.03897689362850456
0.03892984218742536
0.038896678746126186
0.03883223023387365
0.038492539203746574
0.037749855006992426
0.03690542783926356
0.03611743838982108
0.0354684364216266
0.034952836978004796
0.03454205183912509
0.034135252904429675
0.033711657623152605
0.033282057917227895
0.03290557736707355
0.032602550773103936
0.03239937967970928
0.032243998278120266
0.032132592442333616
0.032053417758470024
0.03199415403238377
0.031949368035894814
0.031914073408514425
0.03186721575906985
0.03174364050605615
0.031623110849248647
0.03151171067775662
0.031408857974958425
0.03131858019089166
0.03125705090274467
0.031220370590462482
0.031201685879304487
0.031190125858964975
0.03118476807262048
0.031178845766713068
0.03117418443458214
0.031170400937178683
0.031166379678327374
0.031156395925168785
0.031133089236883182
0.031100218634356074
0.031058301418932354
0.03098201085216089
0.030902547801461143
0.03084522058853354
0.030818768185717618
0.030806277637077793
0.030800677381026133
0.030799362683354727
0.030799212889797284
0.030798534771199846
0.03079115088942062
0.030771941520003593
0.03073757025950522
0.030687455169118437
0.03061398614648487
0.030544468685898173
0.03048622507952351
0.03043607643577454
0.030342582429434307
0.03013931893610563
0.0297458616511252
0.029138717855141296
0.02840854223390937
0.02763028124042415
0.026877806105030416
0.026233302611834697
0.025671754520276938
0.02481706159229901
0.02315871852608786
0.02090249119001313
0.01877265265858334
