0.06791595825748849
0.06790486642968124
0.06789106310770636
0.06786249502253479
0.06778941813633672
0.06761983962096965
0.06735449727259063
0.06695105735558343
0.06633704324927693
0.06559923585046565
0.06483844959276963
0.0642086274795859
0.06374461907138815
0.06344649243052912
0.06324960130464698
0.06306628672267803
0.06291745286587053
0.0627689128814635
0.06263779734970959
0.06252899117338913
0.06240994245826251
0.0623084608983997
0.0621929176985081
0.06206269470268333
0.06187433438297462
0.0615458210375873
0.061027356759245505
0.060269032240594586
0.05933515687407419
0.0583913747011901
0.05753622621018701
0.05689034955666201
0.056390731740195314
0.05599139479098529
0.055649889005719946
0.055321649812252884
0.0550083820953897
0.05476690555717426
0.054597918764366274
0.05444931020711888
0.05417204355075583
0.053849118031373405
0.053537701305808774
0.05324180756416403
0.05298284749465133
0.05277541267692964
0.05264868489308198
0.0525416194379675
0.052475683310510064
0.052410068730689874
0.05232003418013847
0.05218035411279135
0.052019926936554516
0.051832636347881135
0.051548180572197906
0.05119816033527899
0.05081596472023037
0.05040073641786776
0.04998097501141894
0.049572462686102894
0.04921805087150681
0.04844070292802756
0.04761164504358075
0.04708656411067521
0.04680456669681006
0.0466592628449883
0.04649053699202586
0.046084534076092365
0.045258784468563046
0.04395725238074711
0.04239200476937811
0.04088945033731943
0.03957972101984423
0.03857668314449381
0.037869821519386726
0.03736463243202937
0.036992854389736464
0.03664569952186127
0.03624363135209191
0.035838987387769285
0.03542632248723069
0.03504878659796333
0.0347498334725345
0.034517030675520526
0.03428783128732049
0.03401035972172888
0.033604579071569364
0.03309123026045247
0.032588810309431865
0.03218084395060449
0.031944124195232744
0.03181753442028278
0.0317336810968527
0.03164530980268306
0.031615286416830445
0.03160734941547963
0.031603004733888246
0.031599847848029605
0.031599069126025996
0.03160064822658361
0.031602744191056714
0.03160551818933554
0.03160861031033683
0.03161111748303688
0.03161245779950777
0.031614818982216485
0.03161962700161704
0.03161743657970034
0.031534332608040866
0.031077675877637385
0.030148913538036774
0.029063022009119623
0.02803582473585206
0.027215148198643048
0.026593879577085738
0.02618797550388254
0.02591888877672575
0.025739731032813528
0.02562365552319818
0.02554713219475978
0.025500441001451258
0.025468966578875818
0.025446021400405097
0.025420742703486095
0.025386235872384907
0.0253487551327119
0.025313669574548024
0.025284210483106254
0.02525811263585712
0.02523402043591869
0.02517784956306447
0.025028060673594046
0.024858499714394893
0.024702319231147407
0.024556515205623502
0.02437677697876173
0.024247318737054824
0.024161790017951934
0.024099966158053716
0.024038389172332558
0.023937135994806732
0.023808828574275485
0.023698283146151175
0.02358472039552388
0.02349287457259992
0.023407815034894613
0.023337244401094373
0.023271436413208838
0.023177669829873047
0.023055901062829842
0.022956610892529067
0.022890249760691178
0.022847152742397625
0.022818094122943777
0.02278975690498307
0.022762166919153465
0.022741786111604063
0.02271375063996561
0.022693706181218784
0.02267068408231054
0.02265339330000447
0.02263807885776719
0.022628541404233364
0.02262038637965123
0.022611580276855434
0.02259833156301138
0.02258176442498197
0.02257112373157719
0.022569569180078675
0.022569277434476138
0.022567077222395315
0.02256489618270264
0.022564858147339027
0.0225648954837003
0.02256483253158612
0.02256454829731778
0.022563464310975615
0.02256091200969324
0.02255907780101086
0.022557552032318844
0.022557065092651356
0.022556750094549976
0.022556610931107852
0.02255625347263145
0.022554089473037445
0.022552376288765177
0.022548098053939675
0.022536072553671772
0.02252317422343887
0.022522039193045518
0.022373752011635682
0.021215289605491388
0.018481353731668232
