0.06578004579369251
0.0656281201877741
0.06553293620823562
0.06537022977499536
0.0649977912420315
0.06433227271794434
0.0634976059285714
0.06262859722945002
0.06183544392048805
0.061234792634923305
0.06078306096682633
0.06045500846736091
0.06022160724252785
0.06004449683031361
0.059912623204902545
0.05979871428303482
0.05972966510902875
0.05968522390540326
0.05966363018257387
0.059638625592755075
0.05951998102588867
0.059313612071607076
0.059079046502163196
0.058835420322637666
0.05865891596616374
0.058515854066952165
0.05836324324833631
0.05821522698755947
0.05808887907321901
0.05799025713863228
0.05787333936160335
0.05726176293651006
0.056217803748961216
0.05493057888813961
0.05358405138266907
0.05243986465152674
0.051543628174444724
0.05090422369774487
0.050508250253055643
0.05027842530639974
0.050113914432635534
0.04995528861542838
0.04977426152799736
0.049600040635929425
0.049435927738403884
0.04928845693024918
0.04913963168439394
0.04901236207245456
0.04891828945140152
0.048850905023014125
0.048781229724822746
0.04864947260915634
0.048407033487121304
0.04809518173013951
0.04790206149864973
0.047815349933843926
0.047752574825203176
0.04757790955029568
0.0470948559967433
0.04669006914585364
0.04652646942201664
0.046473915338819005
0.046457498827471036
0.04644966735818922
0.04643165125217609
0.046385060931602294
0.04628292238180982
0.04608186393448459
0.04578240674158325
0.045299402452066845
0.0441054830096443
0.04216935021191695
0.040348058586133634
0.03916334405508535
0.03839770220661262
0.037872452061189416
0.03749837777720887
0.03720861856347997
0.0369434528322748
0.03664985997962711
0.03631395038783832
0.0360132132174784
0.035731006028398175
0.03549094228110276
0.035316923249539126
0.03519320200696749
0.035107945400999555
0.035049914459695714
0.034994423130430795
0.03493884046170534
0.03488649579431769
0.034830672872709384
0.03478765617769026
0.0347461793199041
0.03470580854930386
0.03467713690639853
0.03466092122447661
0.034651615122491077
0.034638913591674286
0.034627734738783104
0.03461037455620447
0.03457633305550024
0.03457220369126288
0.03457133801272189
0.03456669132016156
0.034540848751523454
0.03449996894467923
0.034467561945703724
0.03444731312455312
0.03443462182423
0.034427938925816415
0.034424132723203126
0.03442281704284747
0.03442270761084856
0.03442282140172635
0.034422272829399726
0.03442051865080128
0.03442062070181949
0.034391912650068204
0.03427093315055642
0.034108725463167344
0.033981721813791464
0.03388431615893502
0.033827880225814067
0.033790999910086564
0.03377128201448856
0.033755985680786076
0.033740878265981274
0.033727574571400916
0.03371966181953581
0.03371257545956337
0.03370185321721684
0.03368558384498346
0.033655533064241475
0.03359541033619351
0.0335259191426664
0.03346424244845793
0.033423870019745144
0.03339287128227649
0.033371259430582785
0.033353378263894166
0.03333825932547741
0.033322540548910595
0.03331748725175142
0.033317638532385084
0.03331504352719801
0.033261326470710666
0.03305996488179006
0.03266533497099898
0.03216390572103004
0.03160679962488301
0.03105567034024984
0.030484479278311386
0.0299446340973811
0.029536950159499517
0.029235939885962105
0.029049311375065674
0.0289363164254091
0.028866516094753897
0.02880803162860723
0.02877377908037555
0.028741630110058692
0.028648861266509822
0.028408683858948916
0.028045537535091633
0.027611902848152257
0.027202621154106356
0.02675851592334367
0.02627906207453059
0.025794165408824517
0.025364978095410905
0.02511445362619207
0.024925565086503437
0.024761152569629342
0.024601863337783348
0.024449286517437843
0.024338319173242848
0.024230366587689
0.024115931669831055
0.02402371408806009
0.023935178865387347
0.023863722565598298
0.023797949978152252
0.02373887175146853
0.023695753032060608
0.023666541571138837
0.02365327403230137
0.023646633961198794
0.0236392473517091
0.02362181511609371
0.023576155279831153
0.02338307554175897
0.02294397422849513
0.02220134591235811
0.021176174426900923
0.02005464531604435
0.019007774828265735
0.01817565326779707
0.01753170398767864
0.016993388507559864
0.016544373569315436
0.016187948883335843
0.01590621020938064
0.015724660229187892
0.01560557789223289
0.015471028492080076
0.014982928565877227
0.013737014020250978
