0.06696227016252551
0.06681870595567992
0.06671109098919906
0.06651656934484539
0.06612154046349396
0.06548687312619814
0.06476637215034083
0.06406853989451812
0.0634561791648849
0.0630105700469669
0.06269078077306885
0.06247293697657095
0.062350173556983496
0.06227058178603521
0.06220677659837317
0.06214632576187589
0.062117372852900164
0.06210219642033774
0.062091347140571206
0.062079205543920095
0.062040635624802554
0.06198314611258803
0.061925673245236276
0.06186825499143933
0.06183578993946422
0.0618095961151866
0.0617884123282028
0.06177501149777403
0.06176704624584614
0.061762123851886785
0.06175393288105473
0.061607763236825284
0.060980128875992946
0.05993836797190892
0.058822601493804326
0.0579876620404443
0.05742905244944604
0.057065324627349236
0.05682607556990292
0.056651730844273974
0.05650283149283306
0.056367168630368975
0.05626080567187011
0.05618719337726503
0.056114596998997075
0.0560565013009537
0.05602512120424168
0.05599837344696269
0.05596250697286136
0.055915499336877304
0.055878581054767576
0.055795256626680396
0.055722525079357245
0.05568571150803224
0.055664814876527226
0.05564936304868637
0.0556355042182005
0.0556181696948895
0.0555986429534272
0.05558002847179153
0.05554891255729754
0.05542678244236811
0.05497562866371967
0.05402919524935384
0.05269050856552366
0.05122930337231653
0.050047092882789995
0.049159086563336715
0.048523554867175925
0.048090176467539325
0.04773893620410522
0.04736088945757972
0.04691144856022772
0.046312652016115625
0.045616266444209
0.044953577025303226
0.04435688894220912
0.043883553907447956
0.04353721378585429
0.04327169711756009
0.04305048681402047
0.04284067033184322
0.04262057358737425
0.042424744107793795
0.042204716438225036
0.04198125341158452
0.04180359377396999
0.04169129994686682
0.041631397741286776
0.041603897416234645
0.04158932559324934
0.04158356813014384
0.041580874938581674
0.04157576953656605
0.04156586801061288
0.04154942771920921
0.04153579241786732
0.04153305705505601
0.04153514723752992
0.04152719079045811
0.04152679000625126
0.04148176167721894
0.04137218539578551
0.0412623772858842
0.041132766595949874
0.04091889879842751
0.040533647613583905
0.040055638985159486
0.03954207679570074
0.039125993090316856
0.03884475392533159
0.038673543801286514
0.038592591945424394
0.03851917855339238
0.03832543543875264
0.03803236320155007
0.037848957484721626
0.03745817704742647
0.03610014621442098
0.03442234375603291
0.03346134964901009
0.033100229881408934
0.03296738639220369
0.03287098514147456
0.03280373937127405
0.03275258641917851
0.032695212306310714
0.032618054797509094
0.032517948803039334
0.03240343770923546
0.03228187790961316
0.03216998236965636
0.03207856032911021
0.03200069185964288
0.03194743559891809
0.03190160875860096
0.03186414739423633
0.031813988296719234
0.03174825056564591
0.03166981770745077
0.031604890913406486
0.031567705837208374
0.031545235038659865
0.03152970501465894
0.03151759015939515
0.03150278680872164
0.0314912682426748
0.031479195408730995
0.031467977374428135
0.03145862529186708
0.031439008444873975
0.031385120069896605
0.031323301479914925
0.0312702928819161
0.031228869691951638
0.031198421616503824
0.031165405688522507
0.031124231255784743
0.031068865707360685
0.030911181137947233
0.030641510502486854
0.030174363050714775
0.02976243373173441
0.029415887484730473
0.028938056818638126
0.028150885882525595
0.02708072704298346
0.025929210304068508
0.024939082967807027
0.024140558383266054
0.023569435986825846
0.023171220364121243
0.022784815863047578
0.022159357416502334
0.021027119860541548
0.019194206016179428
0.0173513842567054
0.01588234672453375
0.015019678606139179
0.014541836228129362
0.014300102589615966
0.01409300118728294
0.013904613654568413
0.013644992390045073
0.013262611070378402
0.012722955252085602
0.012009511477825148
0.011136420109154154
