0.06785140676079511
0.06782408373777687
0.06779040140702239
0.06771349293890017
0.06751856151866634
0.06711064827233691
0.06652787304546733
0.06582833877961856
0.06510666930771225
0.0645185136157894
0.06406392641257237
0.06373890263781941
0.06345251188609802
0.06316726311311821
0.06289679412757862
0.06261615574083257
0.06238143236699833
0.062128425730237115
0.06188827086915121
0.06165449208771398
0.06130228170309762
0.06089824972944008
0.060411332995681584
0.059803442534813483
0.059099220903474636
0.058294892774784154
0.05746230081019275
0.056713634671398706
0.056078062280649564
0.05562542483286437
0.05512907971329212
0.054498858405822616
0.05379953520812221
0.05314734971053278
0.052568573998951575
0.05213022178013319
0.05180355435427751
0.05151540993967338
0.051177127374623904
0.05082995773154524
0.0505276709108301
0.05030058522313397
0.050141351239058746
0.05003765121826205
0.04996379972294776
0.049877241078490626
0.04972091124449604
0.04938091852384768
0.04873992085132778
0.04772646699543413
0.046515798051883835
0.04524232207219311
0.04394605480866475
0.042803957900221054
0.041966975138188395
0.04141466070353017
0.041075925150905225
0.04083864101329929
0.04066089227168263
0.04054283057562997
0.04047544007482811
0.040436880801144055
0.04041782634891551
0.04040566242589573
0.0403998453924672
0.04036108680818734
0.040253788831946524
0.040153038067126404
0.040084208940054405
0.04004972869603725
0.04003495557092846
0.040027121508030505
0.04002374770491064
0.0400219349942084
0.04002086860993291
0.04002025795365403
0.040020594598805734
0.040019859448369055
0.040014145062023145
0.04000156993202872
0.03999938137396102
0.03999717553301451
0.039986681727189215
0.03992068825919028
0.03992023803710992
0.03992042503942882
0.03987881548107276
0.039708427853199856
0.039547678540901215
0.03948637086509646
0.03946932413835385
0.03946419600019286
0.039461271498311835
0.03945804350878338
0.0394530669112649
0.03943449675179632
0.039351571336283996
0.039113287836852036
0.03845838956853633
0.03721056353613055
0.035537248492429424
0.03396882009927848
0.03274080698743978
0.03190373227488636
0.031353939228767995
0.03090572524821776
0.03042445748463583
0.02986345215952109
0.029152185294151523
0.028396874236328085
0.027629878623997257
0.026908868710207257
0.02629850584146416
0.025822904962771467
0.02549753613262595
0.025219527945449183
0.02502161007480593
0.02487247366913953
0.02475777658601782
0.024669642016470233
0.0245989379553328
0.024538720316132037
0.024470221342363693
0.024338575480297633
0.02408727177901365
0.023824694045172286
0.02371154108061552
0.023609682725299206
0.023479821043594282
0.02333047732714394
0.0232015991988736
0.023091757749748046
0.02301430203910349
0.022960116382186965
0.022914396589322077
0.022881403306072204
0.02285806117160983
0.022834421239548503
0.022819989284031676
0.022808964526804427
0.022796269498897646
0.02274983476944658
0.02263330850376882
0.02249921383672416
0.022402518534040686
0.022341233118474704
0.022298732675230405
0.022269727205974064
0.022247410096030974
0.022229570522667226
0.022216122301686094
0.022209232564330123
0.02218955020719693
0.02212173594227172
0.022067739533186942
0.022029911269117953
0.022010437278035318
0.021995456180152643
0.02198557257194218
0.02197981657584374
0.021977485172572468
0.021976263598503007
0.021974102221918517
0.021919807765545536
0.02184914837261514
0.0218022893984958
0.021763189786789327
0.021739817143395262
0.0217242613135242
0.02167908788404619
0.02163690810559344
0.02159463801758079
0.021570134038131943
0.021561376564279734
0.021551099180044636
0.021543136745128182
0.02153552609484572
0.021521367047405704
0.021503975501687842
0.02147353940497753
0.02143494492557794
0.021398029025060838
0.02135874513185183
0.02130877780856597
0.021261731451987634
0.02117964654423843
0.021001141881768073
0.02065070220582147
0.020110425257261682
0.019368663352142924
0.01848499130805187
0.017539982265313756
0.016666534292285193
0.0158601418458231
0.015065682842947556
0.014275007904731865
0.01350093483783035
0.01290309578592292
0.012465101125077947
0.012041055896373554
0.011533453244897632
