0.06727539226226714
0.06721994147276837
0.0671577960380161
0.06702331364575098
0.06672650389249186
0.06620006702289429
0.06554690883162878
0.06485195074649326
0.06419228375245707
0.06368358415087956
0.06330117537066667
0.06303155541605206
0.06278836955251625
0.06253394266698692
0.062277885081531856
0.06198962334704963
0.061721930045455876
0.061406303793372405
0.0610816117856506
0.060746706691376426
0.060257583249263585
0.059708088477449135
0.0591046411669659
0.05845304294404125
0.05779700535347603
0.057106078251593057
0.05639766333365923
0.055739077618390497
0.055181254340255066
0.054678314164551156
0.054052290680758494
0.05330611408944254
0.05254989084893913
0.05188387974525771
0.051351386442750044
0.050943089664708056
0.0506031824650839
0.050336222722925233
0.05011705134860993
0.04993192934354856
0.049817882069126386
0.049727135669663726
0.04962841513785989
0.04944910559575598
0.04914479724396824
0.04875608397120245
0.04839141884457738
0.048111167723371796
0.047927683997528406
0.04780997001645896
0.0477570244986828
0.047742596125924304
0.04773794418105169
0.047734504810695244
0.047735150450315476
0.047736656179285755
0.04772253331685977
0.04770092462409415
0.04750900528787236
0.0467230650862878
0.04555033289277903
0.044421387224293576
0.04360342900475133
0.04306561649113068
0.04274243522166988
0.042565666606562705
0.04245186561097731
0.042354553545675466
0.04223117712946634
0.042033740781194914
0.04177439225163229
0.041461537191395115
0.041133155489291286
0.04091158847257077
0.04072337773421558
0.040499382289043595
0.0402164638405587
0.03988355604766338
0.03955757089069328
0.039292395050311436
0.039096552286346634
0.03885508250073221
0.03850452932002236
0.03803045013967661
0.0375444929615117
0.037096864264409286
0.036731164418312506
0.036436081378296604
0.035993733578263507
0.035251345903994494
0.03429570609387469
0.03335602965798312
0.03260344483847021
0.032052696511396056
0.031667414063536806
0.03142358995993112
0.03126628012511123
0.031112936495549314
0.030856841460123803
0.030395382806399075
0.029737817531988068
0.029032969671873226
0.028376630600503286
0.02780270317303166
0.027349794279387944
0.02701359205814357
0.02674922390497595
0.026532968183567856
0.026321620343918536
0.026159896068084106
0.026032816127140652
0.025935050693600168
0.02585490472908119
0.02579857615807098
0.025731902018451703
0.025664599591162345
0.025593966022438894
0.025503136868583208
0.025336297697564125
0.02503834277437858
0.02469230947604043
0.024415584568051207
0.024207441047277543
0.024054824172094733
0.023945660578244352
0.023878836956066168
0.02385008732188967
0.02384262063718904
0.023836641428430408
0.023811008099062968
0.023757072344883116
0.023711457683985263
0.023667161844198047
0.02362117718715565
0.023571752728256394
0.023474875307617094
0.02324147999688165
0.02298348083603136
0.022810950652120764
0.02272647113245052
0.022680877289463653
0.02266064206178635
0.02264727365313492
0.022636935679606958
0.022625653153711036
0.022608996552583527
0.022586992142857663
0.022566830586454558
0.022550670237283736
0.02253836903797302
0.022526538949651297
0.022517471957160716
0.022510639733538944
0.022503548540645662
0.022497896718314613
0.022492551347767207
0.02248930802206041
0.022487752137293558
0.022481705562719164
0.02247604320603809
0.022457831896976598
0.022212436490152317
0.021765684509904324
0.021323881090480574
0.020940685505591968
0.020635507551462883
0.02026390377068958
0.01965279513337916
0.018430881709595993
0.016376567137557654
