0.0672033573580226
0.0671055233034715
0.06701048251827514
0.0668318291384523
0.06646513833520766
0.0658628895257237
0.06517025130078967
0.06449488079589645
0.06390277720556656
0.06346753429041771
0.06314515867520891
0.06291322961164206
0.06270754738075306
0.06250650034904376
0.06234543101050248
0.06223751894949496
0.06219256633519626
0.06214945316785863
0.06207035430344732
0.06193025556241554
0.06172729215581321
0.06153888109323483
0.06138640525753281
0.061247995301468364
0.06116352972378898
0.06109508517471337
0.06104501196270576
0.061005974077689956
0.06094998656539141
0.0608431267371439
0.06059417893188478
0.0598870847277929
0.058844977342947205
0.0578337194826518
0.056940847858114395
0.056154236099337576
0.055384212280475076
0.05467312662623806
0.054075858784895486
0.053672563915603794
0.053447738168177605
0.053324667729402156
0.05320019607622125
0.05302974676493277
0.052736791549564635
0.052242503403657395
0.0516576613632364
0.05127775642901331
0.05105058251651502
0.050903127862068014
0.050771787072667274
0.05061936693680368
0.05046758357303903
0.05025441603614763
0.05005263939805437
0.049868978512210435
0.049728449334391994
0.049594946043273656
0.04946288121406561
0.04931975418433617
0.04914039759588846
0.04894363381686799
0.04874288729206399
0.04844593450542406
0.04788807531317026
0.04718999935648364
0.04665211343522242
0.04629070332072664
0.046063464397258336
0.04592723252564069
0.04584905238189171
0.045824033827305224
0.04581975739567031
0.04581773433015791
0.04581982638512093
0.04582402310239689
0.04582869180674513
0.04582419387605825
0.0458215193621886
0.045817391658628186
0.045737975284834725
0.04522208807646116
0.0442238916461667
0.04315079289081318
0.04233234146033073
0.04178635877830761
0.041480554142491445
0.04132499730812368
0.04125038121413732
0.041204409966133046
0.041158599631853414
0.041071266727349315
0.040844877539988576
0.04052618774106281
0.04025755114599101
0.0400432924520851
0.03981543810434244
0.039608042933831036
0.03943029933245035
0.03930947794327723
0.03917374529233003
0.03897423425368393
0.03868604095575278
0.03836438289617332
0.03808498644552602
0.03771727004919022
0.037059562970999715
0.03582882112574145
0.03410933367458021
0.03255458822619478
0.031119164442574426
0.029680618994431234
0.028373569840592906
0.027399922429645295
0.02673986805871179
0.0262966340916224
0.02598849272582549
0.02579423109226136
0.025669039365904225
0.025599969091161436
0.025556524378830242
0.025521766415426198
0.025500221622020352
0.025454547941278584
0.025356712569545914
0.02518359314536948
0.0250436344604323
0.02494735832236034
0.024883075468828852
0.02482842671273859
0.024770961230532646
0.024697578396588926
0.024605700560552644
0.024562090557717
0.024561227423081818
0.024536919801186486
0.024394969781313516
0.023975183709209064
0.02336966520294985
0.0227194589095557
0.022163119281168587
0.021707255949013637
0.021386606401830887
0.0211505737823039
0.020947274531168427
0.020790842829702467
0.02068136229087306
0.02059517383370029
0.02053957745123594
0.02048987826929609
0.020431440861626633
0.020341128154446587
0.020218780337740036
0.020107989507985983
0.020035974370135747
0.01999123022797173
0.019955572449060693
0.01992418727004469
0.019898071732396612
0.01988332679168186
0.019869269817894462
0.019840408584904202
0.019829682224792377
0.019816755811683615
0.019804088752638834
0.019784767034111077
0.01977380336310301
0.019766422011297462
0.01976430133113199
0.019763846327110642
0.019763230902620103
0.019761861208798612
0.01976120852104757
0.01976100633542311
0.019760606677655626
0.0197591801884441
0.019757137637468395
0.01975197261009874
0.01973888223894643
0.019706692122551307
0.01966375195973486
0.019622596280137725
0.019603606760117066
0.019593758425252843
0.0195891655579517
0.019585872910973176
0.01958535117643559
0.01958484115861534
0.01957462477688998
0.019427646390864507
0.01874858571922952
0.017327309917406476
0.01555947619143062
0.013935186967527435
