0.06699292992069238
0.06691654113360622
0.06683679403986405
0.06667083477655042
0.06633507523477469
0.06580563832098354
0.06521627783874867
0.06464920753194023
0.06415410483900136
0.0637958384329146
0.06354014179416603
0.0633674048892846
0.06325443743463424
0.0631464696924586
0.0630411873986089
0.06293868094060355
0.06287118906139369
0.06281514199017582
0.06276696620999307
0.06272552448087791
0.06267467964103617
0.06263160184265393
0.06259458350320678
0.06255082759897027
0.06252351889370275
0.062497361269143785
0.06247577221096766
0.062459637150703025
0.062444887782729434
0.06243132677394495
0.062422387260765495
0.06240627642069876
0.06232602272447366
0.06206122775258388
0.06170928118133774
0.061398378002136544
0.06105121199565675
0.060629597478709295
0.06018014507743677
0.059747823615729216
0.05924662393548847
0.05865425262525506
0.057945183004586655
0.0570739859855799
0.056000558078915005
0.054879158198091006
0.053863820460250005
0.05305439310047845
0.0524628251732135
0.05205303472866804
0.051763712397227095
0.05153525924222883
0.05135551056613178
0.051205816314931395
0.05108037951247969
0.050940176277800175
0.05078463639803932
0.05062123669745507
0.05045451232146031
0.05031451577840108
0.05021733618986441
0.050150077264508326
0.05010567793940932
0.0500626193001368
0.049970538668939184
0.049786225905804025
0.04948471042043309
0.04905719354634825
0.04860177073788135
0.04815596606792766
0.04781051133919281
0.047534064704318646
0.04730530277263854
0.04711414015798218
0.04691533608341628
0.04672142028632719
0.04645277159798002
0.046031191583440795
0.04550207684179891
0.04495519276538366
0.04446602182680156
0.044097603089493086
0.04382285242899406
0.04363721349110414
0.043466003538214976
0.04319612609670548
0.04300243810646853
0.04291245617639874
0.04286569209944326
0.04284249899370107
0.042828412454475044
0.04281915793827039
0.04281333167973521
0.04280853274303231
0.04279959680475513
0.042776079185403416
0.04272322804412539
0.04266716302020313
0.04262868549864857
0.042606793071940055
0.042595212932784086
0.04258619251516788
0.042576927020760186
0.04257124299884941
0.04256260625354847
0.042538895366762974
0.0424831446964979
0.04237685398645441
0.04220607333748758
0.042042208125545336
0.04192486878036389
0.04167369930539013
0.04103731816382436
0.039480668743177544
0.03717098535856009
0.035363848148170195
0.03434297858000653
0.03385848422503936
0.03359074924180922
0.033424004321701443
0.03329787834587599
0.033199930518047656
0.03307215624531265
0.03293029060489241
0.0327755599855984
0.032623132513172004
0.032496659095704004
0.03238486285417714
0.03227798125481763
0.03218216019503309
0.032096431502812446
0.03203295164530118
0.031981077181168625
0.03194619282170809
0.03190610120676192
0.031857542137359744
0.03180305477610043
0.03174184524974027
0.031676675646417886
0.031619697994368666
0.03156507541935235
0.03150748328510167
0.031449734221588505
0.031182891978405982
0.03024844763608324
0.029018502059229522
0.027916672665323564
0.02711172135697702
0.026531670753455874
0.026073604126171917
0.025644935152704988
0.025267676053690926
0.024916076815762446
0.024610996418400158
0.024334149542279446
0.024090875190635408
0.023887193212334398
0.0237352966121964
0.023641339026211565
0.023548065762347588
0.023466810658798548
0.023379139345435868
0.023212317454012345
0.022739521252243638
0.021931079885520895
0.02094293375504011
0.020065662818451912
0.01943412151741731
0.019060619692663663
0.018842608129651692
0.01868856481279943
0.018522470316078257
0.0182629406620971
0.017836777356593597
0.017138813055769784
0.016224198574440508
0.01511786449520882
0.014042141452107477
