0.06515272861471828
0.0650061006987202
0.06491595605401398
0.06476826529524433
0.06443985911320946
0.0638671784622747
0.06316850078694757
0.062458911008175834
0.06182697642654622
0.06136524810540178
0.06103197710551392
0.060801089147142835
0.060643861494487895
0.06052499862087565
0.06043271816886668
0.060346492895660936
0.060282420822436275
0.06022490878414327
0.06018824667763334
0.060150608295251484
0.06004435716220844
0.0599422979818778
0.05988287009018417
0.05984092772531517
0.059818217244047844
0.059809548768104515
0.05980461512652852
0.059793955749364795
0.05975993618579373
0.0596536455952699
0.05937247678146686
0.05868500725697848
0.05732051401854915
0.05571327876664977
0.05421314354861703
0.0530281652345029
0.05218143168113479
0.051556868204547135
0.051092404220588646
0.050786949914141434
0.0506184937927521
0.05053742274755055
0.05047469541459009
0.05040615323193354
0.050311129979064124
0.05018266716336309
0.05002839943183377
0.04986517257940538
0.04973866960434146
0.04960886542116723
0.049538530417263325
0.049509930892085795
0.04950074351696491
0.04949068638089657
0.0494749223876587
0.049456520437548064
0.04942497541346915
0.049380933682478124
0.04931731649791141
0.04927218568859052
0.04925233355620573
0.04921740947425083
0.04907132040781124
0.04883988008932644
0.04869338260121717
0.04864482456085796
0.04863207952228864
0.04862886509216077
0.04862837400692322
0.048627625448452984
0.04862655802693088
0.04862481200985074
0.048624229369989336
0.04862405246423543
0.048617591633514694
0.04834178735721168
0.04750655820104534
0.04624305088083326
0.044862761013917854
0.04358736476801086
0.042536320175073215
0.04171390840916272
0.04091632017209725
0.04019447095324891
0.03953280214177929
0.03898965282198499
0.038609987862274736
0.03835884687587861
0.03819290800988602
0.038052667057158235
0.03794835116849886
0.037910589202079195
0.037884824783911274
0.03784730930118612
0.037726139055657235
0.03760106938257021
0.03748736172086622
0.03740303754221625
0.03731682288904482
0.037197658564584575
0.03699061986359505
0.03667594120890398
0.03630504463821612
0.035918456750394054
0.03555292765853379
0.03526430155292549
0.035005010183660604
0.034755021175883055
0.03453929830094727
0.034389677272095014
0.034285216569700426
0.034215621868501384
0.03417516444472851
0.03414179626331577
0.03411413384383314
0.034080584674309286
0.03403042202129791
0.03398665589969213
0.03395670613149882
0.033939966728038715
0.03393141463837418
0.033919484927621354
0.03390067863907646
0.03386954930788477
0.03383394128846249
0.03381043801334894
0.033792843453174244
0.03378191575701007
0.03377475029599643
0.033745948041051486
0.0336800212687223
0.03363270278881382
0.03361106862583406
0.03360202996742437
0.033597921039207224
0.03359499859879575
0.033591255697740297
0.033587673095813286
0.03358480033146176
0.03358316712541824
0.03358208541477004
0.03358124696816808
0.03357814644731015
0.03357166862536747
0.03356282313463712
0.03355170665935553
0.03354147467003642
0.033536569840215066
0.0335344260658671
0.033533920147283465
0.033533650759478235
0.033533116483354775
0.03353220160042707
0.033530712605913164
0.03352603404136913
0.033523014164732676
0.033522871365544896
0.03351877145913576
0.03338639153533468
0.03257307631420897
0.031093251749536737
0.02975658109875216
0.028897645084316925
0.02837745812411739
0.027942376173019097
0.027526462151057893
0.02715353363123892
0.02671130522291891
0.026213795981167638
0.025660613662597618
0.025128874076231364
0.024587001398972186
0.023917888266551342
0.022838798874212037
0.021346089942085783
0.019738287680475385
0.018452274386648652
0.017605491823550985
0.017052381288181557
0.016682480560988592
0.016351677186333992
0.016009580320210166
0.015515432234195683
0.014795659367320845
0.013723389694890198
0.012521418208941437
