0.0652749981114279
0.06518506098135798
0.06509964716564694
0.06493017551130784
0.06456430544028227
0.0639436099935543
0.06320278963809783
0.06245872091000414
0.06181002176643782
0.06135423235513775
0.061046944443896425
0.06085155733609117
0.06069932238756789
0.06056605973831523
0.060455298130911606
0.060355048204978355
0.06027946589663974
0.060183724252149774
0.060019214562274985
0.059778277786772686
0.05947755426095701
0.05921461585882372
0.05900716326512776
0.058827725046481996
0.058715245326824
0.05862871071940348
0.05851579793708706
0.058277978498295836
0.05784868927870907
0.057288648368963004
0.0567290806999431
0.05624127632203568
0.05585509967159615
0.055533898196525724
0.05518421772213998
0.05480629611726902
0.05438875100544426
0.05397807606999701
0.05366036229601007
0.053475654104939936
0.05340808887796827
0.05339714118195593
0.05339433561660639
0.053387660465035486
0.05337201866345841
0.053350897382443925
0.05330463753001767
0.05318810373088319
0.05292261644196044
0.05253448629191059
0.05215766076556301
0.05188308332393414
0.05172962800520561
0.05163462311276144
0.05155909773806588
0.05146213053991074
0.05130402790193246
0.05098189095256682
0.05053718503151403
0.05024012350983661
0.04999506457404391
0.04951803845307017
0.048896857856923055
0.04828861426255779
0.0477378916139953
0.04709705502296746
0.046183147104238015
0.04526275271232918
0.04462332815276183
0.04425085755095908
0.04402806077916647
0.04386622103287019
0.043746654200061845
0.04362921975910573
0.04348730049436764
0.04332742604630789
0.04317577920304669
0.043075816820832676
0.043011566085981535
0.04294825706910445
0.0428834257518337
0.04282054064586994
0.0427686533834162
0.04272731211772081
0.04269981533235638
0.042690462928607294
0.042683243466942807
0.042670296786385675
0.04265129577183984
0.04262338839347486
0.04257752312501625
0.04250428198090444
0.042411837678275575
0.04235572387073933
0.04230966459566012
0.04223340228884462
0.04214295292076869
0.04207381441561035
0.04201335294846051
0.04197582404656474
0.04195283994975
0.04193632793589453
0.04192242272184182
0.04190114829458941
0.04186789342222952
0.041788374618559304
0.04162679014253674
0.041312989190499104
0.04042463618595709
0.0390515649304873
0.038039739403517486
0.0376424834814327
0.037503412442287644
0.03743759699886142
0.037386398007400706
0.037329884875604825
0.03726003078550516
0.03720392202945111
0.03716093764582237
0.03714017077075379
0.03710267597122459
0.037018089953300186
0.036851006364891935
0.03653989161035768
0.03613253871518233
0.03565522631508001
0.03524493489024454
0.034913494644948626
0.03466416925984183
0.034492512069570984
0.03438735648489607
0.03432833212227725
0.03429216715129219
0.034267965306641265
0.03424782410662635
0.0342298119235218
0.03420429136309293
0.03412983311281588
0.033998625628300014
0.03384179308464171
0.03371084014622125
0.0336019251551275
0.03352482510674549
0.033469185448871876
0.033416732557953695
0.03337574404992537
0.033351786415340506
0.0333318127850769
0.033320255034472106
0.033266940864860366
0.03311166117625786
0.03291256180814969
0.032717104304644404
0.03256106108400694
0.03244239827352734
0.03235438989900457
0.03228178838280969
0.032232697975353
0.0321920994979631
0.03202127042284754
0.03141801218043927
0.03044807369872447
0.02936894615159634
0.02813173938838147
0.027026515062393258
0.025974378141794725
0.02484301613472313
0.023425485688356725
0.021894540028421564
0.020337390803095153
0.01884646704848219
0.01744444593104612
0.016212455233999598
0.015123969695070363
0.01429086611836953
0.013695016084321637
0.01323158684357598
0.012799716866483095
0.012322825384674668
