0.06568677803431813
0.06560171256384924
0.06551698224515522
0.06534135769303857
0.0649877712433925
0.06443899170409026
0.06383696895362742
0.0632682480108836
0.06278309611947128
0.06244287970255355
0.06220904525645959
0.06205766866247881
0.061943905184967195
0.06185808211848551
0.06181018587950139
0.061788286856580395
0.061782109150905797
0.06177741944023371
0.06177358532850862
0.06177024071978626
0.06176155241480765
0.06175316942999971
0.06174689875985196
0.061740694733512694
0.06173849163400068
0.06173652834507022
0.06173403928445414
0.06173095880442941
0.061726260305675865
0.0617176588921411
0.0617035884230321
0.06167107150695375
0.06160094254084246
0.06146891502866382
0.06116743580269925
0.060659140475400775
0.05993230562795168
0.05912015326224768
0.0583749708852136
0.05774401329724865
0.05705656245225736
0.056294672232668555
0.055541622884968306
0.0549058504036384
0.05440304827090351
0.054056246735430774
0.053826547748747906
0.05367376010221799
0.05356341183246969
0.05348392071535687
0.05342733278978028
0.053379625227603214
0.05333839395060738
0.05329600456778978
0.05325703107290666
0.053212806420476495
0.053175482376052484
0.05315791950236312
0.05314685231072159
0.05313316907284854
0.05309210881580213
0.05298201003091688
0.05268922460771383
0.052111788574147784
0.05128513782680289
0.050396357657627476
0.049693570976624725
0.049171027158098055
0.04883766426657773
0.04861650853403095
0.04843527341939391
0.048231942919828054
0.04787614059996189
0.04733012534016077
0.04665261869155556
0.045938903122497855
0.045322009631343224
0.04483574519502968
0.04449359095830245
0.04424215280834149
0.04406370608817144
0.043948337562872
0.043862982359825664
0.04377786887180117
0.043685167669195876
0.043640277895246
0.0436331196627865
0.04362948905889313
0.0436264355743385
0.04361609940742512
0.043554694526239335
0.04349329950798497
0.04337736875025166
0.043013369796994834
0.04236696742548045
0.041665833240166705
0.04102438320169529
0.0404514514456403
0.03994250529324198
0.039542906692570504
0.03924702587813218
0.03904355086413196
0.03890761503334311
0.03881477701788377
0.03875416385845888
0.0387291780523377
0.03872308779344993
0.03870981273019218
0.03869735891113999
0.03869536489266239
0.038693837672392636
0.038689032666222437
0.038681547869038706
0.038632133164305166
0.03815809033540541
0.03746756330734783
0.0369229975649049
0.036545109019088744
0.03631301846258372
0.03610578563870034
0.035959007458195594
0.03589016151457802
0.03584982338535293
0.03581742580449334
0.03576540041983362
0.03570898550792231
0.035644915983107824
0.03558771136108952
0.03554324129274499
0.03549843767227016
0.035436461900357374
0.03536708448851976
0.03530062647959985
0.03524328442094349
0.035184610540631246
0.03511364920748448
0.03503055954336434
0.03496936962813262
0.03492038713981822
0.03488911218393604
0.034861733044252045
0.034838253656862446
0.034816722461494164
0.034800812678891166
0.03478970608918642
0.034781253827939826
0.03477320880299715
0.03476077972331693
0.03474355338988127
0.03473096024716845
0.03472108064721432
0.034716250526199754
0.03471186677358618
0.03470672673108766
0.03470296652005098
0.03469661414620274
0.03468238530238666
0.034667931393223335
0.034660073740772304
0.03463979970947335
0.0346193183301
0.034601007708319184
0.03457908116539474
0.03455841952887775
0.034545615112820754
0.03453622319530671
0.03452781995406633
0.034508194433238326
0.03444379600865773
0.034279298409836616
0.0338987141327054
0.03327814056205738
0.03243883239960682
0.0315873022959083
0.030810153414692384
0.030131285432926123
0.029625821774218613
0.029245039210092996
0.028896199026540524
0.02849932790394055
0.02806343761989457
0.02763880311054764
0.027259881659752534
0.026946158044126915
0.026704135453960477
0.02652066343652609
0.026391678012463483
0.026294304480687015
0.02621674317169855
0.02614654927019639
0.026067908170714697
0.025924295742413773
0.025777940134055093
0.025662850127475226
0.025574335469775084
0.025486149683215394
0.025387668720228258
0.02526799720521101
0.025126556751076955
0.02498751874577526
0.024862659140156753
0.024741823445359235
0.024629002414055787
0.024532467362154385
0.024407116853668472
0.024217302589462746
0.023889654105488732
0.02346522097636424
0.022883514537283167
0.022197166999000366
0.021449747489165245
0.020358241371724553
0.018904133404279648
0.01703530904245956
0.015083053132508921
0.013194739014562975
0.011538597695462775
0.010147216649577366
0.009126406329925714
0.008326367983478791
0.007752753554462675
0.007345789224623832
0.007056253799780266
0.006843723162354257
0.006695648765851049
0.00656309331051267
0.006474252522839359
0.006404845700057996
0.006336204918556446
0.00620263614661021
0.005976648781085816
0.005711916625702833
0.0054838436551295
0.005311565191030504
0.005194234454047115
0.0051339022314030825
0.005097218027029985
0.005069898109123134
0.005053993611782061
0.005028397645699043
0.005012311396745354
0.005007597671704551
0.0050048142662133645
0.005002083737657783
0.00500142198434582
0.005001588505173691
0.004939073161349305
