0.06787998133135016
0.06786342272374708
0.06784078237557373
0.06778818548566003
0.06764248484038633
0.06727968915202429
0.06669452017849592
0.06588684663140594
0.06493967256472719
0.06409294833952521
0.0634064523785556
0.0629113261070688
0.06256335115592929
0.062338595730330855
0.062125562916151365
0.06190183901634266
0.061704747516289744
0.06150029014811857
0.06131118288953847
0.06115203412193796
0.06100774317525735
0.06089808369438465
0.06071676605958864
0.06040989697138512
0.059965256967092935
0.059441753274247444
0.05893372866469702
0.05842753709634448
0.057884856262650795
0.05737479473369363
0.056926289623314585
0.05658930955332965
0.05631651576260969
0.05609321177476987
0.05584170956900558
0.055538210111299786
0.05519130659060484
0.054823056719612455
0.054414617583338334
0.054010083322122295
0.05361682213539996
0.05325827275343142
0.05278361555469309
0.05211053389712211
0.051297720822879436
0.0504592904694151
0.04971059202772926
0.04907720290612328
0.048572736438282485
0.04816651072197745
0.047759676851120314
0.04717658082418506
0.046356854268840765
0.045333412666030984
0.04442315859548375
0.04382930936711586
0.04345039901621001
0.04320749562411834
0.043028044958931616
0.04288866277662417
0.04275760266788993
0.04266285572454925
0.0425550155952623
0.042433892121419875
0.042247667191843405
0.041959298699411667
0.041546419817578825
0.04106907802639205
0.04057491022691524
0.04015174612837132
0.03980480597692784
0.03956336981160453
0.03941586710565421
0.03929835032599124
0.03920776668972176
0.03914449048894987
0.03909926588855256
0.039047639162364825
0.03890280624779859
0.03851333537255961
0.03777963873130081
0.03686641751260072
0.03598682935975641
0.035316041961888395
0.03484392725621436
0.03457606415290926
0.034443418937182044
0.03439481055341159
0.03438528243151719
0.03437855941143235
0.03433342710436374
0.03422143551912079
0.0340777859982254
0.03393790397960735
0.0337792078353269
0.03359126279844745
0.033432561586673196
0.033339778678176286
0.033295064214736096
0.03327447519330235
0.033262756336134604
0.03325437859097024
0.033244902740413855
0.03323330499780956
0.03322635777253379
0.03322304924879235
0.033222029755753044
0.03322109405343261
0.03322087441600479
0.03322082412430327
0.033220664391892585
0.033218472912414414
0.03321679679115863
0.03321549346036239
0.03321423007195251
0.0332138096473942
0.03321347699891946
0.03321319852489865
0.0332116358932426
0.03320734271952844
0.033196046240069284
0.0331917670449797
0.0331908481834683
0.033189836410179786
0.0331866930672708
0.03318066818504437
0.033175669312118905
0.03316350658091557
0.03314571315311939
0.03309355479902111
0.03301543834245228
0.0329755817465926
0.03295781505538961
0.03295045418442119
0.03294619943613445
0.03294597757596584
0.03295129901010855
0.03295146348276345
0.032932920612332064
0.03267711606655632
0.03201361484026375
0.03109485888583301
0.030126751570897482
0.029310403670858683
0.028653645602561825
0.028164195394722046
0.027808565008029293
0.027491420223280445
0.027200050090225684
0.026889246329730287
0.026600287736427326
0.026343896181794738
0.026134106240151143
0.02592851062070819
0.025726692028683145
0.02555911480254567
0.02543359064571451
0.025250215244824036
0.02504385239344833
0.02489094929541524
0.024815160270907823
0.02478457393697136
0.02476494933222259
0.02475436477265235
0.024737469536815434
0.02471235326733095
0.02467487865209967
0.024644376002499423
0.024620172442106406
0.024596937754995673
0.02458286251510395
0.02457114899039843
0.024563136651719636
0.02455585632498583
0.02454931733631442
0.02454537121804858
0.024542292944582586
0.024541058365876157
0.024539776217980307
0.02453919107073216
0.024536001318801202
0.024523727242357733
0.024486219780591904
0.024397595235120684
0.02425579513152064
0.024073966788985584
0.023934740681266116
0.02388792488654457
0.023865832904122333
0.02379768074655092
0.02366897496287059
0.023482971889643104
0.023241727168038108
0.023023763856446947
0.022828421084489518
0.022685491581674086
0.02251547146394826
0.022260782898913062
0.02193783795361381
0.021607115415059587
0.021331681924299614
0.02113524120569499
0.02101818074871743
0.020942527600686617
0.020899149280777258
0.020870702601454186
0.020846303087906692
0.020802633612424543
0.02057289404760833
0.019656228951131144
0.01792195250758027
0.015893462482074912
0.014184168005467346
