0.07177412803061914
0.07184223561587405
0.07149929053274989
0.07143961014388801
0.07173280434258868
0.07118287093233326
0.06944548896111472
0.0652667684586598
0.06837891505663488
0.0681231008217532
0.06113158634751268
0.06257603734154464
0.057788939265359496
0.05630936243209017
0.05684653631641082
0.05599273919889091
0.05617388699731863
0.0561846045751706
0.05377183409967237
0.05368099501877874
0.05311839507478411
0.0510684815093062
0.051353519945782515
0.0509201919444489
0.047423396972129446
0.04541469614659366
0.045670951917252685
0.046130237911501046
0.046336530015440844
0.046329064623591966
0.04584838495106172
0.045771670113544445
0.04573876282333161
0.04546981634460685
0.045116387110605484
0.044325746832688286
0.0436426242978382
0.041882922732756594
0.040582651192586354
0.04037625115567346
0.040459165319583136
0.04143528318910246
0.04260367473438395
0.04181159588684919
0.038919227739459446
0.03778583921871897
0.0374721496662151
0.037712935223442774
0.03798659506272777
0.03771205337603223
0.03800742123360267
0.03646493691886665
0.03487729921854236
0.03314173554911594
0.028901136916575226
0.026210585872956316
0.026268409174597825
0.022089829395753942
0.021998125364534406
0.022124169446339208
0.022239802560727558
0.022212919395033257
0.022049829721434006
0.02203048350216113
0.02196530979254696
0.021800499244482067
0.02130469187308381
0.021082991980783013
0.020689442949871573
0.021204103469038327
0.0220353227041789
0.020946734453585216
0.017237503680194596
0.011120143636163713
0.00647414055206027
0.008823475969715455
0.012156618203785254
0.016585093335864498
0.008156732371132845
0.008611389382517574
0.007112995293706055
0.0073442586527411036
0.007329324608208645
0.00722370985241226
0.007012150391187145
0.007001237571980725
0.007055739403685397
0.007055427993979748
0.006873742086864502
0.006625617470822382
