0.07184664171025539
0.07184664171025539
0.07184754828303391
0.07185249534512408
0.07184669988901328
0.07184261694692637
0.07184977947585197
0.07186256982428131
0.07171656828530375
0.07035592506420565
0.06446680703849399
0.0634112924503768
0.0649076995867447
0.06519353214341256
0.0621502978383924
0.061998488023631594
0.060622006583680874
0.059162486802642765
0.059227385338223706
0.05793255351542182
0.05274260593408633
0.046957730389447914
0.04434882474714929
0.04218883212739199
0.04218325121810158
0.049235080786187976
0.05415633049865415
0.054031647595476344
0.047395454818448784
0.0461873965127951
0.04591932849874497
0.045580186879819976
0.04884612705795128
0.05094407005374078
0.05058860503661527
0.04830998598341447
0.046658904928616685
0.04381214235758713
0.04074378098544787
0.03569589736727578
0.03390880548073452
0.03411966273652143
0.03316418598837852
0.032551485140619445
0.029731504814818028
0.028534127529416267
0.02227907261226418
0.020268087964157227
0.015809087742903058
0.011869146878078867
0.013651629827212413
0.01309844874704538
0.013320797292000083
0.012386392225810856
0.011340872839556594
0.01165725771633538
0.011061007367031722
0.010528064270166969
0.01038388458228453
0.009586145515867058
0.008391203022767501
0.00797949950711125
0.008092950266624484
0.007965680515143351
0.0071217400544803045
0.0064082731899601075
0.006481179127996432
0.006523198486113078
0.006321857769717761
0.006433696074834563
