0.05703275873332301
0.05703275873332301
0.056983216508395156
0.05697057572779719
0.05703120612245533
0.05694077134192646
0.05546965655102803
0.05008454451569316
0.045527376917630466
0.04757671279722473
0.04647339405503948
0.045409745146981643
0.044180829898064565
0.039608507656052505
0.033653011932568755
0.03044348523138278
0.030358144520689394
0.03019421183187313
0.03126120713425369
0.03153331312463948
0.029894421192922967
0.02811269943376511
0.027952419655115395
0.02928740853324772
0.02985334358094746
0.030197800360510643
0.02974013751003317
0.028451179679345805
0.02864778005178721
0.028358527790935263
0.02834976442265048
0.028476462042892493
0.028111825479246018
0.027466195341768945
0.026580708191279813
0.02675637108223176
0.02672290096931118
0.025259474159308765
0.02399992754193115
0.0242896760999317
0.020807232485080155
0.01606005454308733
0.010843632114498328
0.010991639136339292
0.011526954474860416
0.010083657176053832
0.008761107241478576
0.008625680711270206
0.009004229229307222
0.009300629460749747
0.008735772492014559
0.008307493998669434
0.00818558362370254
0.008129671357174508
0.008113100127164347
0.008018775594381793
0.007424926428474339
0.006856625319098276
0.0064829072822006
0.006242586211944115
0.006098020699887098
