0.0563257585524907
0.05653513595191279
0.05247098249059969
0.053771241780142746
0.05026290438969449
0.047384876285666594
0.04421114511536631
0.043721195244599984
0.04171423508235684
0.0445309560109083
0.045038363937038986
0.04255598055112298
0.03979051034422324
0.034659137435644916
0.029954620928679492
0.02756774640034942
0.028423915676086587
0.029021485535169277
0.026436827333327056
0.024231685828410888
0.02373959004908042
0.022507570225157154
0.0224571820218232
0.02263909653434376
0.0225366580431161
0.02262832286586053
0.0229851080921462
0.023033478045416632
0.0224199152242826
0.019919465979177323
0.019217430737385632
0.019867745247780986
0.01985293714112017
0.02056223603762325
0.02062638177093229
0.020637768043189737
0.020736786659291847
0.01661262781112546
0.015373559551469155
0.015275302569274923
0.014131686750972735
0.013357620696828772
0.013001479031568279
0.012634426929355288
0.012089268925684862
0.011753946506763513
0.012009400438184903
0.008739116483974078
0.006556200542619535
0.007621837145908905
0.009876550958992035
0.012354917789495342
0.015643337712396285
