0.05574108201130129
0.05623581171233725
0.0551058300148762
0.055493534940372805
0.055007473800810426
0.05238836440048881
0.0465920692681747
0.047155811461104986
0.04431754353241401
0.04045412792205677
0.034330089617043535
0.03478569334232633
0.03794953259434932
0.03857214117856753
0.037815351957413756
0.037744344305767036
0.03812576244461946
0.03523713018759111
0.03323559217635498
0.029947837442354356
0.029398279056461314
0.02914201346544842
0.028846810859154044
0.028094810301551774
0.028234947868926937
0.02988980501812863
0.03114264049235476
0.031964060037392314
0.0323334016752939
0.0323852322750083
0.030606015883738534
0.025631696942707827
0.023416540218890267
0.02258005388548985
0.021858136793260402
0.023780266353199325
0.021896193030948037
0.020472346703299765
0.023540992749553107
0.02707686529083752
0.02973088134345053
0.0277222399495652
0.022244778051810795
0.021692991353149386
0.02201514758707294
0.022597577582194998
0.022117276515927174
0.022531351829490894
0.022552994472661972
0.02260312322810702
0.02275749617159512
0.021750108171408624
0.02141499166117858
0.021399085411360687
0.01813416951682181
0.01724956857161368
0.015175006539419965
0.014209956120112652
0.014312722556148245
0.01436053640934826
0.013903425815390957
0.013046845671467727
0.010711862352373322
0.009201531672645966
0.008787095543723542
0.009514610333015807
0.006909858772904321
0.007102911242056037
0.0068735632044051856
0.005131659629345919
