0.056617420133547654
0.05658949208584502
0.05561847775059015
0.05575964931488475
0.053289498453753366
0.05025065783273343
0.04808636130509387
0.047193483149568005
0.048058382852004866
0.047981810949668836
0.04755904208900011
0.04580881286675127
0.0432225317960206
0.041117113652121666
0.03749054602327501
0.02866975267235715
0.025593598489458854
0.025565231451575226
0.027953640998921423
0.02877678199064421
0.028873307202201066
0.02744386494160567
0.02631938795363055
0.025936494965047532
0.025865198836784058
0.02487430573470316
0.024110445447625157
0.02370126827398891
0.023663341564413038
0.02335536738571975
0.02297923192957847
0.022884836383213026
0.022964069906109347
0.023089056340011307
0.023239048945739724
0.023468750535032445
0.023239167573890968
0.02351462894757843
0.023772649646725243
0.022605514539002877
0.022321676080544924
0.020795931896727276
0.019769723375832722
0.01571004318916695
0.013674249681204599
0.011273183588597498
0.010561736288000037
0.00983065757436543
0.009819708940439357
0.009923298469903717
