0.05208413888826665
0.05612724219105582
0.04684241434158931
0.04651666401830071
0.04962117407075146
0.05428832738028921
0.051424519664351166
0.044632099370886656
0.04123728413181124
0.03952953697439126
0.03822548751626332
0.03779005930412075
0.039166662356241076
0.03909054295457404
0.03746045930835913
0.0359233408064744
0.03631807006981537
0.03351298146324318
0.03290343589335012
0.030812721608285628
0.028563483040045305
0.026560139352045275
0.024153234157140994
0.023074372319036255
0.02424432737093446
0.02584413484011691
0.027086878720469106
0.027835750943996065
0.028068011716727483
0.027718269599580486
0.027647000745522045
0.0276834004906362
0.027735613351027415
0.027663309878054355
0.02746173764288163
0.02797013477460914
0.0258201394644602
0.025364075503767413
0.02498726667192655
0.023232754879194767
0.022310095218108665
0.022208910896942047
0.022265452275814772
0.022317685729838794
0.022527762543414702
0.02251337300046342
0.02210926038382017
0.02104040541161583
0.022371130372156975
0.021813915215096277
0.021070321378416208
0.021255190345195813
0.020466712950934225
0.016256747336538077
0.013451452172578288
0.010288569556058403
0.008837940603194079
0.008896226081611783
0.009016754177785087
0.009368713878471933
0.006671421028061707
0.005782435798819243
0.003926178849285325
0.003510202456131697
0.0035189326600776304
0.004271704821724254
0.0038058996560999055
