0.05492489092056312
0.05158266244516131
0.04838599176520986
0.04827319944671883
0.04979739779321792
0.0512466901077624
0.051448950182128916
0.048840600119062653
0.04550113280558464
0.04384257285209633
0.04325863011138242
0.040229033115067675
0.03862158926112285
0.037089419311329926
0.03425876154158438
0.03141805861329837
0.0317352657943802
0.032063416504814264
0.03388613842907178
0.026449311536220328
0.02172574121289308
0.019766809056721936
0.01906837657265352
0.019698054651590927
0.02093620424337096
0.02210384612801423
0.020319718203417193
0.022118127575571262
0.024321333603385058
0.02519516986149908
0.022216523441597812
0.01749873438106318
0.01696106934314235
0.016883884694479743
0.01693425638147722
0.018726634857137162
0.01791613402762867
0.016962334548958857
0.016550052578215485
0.016154476720723725
0.016145788230530426
0.016147163955027546
0.01622154659724095
0.016402943663424374
0.01618987064966734
0.015487889424964702
0.015428642516187224
0.014213708738890891
0.013529722462367019
0.012973100048256475
0.01391294381198209
0.016057251858195117
0.02019053783942439
0.01557195968321913
0.014347690073213225
0.013572486663130275
0.013781296209967783
0.013904583917217715
0.013824413760009242
0.014131677171519122
0.010657815248363175
0.00974775849032704
0.00679743739963199
0.006210135876038952
0.007925525377918321
0.008009186537929215
0.00872993965370048
