0.05559679440598473
0.05361780287543887
0.04985421867704923
0.049573234188228794
0.04712165638653115
0.04724393890045881
0.0482968339581073
0.046293069638063254
0.042945886781263126
0.04356926346257233
0.04237583287029458
0.040554145697619136
0.04004922666877492
0.03908033846416771
0.03554230821317614
0.029598577574015857
0.02784755558457918
0.02958368625659387
0.027647009933739343
0.024071115793622245
0.021396882211001056
0.02103099626752923
0.021267806313574073
0.02146949281356101
0.021569515269838
0.021549766082280375
0.021486622342697242
0.021593684445442303
0.02196122486841355
0.022922226908596643
0.02389939423560977
0.02342487524556952
0.023771305296385395
0.023526232584961757
0.022252563920119293
0.02323327190720676
0.023013665253975142
0.023530325154024284
0.02321169064616101
0.022353563720974835
0.022052446098692974
0.02025256806863715
0.01798982432516235
0.017383211997876496
0.01745379320037527
0.016356173768647394
0.016210066932804655
0.010656073415900011
0.008715533713817168
0.008387011602307762
0.008144652373990046
0.008023991492291363
0.007663252612337739
0.007636759339609407
0.007515545917355504
0.007512571658479697
0.007362223100180883
0.0073109572894828525
