0.05444281152814899
0.055063834949490194
0.04786472071192602
0.04608321666923812
0.0460089239929104
0.05158149255000601
0.05260043145324182
0.0511052653541618
0.046283399611355976
0.042247877806438884
0.04266141597942621
0.03933572311546311
0.039100010160388415
0.03348399805917846
0.032237404070158945
0.02997271884262835
0.028621370044623673
0.024343633474537645
0.021595194071429222
0.01756656759356714
0.016632679643968532
0.01688983469241625
0.01857359957964517
0.018269222559984487
0.01548452788223375
0.015200184353793512
0.015592248098843669
0.01605745608727817
0.016115722257080453
0.012539606830978144
0.009912941345625424
0.010009185874058147
0.010491934394678113
0.010896183195137344
0.012818632331008044
0.011517202455109754
0.010446818377113245
0.00954474350983672
0.009294162188503494
0.009089771775103245
0.009164166917418637
0.009028145574437343
0.008767430197919328
0.008097625372376469
0.007891547167362734
0.007986237079282095
0.008020041482649893
0.008143122187427201
0.008145501931506137
0.008150467278497131
0.008191884665790844
0.008261120980431556
0.007992105991881597
0.007392079496782899
0.006735273401573838
0.006759136179556302
0.006872606644382804
0.008818595000646511
0.012757975018106136
0.016060787439157113
0.010725942077180382
0.005114098648139625
