0.05653353119365317
0.05659734006580474
0.05644953977618853
0.05639815465408367
0.056519828866973654
0.05627503867577425
0.0547495827735083
0.0508762976410476
0.04717336807890965
0.04442659913476409
0.046829412398967
0.04643903265766827
0.04478020087934834
0.04255185388731705
0.039710852182665735
0.03646522982354265
0.034315970678273564
0.027310227708496795
0.019856576063875635
0.014785619920014138
0.0181266184834935
0.019119138375945147
0.01773211468835853
0.016967734546835405
0.015918668916702967
0.014284612955567787
0.014402324481212434
0.014425726102881741
0.014478841419868058
0.014529982192315253
0.014624942042847111
0.015036678957861918
0.015076282282319647
0.015098927761757669
0.015696265867499296
0.016976551278955646
0.017885006040259548
0.019048603347643273
0.016414009472186693
0.015739207032238755
0.016451413674958705
0.01675365342086284
0.004369839689161486
0.0041404550071002435
