0.05695418922414359
0.05684849268924757
0.05415359345824838
0.05489642181879716
0.05231870423019342
0.050036474326340986
0.051930181326860926
0.05255633091537757
0.05268266265060924
0.052232590451707354
0.049830643179119186
0.046696481080627676
0.04145063969963636
0.040422750830844276
0.040034870217810076
0.0388999098044833
0.03378391278799588
0.02220442309027494
0.020508939501142055
0.02357665823528582
0.025022046642377303
0.02221940602132341
0.020469055611248968
0.02001877033701438
0.020277342182925432
0.020446237864795973
0.02081435725796254
0.02197619877999334
0.022856658427277736
0.025066467910711175
0.02624248860165301
0.027320717509005624
0.026436846521360587
0.02614686475520312
0.025922082398911795
0.025218256864223413
0.02483038581867393
0.02310385029749233
0.02177483119392123
0.021531388860308368
0.02107954709933808
0.016443582040036143
0.012122964118328335
0.010322784246694148
0.013381166657577498
0.013789285624777317
0.012530530060398226
0.013049985683256443
