0.05478200901906885
0.055326539097891834
0.03410088011654105
0.0331605910440884
0.03220341371292759
0.03282768212412234
0.03677438866006328
0.03862384033682122
0.03842237083268378
0.03763562656499979
0.036660098855362755
0.03632880163047251
0.03634858851650362
0.036196307606457846
0.035840374726022535
0.03590944018782385
0.03573346351253543
0.03512402589693612
0.03504159063971396
0.0350246299225743
0.035221411380748635
0.03551210740931526
0.03581904707541292
0.03607985742109252
0.03625121775515169
0.03593119703105688
0.03581453662029123
0.035319488263408125
0.034525403123323674
0.03425520238306167
0.034157059745557196
0.033644841009027544
0.03357662908696393
0.033315914723354066
0.03344813208281661
0.033431822267833186
0.0289723446068277
0.028023888079972938
0.02540776347398415
0.024667010333646596
0.02507058344858362
0.02508570385127974
0.024635596304034835
0.022423099254929756
0.020788234628281853
0.020762417696831487
0.020847472543940246
0.017992003661358467
0.01547114720991376
0.014858792576155593
0.01448202058107353
0.010377711100598153
0.007593725698300009
0.00884618733517995
0.008765408598512383
0.00851824029098672
0.008588168833660006
0.00876343796891455
0.008929671475946605
0.008926346985129539
0.008585306638438869
0.008456199056689106
0.008122805855297613
0.007999725710236966
0.007905200862555327
0.007825372037704361
0.00785409967982873
0.007831639926051497
0.0079466873972499
0.00828943442872779
0.00711389328328439
0.004632899375642363
0.0033859934471405584
0.0036294635086253505
0.0037054064743601437