data = [
    0.053054217218992956, 0.052989478652071355, 0.04524058513733598, 0.04606815074800552,
    0.04630898665070287, 0.04832051461782071, 0.04918039827411355, 0.049537504099232015,
    0.045028886318373894, 0.042455598528080146, 0.036459432640709055, 0.03476207631290553,
    0.03288685370905673, 0.03209494750640109, 0.03556613738748794, 0.035321545157307274,
    0.03007416182015153, 0.0279334346696283, 0.028060107569475728, 0.02700510581555161,
    0.026564240476291648, 0.02607546573653088, 0.026010793489629272, 0.026106205654193602,
    0.026286055438592654, 0.02585077053659292, 0.023983327286119623, 0.022430518674828377,
    0.022735744793254825, 0.022901845499397517, 0.021271615220963613, 0.015761080031221394,
    0.011769610588684153, 0.00907356690466326, 0.008950716147445185, 0.008438059765783254,
    0.008017619504645272, 0.008291113989835341, 0.006893903578077702, 0.006469135251395254,
    0.007307072759725239, 0.008026193499838685, 0.006298459665163927, 0.005578275431934949,
    0.005006386666730242, 0.004998744161283833, 0.0050243935433815145, 0.004956115846310049,
    0.005063030060109593, 0.005316613060106357, 0.0054561689976947774, 0.005446104321312043,
    0.005378778094069711, 0.005246473183968481, 0.005230601142601626, 0.005199747616144134,
    0.005100170757818523, 0.0038327228181810422, 0.00381649339336513, 0.003614501808084678,
    0.0036832507492141676, 0.0036526102433918984, 0.0038082260894263054, 0.0040709571839597815,
    0.004143684585530842, 0.0041563689461087796, 0.0041899172970941085, 0.003909228883974127,
    0.003540830962085547, 0.0033657341135797277, 0.0033185597970705927, 0.003231239971631264,
    0.0031788383819268367, 0.0031228954448877556, 0.0032528241610897176, 0.0030278283667318226,
    0.002976063250587788, 0.002927504271810872, 0.0029377202934857236, 0.002860266789150319,
    0.0027786027224649497, 0.002698197880675781, 0.00250666112861541, 0.002444071544965896,
    0.0026451802365132352, 0.0026772551425067407, 0.002340249379406159, 0.003007116616624019,
    0.002776004445850216, 0.0025987755205034435, 0.0024569849984931026, 0.002177625550630355,
    0.002071980658838544, 0.002107165042201758, 0.002188005486003721, 0.0022547098450555417,
    0.0023450976446077816, 0.0018903407944261012, 0.0018397220733174515, 0.0017584123124729024
]

