rmse_data = [
    0.15168752516051057, 0.15157235324546814, 0.1352703218419974,
    0.13700826599234595, 0.13727503631115057, 0.13988831831373982,
    0.14158222572309265, 0.1417774658292282, 0.1347430547749848,
    0.12927888092461337, 0.11492179343278916, 0.11107806086425827,
    0.10762744821478795, 0.10319112830401081, 0.10743710157814151,
    0.1079561026407422, 0.09925339495143111, 0.0948126823728724,
    0.09388352590407051, 0.09039345566250133, 0.08983872138021191,
    0.08824838357323363, 0.08786572048248013, 0.08767330941994217,
    0.08702926972262819, 0.08554843797465271, 0.08229725385332576,
    0.07966656145760952, 0.07979105219591841, 0.07972390766286161,
    0.07666085695107945, 0.06736241931540851, 0.06016383749253487,
    0.055100344687461444, 0.05408314128378872, 0.05269362466200572,
    0.05108972083973733, 0.05134963603444508, 0.0477933351166861,
    0.04670157881587476, 0.048025715696219336, 0.04899237378504681,
    0.04524336125623659, 0.042452395504234866, 0.03978208459807749,
    0.03956473267455298, 0.03955564779728389, 0.03872976646977644,
    0.03868113365992393, 0.03944270966346844, 0.03975391567296145,
    0.03970106406687647, 0.039684568582717766, 0.03929625448626828,
    0.03919647921472521, 0.038902811121148274, 0.03836468062701576,
    0.035040563200548845, 0.03512471968539695, 0.03436230699153173,
    0.0347776010547275, 0.034525122113502296, 0.03503095866168668,
    0.036017045617995826, 0.03634553315393736, 0.03640677288084774,
    0.03646614516272081, 0.035118471140999995, 0.03296937515233912,
    0.03141445836592913, 0.030855598225283297, 0.030292115275817853,
    0.02989317655170756, 0.02962456525977933, 0.03012882641454572,
    0.0293237910584832, 0.028997053173899855, 0.02889950274167481,
    0.028939528087223325, 0.028652170838628525, 0.02852783207055182,
    0.0284525213253248, 0.027523512239286816, 0.02732427275899249,
    0.027681736537563482, 0.02786392449091518, 0.02664645632736493,
    0.029462783655304744, 0.028599594027895515,0.027634710675266773,
    0.02717831695500416, 0.025641043207710053,0.024394176445850374,
    0.02432222150485069, 0.02459332072548034,0.024861040553202266,
    0.024830665707447453, 0.02283070799199896, 0.02247891893601136,
    0.022187944846246324]