0.038201562153205436
0.04071862836611066
0.034972172119540554
0.03513646053704623
0.0352038708646099
0.034430316947283636
0.034401323887514684
0.034297006982095604
0.03410198434933453
0.03416739001286573
0.033996440698540305
0.03389650513997417
0.03385033089224528
0.03300224308467807
0.02581006603494206
0.030328294587608315
0.03229319586164656
0.021032993641373395
0.014205723914206892
0.010950460136212817
0.009899777692722494
0.008643156008784425
0.009809761174582052
0.009618020277232983
0.009150605720032744
0.009112606398183938
0.009052269937901378
0.008607128064980051
0.008809257903779628
0.0061915554283942876
0.005397144610187286
0.005194710977502052
0.004453071640969318
0.006195993693163417
0.006096315878130115
0.0053646842020932594
0.006341605822363508
