0.04413067417229323
0.04413067417229323
0.04413212472632202
0.04414372178946374
0.044129473868421074
0.04411756586279776
0.04411082720816035
0.04399215124441176
0.043807354615697826
0.03663868251532902
0.03279638971455214
0.03537281760891249
0.03265652329214602
0.02741723856191362
0.026559128401397503
0.023106298998197022
0.019985638017099752
0.017813468346976866
0.01698187556160394
0.014844198037461884
0.015126889443389262
0.017078119053717096
0.01825953940997787
0.018262689532732492
0.016806890316298884
0.0152453710842771
0.015125971783499998
0.015075305684023802
0.01455414347193229
0.014556631354309315
0.014947724122110685
0.016550984471658363
0.01719832038463537
0.018224309213922766
0.019276427657362864
0.018739444810052207
0.017591299198141418
0.014446991004000674
0.011823880498215228
0.010172061171698802
0.008341057887878103
0.007629835387834013
0.007244457608166331
0.0069911070624686334
0.008566235168299354
0.0089903238050927
0.007647405419807221
0.007768128755828226
