0.04232350599728328
0.04232350599728328
0.04232342247855441
0.04233588971510724
0.0423143487718024
0.042284973048380775
0.04226130622467921
0.04216609289592028
0.04071201805765733
0.03782645636712214
0.037294577552380394
0.03770515066688624
0.03602763144375644
0.03454406846821898
0.03409202609831196
0.03277543702078331
0.03206164348735746
0.031901867215483236
0.03204068230500604
0.03133510581884088
0.029783554224849598
0.02913255303369987
0.027619039984550942
0.025446001807701304
0.02478151137136322
0.02353869180484618
0.02715534167882857
0.027716251778979274
0.02607770969223598
0.024995171860560078
0.024690042498379947
0.024973420189964988
0.024691240057990418
0.025109589753448878
0.02506919994249025
0.0243398668994484
0.023944642944120437
0.02392397290369694
0.023816344045917426
0.023959539856237104
0.023848192418040443
0.023886253553318294
0.024187604212282318
0.02339989186539235
0.02186911853758132
0.019837038434329234
0.018470814424670225
0.013588564301498303
0.009790317950638583
0.009846073509437933
0.012141244689867969
0.012088054967935483
0.009785383263462224
0.007184988655745625
0.006015160359970266
0.0061851435680208774
0.0060708839048115165
0.005120283983149938
0.004176692820292635
0.0037906299518292337
0.004102210204214066
0.004533492844430423
0.005072678287221445
