0.040428619310752006
0.04116093502014523
0.03533385728525164
0.03550024794382887
0.035761125507199426
0.03560672440637503
0.03542738543672633
0.035286487909549816
0.03537384870784207
0.03562179189341795
0.03549078336638157
0.03479259053580498
0.03409679119418065
0.031245463551717464
0.030952181116592196
0.031343600164310995
0.03167195549452252
0.03198602215557706
0.0318797045282736
0.03180675422929089
0.03169349661538017
0.031619586437042595
0.03172665488063358
0.03175761347066906
0.03175772207829222
0.03176959892970942
0.03179437915805293
0.031816546941346675
0.031839392728625605
0.031931702012292236
0.031850281960347365
0.0317782038233905
0.031465847066753844
0.030544617689985357
0.029436004409460422
0.026128854234458234
0.024954110635110945
0.022768286410998012
0.021761109850485745
0.021728932708377013
0.022265454301324757
0.022623725692520705
0.022019771658084376
0.021453226981330672
0.020505780059291538
0.01834492022976271
0.016011655316089016
0.013391045747282539
0.012279291302495257
0.011204097699448325
0.010673350755801671
0.01037441014615662
0.009983946901721797
0.009369341765895397
0.00818267836445056
0.007463764613751973
0.007016436914357668
0.006373987711259771
0.006095798815479814
0.005429890569598179
0.004855402933584247
