0.043324870392666186
0.043324870392666186
0.04332605941017809
0.04333627535721915
0.04332285288436073
0.04330882350397296
0.04328818958357369
0.04325524927509957
0.042764818736429205
0.036095340065185916
0.033329832701360085
0.035759453615038204
0.03560332183555987
0.03185095717648856
0.030507766428013876
0.02893143953189741
0.028376812103102087
0.027223330200260493
0.027049749860125902
0.026588431993849176
0.02538802907462285
0.02508884470095804
0.025068284775660542
0.024806466006285454
0.024612648438491175
0.024645368630601898
0.02433835147897099
0.02457361937656755
0.02490257811412115
0.025451014682733537
0.025797454272604294
0.026122204261497195
0.02633769540238089
0.02644901792442918
0.026701587344954935
0.025000377193098805
0.023396381863228583
0.021608002832557933
0.020253779769569467
0.01911811374954127
0.019059398662303058
0.012782541831220781
0.00864729215131732
0.010209042594055051
0.0103077561038061
0.008239266647238416
0.007651129538614917
0.008891663380509536
0.008283992764864734
