0.042169033405209326
0.04174893150791442
0.041317127849551605
0.04143514331802943
0.041019369017260214
0.03885874706789287
0.035571861580259094
0.03701235205529107
0.03531558226726701
0.03450706425957387
0.03439589327802006
0.034126357836116346
0.03356831197059587
0.03302428909817201
0.033355773232650536
0.03281704419747799
0.03192449166246753
0.02994188750405932
0.027454082548741616
0.02429398802151769
0.02377759891318513
0.027195937590603167
0.027464670261424726
0.025906669291703377
0.02348342452595076
0.022368750892301215
0.02083882811563948
0.015581030758942615
0.011032507259293547
0.01229641450129835
0.011609711472231244
0.00997724663900238
0.009517429955923092
0.009698118545870913
0.009682371934771691
0.009810705871219513
0.009117277805945866
0.00824545936435082
0.007262273454991603
0.00619378875827253
0.006310370201356842
0.006650679038152903
0.006941508520577781
0.007070927327226638
