0.042012848551373105
0.04411766522217471
0.036570783780883465
0.03633750327487841
0.029550593557046003
0.029089628154040807
0.03561826186859172
0.03676525815250133
0.03300744442817101
0.02853825857531166
0.023880918828670772
0.022993927400236168
0.024004376277564694
0.024734600351299513
0.02189667351986804
0.020526833663631807
0.019209568156061833
0.019742830539261978
0.017890373323135277
0.016377190274371452
0.016483550264147263
0.017087834448139088
0.019261612060522276
0.020078520942825136
0.015074184514966565
0.016351613168454345
0.017496636752432907
0.01748196092040674
0.016944377126539345
0.015529711448516406
0.015157413583166832
0.014189571981493149
0.014563964757434333
0.013522733142695685
0.01137178619380514
0.012055826182019346
0.00779721498950381
0.007690182763323948
0.007552850178606362
0.006883126650686591
0.006446364312586028
0.005836145112397105
0.005127787619941657
0.004521541888280033
0.0038376928455278905
