0.04432832836551208
0.04432832836551208
0.044335381181837254
0.044346864643723366
0.04433530054374557
0.04432172480852402
0.044324081244294655
0.04431294580434734
0.04408527095677711
0.04326045505807315
0.030790003612314387
0.02944472571185267
0.029113829985949035
0.031835603803193085
0.03148975226801182
0.028229353733166426
0.02825507859924572
0.028811082622985536
0.028495239447020444
0.04227352976121263
0.04026041375979284
0.030305575682354667
0.027377212272826152
0.026304581005867852
0.025485983262830195
0.025452725132552267
0.02574675723370931
0.025472195411398498
0.0246278624723729
0.023718761251600114
0.02232986828972659
0.02125408778091585
0.02089431393628235
0.01736281357526585
0.01361907529978652
0.011443592288330104
0.011497687039571176
0.007089437149134849
0.006788958254693073
0.006793487154084211
0.00686614338085575
0.006834895804106807
0.0070439146647764735
0.007080539007782462
0.006301957853613078
0.00559052118236629
0.005154333668601991
0.0048308665475979996
0.005087377495625875
0.0053930828431455954
0.005700991617225363
