0.042005693174108315
0.04239481453639314
0.03902367504698736
0.03818548112690871
0.03435459018351943
0.035525908001358325
0.03430159040368847
0.03440928123810513
0.03435951617948181
0.034689278210710835
0.03213738855385741
0.0317787317037308
0.032259656747731354
0.030902953578247055
0.026935977741099407
0.02443576475911927
0.023604436736817305
0.02399286640486568
0.023778919601191963
0.02352081249995566
0.02331786921968219
0.023355625432253127
0.02339047464217218
0.023387388130730397
0.023589530185635723
0.023699686639222926
0.023959785496226686
0.024344252300640887
0.024668815807703068
0.024747062805169806
0.024357989601354952
0.022927374909099203
0.020941937128127943
0.019421035979487546
0.014868939966036044
0.009949325692039816
0.00627002019648935
0.006973134575350397
0.006703223089374457
0.006839101691315529
0.006153929321471956
