0.04229345974660653
0.04229345974660653
0.04210601722929964
0.04204181465242962
0.042202049999947935
0.04186000360023256
0.0398229781939594
0.035370084822493576
0.03094465189030415
0.02895639211977912
0.028913797233902864
0.02890757371776781
0.028782698081508257
0.028952471025637704
0.02886918675631005
0.027624308726033796
0.026155046182162252
0.023057936124893198
0.01881271524868224
0.01493682379867455
0.01729219139428314
0.017472289156649036
0.017041994811156813
0.016600398090052718
0.01603958115039372
0.015621227276416915
0.0148061866147647
0.014691724615148673
0.014732691656260554
0.014475103499630465
0.013849279030529967
0.01232221694591735
0.0101832948992331
0.006489080450811557
0.003895989984269273
0.004451182186477949
0.005663938549137356
0.006097628371082168
