0.042344443155745
0.042344443155745
0.04234620195804456
0.04235646630142828
0.04234453049744513
0.04233833360673262
0.042348394378710914
0.04232620820559938
0.042250506587618426
0.04071187919475495
0.034457348505334474
0.04216558778999967
0.041274202156816396
0.03473808688540446
0.034009778433380565
0.033821373325719696
0.03181526762949793
0.027270584289549184
0.02632280303512582
0.02545346158844587
0.02898078440716382
0.031046372157625686
0.029251651972690345
0.027069358287162837
0.025886227512239082
0.026154634508792463
0.02543608998454777
0.023160537106061158
0.02187078714248893
0.0225229519668931
0.022782479955481025
0.021556091673732066
0.019047593795366618
0.012926118942035405
0.008658414900862596
0.009650060489894741
0.009306949803085534
0.008660084663783946
0.008603410394300409
0.008884038244734669
0.008706178013789687
0.008574884373523469
0.009028403132900657
0.010750187046355528
0.00896525406197158
0.007999642083172291
0.0071393316427999665
0.006444764672269634
0.0063486069344309715
0.006734252920569142
0.005353650398880525
