0.03915014068092391
0.03893074879959917
0.034801663199737015
0.035168100450183544
0.03579286722262518
0.035740599453994784
0.03575544504191748
0.034768504641014254
0.03320960214629626
0.03173781281918234
0.03119651222474729
0.03122579498568035
0.031152663201956844
0.03106291494413568
0.030955896238876006
0.030319441382614845
0.030487717346632765
0.030677388188119565
0.029442602227507105
0.026165680792172376
0.022836559366422482
0.023756070982652696
0.021511118075554038
0.020336403978405266
0.020038677921186677
0.01982261397225055
0.01944629987486454
0.019211527295361276
0.018679794164254068
0.018482746589559004
0.01776281639765633
0.016706648197258176
0.013451062714544028
0.011551874351301276
0.010857569326285507
0.010206884753923711
0.010664932416935443
0.00939739280490229
0.007840371356135337
0.006453171319866486
0.005866941909062265
0.005428830998788408
0.005272065250310884
0.005207991190366233
0.005228949999952051
0.005258396881996295
0.0051422503478664285
