0.04117823661593305
0.04224998303347321
0.04002883304165948
0.04131011740564982
0.03823829405095953
0.03551534997778632
0.0336317974264358
0.035279614771673615
0.0357457429319956
0.036861479715233354
0.03505082852721974
0.03160839103656995
0.028522489957929536
0.02646270571124095
0.028913392400812303
0.032859008943303666
0.02971168961611259
0.024801757051344842
0.023840796986558086
0.022730556876053146
0.019983724740608826
0.016338918412029363
0.014754769058145994
0.014857052627344006
0.01285273101753125
0.011971917015623331
0.010329630177753471
0.009282428516819761
0.007884804079462952
0.008457646098276969
0.008903967708606719
0.006649182454500765
0.00590079376046039
0.0049593447827701205
0.005037413042041533
0.004330508987022181
0.004403749819617087
0.004318145571014986
0.004210205031267735
0.004816474675637782
0.004314887652546958
