0.04332496986004915
0.04332496986004915
0.04332584690627047
0.043329510086115255
0.04332501954563395
0.043321324683794085
0.0433276855670079
0.04334315498739386
0.04326082819056977
0.04313253263037413
0.04200199675910057
0.03900591301098251
0.031797210870684926
0.03365454628467092
0.03462244996611087
0.03227506824125569
0.030059616342398773
0.029441613798601007
0.02921505146025222
0.02690747653918164
0.02663987160175732
0.027290456182115713
0.02774748856794071
0.02814121746904041
0.028274618409590908
0.027372035177794726
0.026078808453750386
0.025289479780441545
0.02520563829825344
0.02429472722896489
0.024166557576654854
0.024912901837472853
0.025192547059622428
0.02500934065988763
0.025020340026353467
0.023469316037004796
0.022598232323316255
0.020853324200669116
0.016649687311735252
0.01066095101997605
0.00904997827495884
0.010136644229789387
0.00952578311669288
0.009263315015475171
0.009668208210103418
0.009395962222965461
0.008604951295419298
0.008469388761625592
0.008510415885769613
0.00869253707219422
0.008293035764488928
0.008295120776478499
0.008089642539303322
0.007884607712507345
0.008127339581013152
0.008538555396108538
