0.04030989458101815
0.04021007853825935
0.029741500751823146
0.028205764664014303
0.027198069157402593
0.035527581445798255
0.037483110648312216
0.030108097185836905
0.02516649525748905
0.021277829578446775
0.01848531175366951
0.018456436803644838
0.018713528541381586
0.018873400678260866
0.019109805631408943
0.019020418821803102
0.019644792606089614
0.02018278382142262
0.02096614167537044
0.0213162643319776
0.021402301873381407
0.021180687598077102
0.021089370486374596
0.02061475779055165
0.020121574486839714
0.019844295376718706
0.019695171551180873
0.019493008834840113
0.01948164843011073
0.019496901478373622
0.019550434359862316
0.019477208044204657
0.019382102305885555
0.01923672391519245
0.019006391913323338
0.019003773104837852
0.018436684640235124
0.018399166483416683
0.01814378316239891
0.017739572703531815
0.017637533018509743
0.017544747498667083
0.017126446792239416
0.01608666771039194
0.013114795800191356
0.009171742153136389
0.01132390153458356
0.013334414781029813
0.011995450381827833
0.006908589638475957
0.006095490423993452
