0.042372038885768244
0.042419320372839964
0.04066160020826251
0.041786586299268326
0.0390972330784005
0.03594983069414354
0.0366973329507544
0.03587602530331669
0.035888642515916024
0.035923026646598924
0.03532325439958618
0.03485437204674135
0.03494725344869539
0.03494446136301358
0.033395130575801756
0.030391640030190552
0.025505316741992374
0.018658021152516923
0.011721389215138694
0.01608334588352071
0.017168206340669304
0.013851096279379568
0.011413313291798182
0.010432827769006862
0.009948075449030895
0.008765740043409282
0.008860164627463866
0.008434950216033325
0.008276307590768247
0.008427624404488857
0.009068001996978391
0.010363631006160511
0.010523830589601565
