0.0400368665631373
0.04412869952074961
0.032334071987333284
0.03097518784043045
0.029747453116647248
0.03787299298288588
0.0391522216555806
0.0370530064551476
0.030393972283346428
0.024536180243283506
0.025351315108164883
0.01964662073776618
0.016964611834482352
0.011742848126382132
0.012042873093507206
0.014466394404594131
0.013658062199634922
0.012035827016029284
0.01213382066051556
0.011753037288415754
0.011196121538641371
0.011002768229637533
0.010132940265309582
0.010111485848697003
0.011526760357861446
0.012882443778194355
0.010121374835172649
0.005840313158795282
0.005997169584518726
0.006110479079788149
0.005627037906762071
0.005639150303091734
0.005880038211114006
0.005740229464788637
0.005370557909820162
0.005517074214607841
0.004438662232163273
0.004162433470278324
0.00402278909138363
0.003791957308152412
0.003721732635097282
0.003628164582005664
