0.041790408083364164
0.03903251812094727
0.035305231051972315
0.035822551015569006
0.03460461363941034
0.03453170213397441
0.03537668737064503
0.035918939958053925
0.03520047573080084
0.03487141140183795
0.03414444157497911
0.033249445048810236
0.03307601238787376
0.03286493443599092
0.03194559170062958
0.029417630605560442
0.02551423336280217
0.022745970011861696
0.023655007708060026
0.022630873608590518
0.021820678222286526
0.0216400056526489
0.02168389561345897
0.02185951377464201
0.022017172560501987
0.022040308252540348
0.022035184160125485
0.02191096729420699
0.021891448150608908
0.02187892925562324
0.021951144086514055
0.02218562307772216
0.02241417613656996
0.022907346388992274
0.023483959105646567
0.024003249175004036
0.023117044288040726
0.02379364179327311
0.02366285404511401
0.02342189099305977
0.02280085945209065
0.0213382603152555
0.01892065856239287
0.017317836004378313
0.01601653766418707
0.013779774705948124
0.010513309591204171
0.007526280417581951
0.008177010577197562
0.008306435322408531
0.008010673199433075
0.007464460895466905
0.0066242163776755476
0.00614070443977434
0.005488179216456692
