0.04231556362929722
0.041551056424038724
0.03992753614505644
0.039000531471867474
0.035455342407743076
0.036192817536510255
0.035940742191947074
0.035675656511170606
0.03579925055459218
0.03618035070502593
0.03468182166157523
0.03297204785311211
0.030777891638791834
0.026827987890739965
0.020340454868791817
0.017599129452498145
0.02073975472002356
0.02043687998305383
0.01975106440274216
0.019659361047589866
0.019785469565436975
0.019073867267472542
0.01904997548265286
0.01892404104840651
0.0176375154527205
0.016933543722760923
0.015934712145458975
0.013296453406023302
0.012610234051283845
0.01234195493473447
0.012679256618734291
0.012844569387779057
0.013221426662979206
0.013377164567210165
0.014131272635484261
0.013745861600787598
0.012210521787319172
0.012643969352107116
0.007545955160031656
0.007485276562248168
0.007477522550714399
0.006892411861715691
0.007508496776134097
0.009794502465324866
0.012601947578018576
