0.04241064022825721
0.04241064022825721
0.04241666424697412
0.04242483868113478
0.04241651875831731
0.04240335750044607
0.042390836301831276
0.042338986859511776
0.04219875311871297
0.03932948859529167
0.035508078118727915
0.036754710966194856
0.03505840845048419
0.03445117376192882
0.029008300599347236
0.022122083089183252
0.027972677969694038
0.02947720175469312
0.020578375307741512
0.02032364111087415
0.020065920873761016
0.019899541259375073
0.01780655823283249
0.01751525368306729
0.01755462361547815
0.017796177249229536
0.018012115456934485
0.018147092593909984
0.018167603471982794
0.017571091728255224
0.017559027305833214
0.01774266020230208
0.017882723306709203
0.017540315697202137
0.017507034763009202
0.017433476804689964
0.017494845501119353
0.01751588899850435
0.017593807502626208
0.017759594032374697
0.017772624911203138
0.017584062944240725
0.01743560614214259
0.017470918748512258
0.017457029791834305
0.017457509689623174
0.017421608013413813
0.017358002508941137
0.01737606427998134
0.01746717715020157
0.017514980854110924
0.01755760098673655
0.017598518187553855
0.0176127445072734
0.01762284816960306
0.017775079903781348
0.01792085055633621
0.017599306944637877
0.017428732019366237
0.017244250068260733
0.017294623885462376
0.016457088666439874
0.015453893437103211
0.015262823370370996
0.009823875405815068
0.005362030411961397
0.004394509334065664
0.004490731560842432
0.004524324654416888
0.004110646688752737
0.0039347715117364224
