0.04127784133981245
0.043314237974215165
0.03642569357390508
0.037346154635355365
0.035246722617256664
0.03512953448337506
0.03696136731688155
0.03769311998812557
0.03621019202889331
0.03436751520704122
0.030678334413351493
0.025204780861678346
0.02444833888468254
0.024067939160695745
0.023776017914314697
0.0251522484204987
0.025132777877594673
0.025822818991527118
0.02566344341875351
0.024578328882178858
0.02420903496084848
0.025434957960840172
0.026550370563981997
0.027290917056025793
0.028854890701146583
0.028927864901469973
0.029005348163912762
0.028947739848128137
0.028980133232054353
0.028976617018708007
0.02911405006276723
0.029101872125305513
0.028611002365178544
0.028032226969083498
0.027642955591784694
0.02771544729793442
0.027711005480003496
0.02776018256891018
0.027878953795079445
0.028576160041967624
0.028979368237172624
0.028394619016090687
0.027078301544300694
0.02554233297461519
0.02450547248576013
0.024410780324536602
0.025278874166254236
0.025810129192176016
0.02512327061018495
0.024081538318017383
0.022042925778552297
0.018861920516359095
0.013341043157372239
0.010237750501171056
0.00943545155607941
0.010819165776168581
0.010521153149562942
0.0113603023830786
0.008119351450203541
0.008359189215636359
0.008772604649604094
