0.044130760880476724
0.044130760880476724
0.04413155354296158
0.04413528205539956
0.04413063211906198
0.04412697023887198
0.04413384526513882
0.044150690089240885
0.04407006479855723
0.04398183742979147
0.043247837805441565
0.040627133276600474
0.03115273709503563
0.03244169308299755
0.03358000344634127
0.03095657006035853
0.027997908747965657
0.026850037709028437
0.02603168981981197
0.024032756147357916
0.024144745053297643
0.024197742819680235
0.02433451367786555
0.024851251401743744
0.02497917227456025
0.024514298934923226
0.023239006701231336
0.02241505437055912
0.021596143581032224
0.020918870288901898
0.020437540883582406
0.019778086184158824
0.019460615467405382
0.020181343240661787
0.021124504123549243
0.021001894793830272
0.020988518308179747
0.016383057513619438
0.010390298002114317
0.008191278014171242
0.0071869998551680634
0.007616408687848932
0.007465743973538278
0.007336651393759761
0.007497838935636946
0.0072157137858203
