0.04224674930256321
0.04210502418197701
0.038436874062691154
0.03941791992632816
0.03571343216720074
0.03364475406026301
0.035124146072881425
0.0358837696302915
0.03581204998626338
0.03520206071791054
0.03323386665758716
0.02746882127714268
0.01589682707075671
0.016089125355864514
0.016121792909786985
0.016986013613972048
0.012202758755821231
0.010785485211296193
0.01065339851877355
0.010731367633821863
0.011032533186161096
0.011084338739557342
0.01143629357020642
0.011430992926343577
0.011343969043112082
0.011367939424119419
0.011214422455222771
0.010893996576753323
0.010559138777444112
0.010211917924131775
0.009203637339548359
0.00873446624336547
0.008677705418047575
0.007547473047285888
0.006743444953094089
0.006036593892445163
0.006206948015469021
0.00557392335084506
0.00497183341289588
0.005001508930325043
0.005106364006619763
0.005171903777030402
0.005898826220861034
0.0051502107087588395
0.005118822629360447
0.005075451563882772
0.0050495102325435895
0.0050685832449730555
0.004992979792425528
0.004776330909023096
0.004718304189794276
0.0047622713056338275
0.004725882941440293
0.003292904030509603
0.00360808105236381
0.004201033216771772
0.006932153986417906
0.00775995734437959
0.00643824676479226
