0.037714929683036004
0.040744421446249644
0.03517370027048945
0.0356225573557437
0.03474410185149356
0.03606616442081408
0.0359227132860972
0.03567859844903393
0.035158522205260695
0.035467985849685926
0.035467500702885
0.03500415059495557
0.03469660901927783
0.031116054472133944
0.025645485502527054
0.03366278184334853
0.027028056115792846
0.024007959528749078
0.024523384907914912
0.0251031303563948
0.02510982675213796
0.02512078324236579
0.025443685360896404
0.025581761800075726
0.025232183129732084
0.025198844811339507
0.025305566527870003
0.024322127502882696
0.023585049700841264
0.021815864648151075
0.018105096051042803
0.017054353442278992
0.01391011727230792
0.013586944650507856
0.014164317418432975
0.014183990077171629
0.013788245660800339
0.013685641698146497
0.013443648036104922
0.013000138058139816
0.00981192541061448
0.00718607536166935
0.006041318622678954
0.00517671624262147
0.004827522557219713
0.005039576833262002
0.004601801399226056
0.005379082890340889
