0.04244759959869751
0.04244759959869751
0.04245442248979341
0.042465152762708805
0.04244752987641059
0.04240623835055646
0.04243983255259039
0.041986854267183786
0.03840568805258306
0.03485598024135348
0.034668865747634794
0.03461700806312777
0.034562459864097034
0.034214732138517896
0.03212353110632229
0.026327048036207976
0.02068946182576829
0.020281373502457657
0.020969681488954724
0.019688677229615394
0.02065884609996159
0.020734678949935404
0.019544071783583455
0.018947626615176353
0.018049225630717747
0.0172522295856439
0.018319041578559604
0.01873226303517653
0.01897151045657365
0.017404210942510084
0.014257903442987968
0.01032974235366765
0.009818948863404306
0.010023808798424414
0.010164962708260188
0.008001579326089935
0.007227811409165142
0.006790585220890832
0.006778534875352572
0.006662290424773213
0.006711186018414967
0.006737631733440353
0.006751389545026296
