0.03748013940626687
0.04186270068431735
0.035429667286372986
0.035535121647881314
0.03608754152699372
0.03608084300611059
0.036338824530411845
0.035264145410816954
0.034288971232531114
0.03497441729731049
0.03422686448333373
0.029223233129906778
0.026490035675680677
0.02592200890056404
0.026033284293911274
0.022357176613383937
0.013681620902690376
0.008500538126157102
0.006650218968414843
0.013535738742873641
0.012465784654941421
0.009168065794810016
0.007913732969600611
0.007690260418545541
0.007520740483132784
0.00778988913681479
0.007698239903360172
0.007883678839106187
0.007636584008118433
0.007281898575135313
0.00794890367621997
0.009245453222840117
0.01072604626538848
0.012613243699935705
0.014667218035161956
0.01613022505337464
0.017715578627236776
0.018093204952160716
0.014777415870973518
0.014842916324732223
0.014431296516622418
0.013351312816138137
0.01200267321887238
0.009724758748723077
0.007400245879948473
0.006470036596937389
0.005588501983985048
0.00550871162393513
