0.04432820173773154
0.04432820173773154
0.044332873811810926
0.04434187975338695
0.044332567847771835
0.04432208007004688
0.044328490901693794
0.044342259545835976
0.044129552511587386
0.0435863018732144
0.034942905707864395
0.02990014162019588
0.02766383775944663
0.029045463059906847
0.029348673536011748
0.028552574198107646
0.028784959051876745
0.028442948386853364
0.02917929204708421
0.029464782255085288
0.02947659098099381
0.029695220223943285
0.029593163040461123
0.029601821191074396
0.029703130098463978
0.029383325084278544
0.02857775707603242
0.0271038660317319
0.02615970814366747
0.023626874649159784
0.017317953259130933
0.01603117911122736
0.015999506771230534
0.013765057915579883
0.012142647185495082
0.010986812240369681
0.01217695570584635
0.014324275271106019
0.014283381384645081
0.016087907423937
0.014280963233152704
0.010642890594601214
0.009261528284292057
0.008774697462455749
0.008585360751398994
0.007855564827245774
0.005983995960309535
0.004502495455831399
0.0040630442323461805
0.004197545336174626
0.0043928092686846614
