0.042354006770747625
0.042354006770747625
0.04229485497040463
0.04228073936565813
0.04235217403773486
0.04223130696653284
0.040242595335211295
0.035699420279299995
0.03525474196976746
0.030083844349215905
0.02777064258674232
0.027178119935374705
0.02741535321439446
0.027601495614249946
0.027477826803475738
0.025970766936046625
0.025011915425344845
0.022957372044612144
0.0228905722238194
0.02087211661581162
0.018895894387138044
0.019009578493253042
0.018990955422077207
0.016820255172383128
0.016007442803900655
0.014121913399011053
0.012869947638520604
0.012368976212092863
0.011958787629179415
0.012078083116888719
0.011413302671749387
0.010107552458094938
0.008295437537420442
0.005974296956019323
0.0042588023756144145
0.0044372228200434
0.005106787695603983
0.005449277682548084
