0.03831305475472314
0.04310014706223412
0.030629587266547728
0.0296408951917577
0.03329704063975326
0.040053294227694713
0.036568364377379606
0.02728184401945406
0.02255667562016378
0.018739060699775944
0.017565871365402667
0.017685689344047253
0.017426861046147105
0.017774191781499846
0.017404968569892407
0.016967923963404727
0.016459583633415553
0.016656405224929272
0.016671834223571918
0.016742939846779832
0.01670916840982578
0.016946684540496415
0.017160037217802515
0.0173254413670339
0.017428123170576855
0.017712367583395894
0.017781857191858444
0.01768337808377922
0.017564897038712304
0.01724537932351281
0.016963694440055164
0.016777428576965472
0.016721889535531508
0.016663554811647656
0.01658145496217494
0.016770330377571446
0.016045042408292572
0.015535928253322862
0.015221490773247751
0.01397004238890847
0.01372363194590088
0.013621469572296863
0.013526464308467172
0.013445731056895917
0.013404322334348129
0.013291764391343592
0.01274627454777957
0.010683470926229448
0.008567179277836784
0.007470324716917622
0.008527589696008558
0.011829251480227393
0.015154255286733823
0.014666107463595568
