0.038341781838955445
0.038566840650855486
0.0356389869811981
0.03587051309549768
0.035997085989804264
0.03556205049297608
0.035558742199864386
0.03527721273690583
0.03479041977091276
0.03428771602695855
0.031319655263740205
0.02784081476911308
0.02813181363393612
0.02972274960044344
0.029687516302086287
0.0279151435488281
0.027228509424241397
0.02671404962279429
0.025862617739984165
0.02496874933195742
0.023728581147266135
0.023166671266446587
0.021051622345038976
0.019708478247830053
0.01962358241216211
0.019514783196449864
0.019044847393054416
0.018379733639023257
0.01833555433208047
0.017805227313549565
0.017865984625876758
0.01792671850154205
0.017882916412505185
0.0176644277856241
0.016361716442141492
0.01665069130066451
0.015879712061589835
0.015723270704751168
0.014732399483346465
0.011200173293222634
0.00922190556782286
0.008407963988081375
0.008664240236424547
0.0075083973592267265
0.0061315566101815665
0.005350188542374792
0.003991238132939125
0.0034452699673830998
0.003478761436834106
0.003440072951573434
