0.042362021555393474
0.042362021555393474
0.042364327862202865
0.042377736058722706
0.042359707166623684
0.04233692824706969
0.04229760492670529
0.0422907603825057
0.041351308918528985
0.03881767086024204
0.03768794901961739
0.03682697562550644
0.03536257998788833
0.033525112161606606
0.03162369082144568
0.02818557024395806
0.025662298277100967
0.02550674249559949
0.02577033713837857
0.025988998336752493
0.0265774240792078
0.026451934648358495
0.025704763179164043
0.02510324692884258
0.02426224461765709
0.02340264161775889
0.02322594747929118
0.023034610078712724
0.023084133773556226
0.023232612396960357
0.023227697877372996
0.02235421817247985
0.021311507073008714
0.020959111877075935
0.020879887284366454
0.020778864219586975
0.02071079526077196
0.020781574968417853
0.020178193643000004
0.01920861146142589
0.019116046289822088
0.019539539221883718
0.02041226344180874
0.020952038614021493
0.02106466419896693
0.021015526554029676
0.021765188088329546
0.02176014057183821
0.021887412530931023
0.02050706625894314
0.01997714170587011
0.01985530697480766
0.01805087872629691
0.017616380092802943
0.016127953968237498
0.01692256347696526
0.015029138510511741
0.013222296626423245
0.01299844344363784
0.012509429830937738
0.012010486030216934
0.0113831083145411
0.01105184522107533
0.011139254199717358
0.011189823316220275
0.010808064995077875
0.010092998634261604
0.008030061656388357
0.005756404199297447
0.003967797403952461
0.005016590962972942
0.007587650677878234
0.007140940473839697
0.007005624852964087
