0.04350398162713925
0.04087789303909484
0.03903605014446126
0.03772560218877069
0.03548620162739354
0.035348963151124346
0.03740488940512376
0.03828068786219205
0.03687913341173537
0.0359674262046801
0.032881096487234716
0.02809207385636817
0.02750304095340965
0.026565749789068765
0.027094655658501398
0.026231343396559248
0.026903508998846366
0.027071410352272094
0.02707782317790517
0.026815332238144224
0.026500738286062763
0.026639922417119516
0.027036898293667826
0.02764559367105582
0.02785714134899301
0.028081311254056916
0.028314765721927173
0.02858637174823597
0.029123966843889973
0.029497717721245847
0.030054451224918302
0.03051234208693971
0.030802918655670187
0.0309396467378555
0.030563193871928573
0.027800466898357707
0.028130909850238712
0.026655201256368843
0.024118845703330907
0.020204631681524244
0.015131825687069193
0.014613918255268065
0.013952831508193694
0.014291038737761783
0.014737366338874578
0.014216885593837521
0.013544042291130645
0.014064782746429366
0.014568183671491717
0.014950521714471721
0.015393833068816058
0.01573177863498697
0.015400380968304898
0.011925047038894911
0.011790137648909602
0.014067569048991197
0.014066201351673987
0.015558045007243598
0.015495919761510652
0.016604491820525286
0.01702771125030963
0.014736571463702438
0.013041549402952596
0.009708027368581748
0.005697527379651092
0.003414058113423173
0.003372406595266512
0.0037065714311724013
0.003743147806445428
