0.06705388456284007
0.06733995347983111
0.06345424430901934
0.06463009621721783
0.06104895527394708
0.05654700347513462
0.061338693755458
0.06179693744233118
0.05841251328152577
0.05327517719581004
0.048344002086189615
0.04868985670145755
0.04836799241528856
0.045018246927474595
0.043946791278964906
0.043377030549791445
0.05057927916753356
0.04633367527726252
0.041789532486553926
0.03997430959309093
0.0388375536844401
0.037991179298185
0.03927305181071634
0.0404212318517356
0.040186004006771775
0.03765088716948937
0.03330419377313394
0.03127089250895038
0.030839270098169048
0.031835925832398276
0.032036671691191385
0.03214387486612367
0.03262818471115463
0.033067411412762024
0.03310786614844305
0.034273964447469586
0.035231547579993854
0.035791924611644606
0.036171084059985835
0.036159454905210414
0.034554067203461866
0.033991196322098544
0.028456528097655996
0.021972106327537266
0.018392966504771176
0.01602632098887349
0.015516122501502147
0.014629866530751103
0.014287640066501364
0.014357497824877772
0.012670421781669702
0.010072347358818482
0.010093795858994786
0.01040698634053756
0.01000878978815183
0.01075832637467813
0.010718457622642714
0.010474152641424804
0.010043885064825174
0.01007608137865011
0.009978861367407652
0.00987266800454366
0.009695347227038239
0.009537854247614903
0.00967003923581538
0.010178829189201074
0.010321562595440884
0.01068810572762748
0.01078876042686249
0.010648188901840504
0.01066287164731763
0.011220670222255782
0.011432739798165425
0.011043165118539316
0.010473740637924372
0.008263227105303196
0.008185129850855802
0.008457441169273341
0.008292532523621256
