0.06499766461473051
0.06653076221940735
0.06364709113439247
0.06244993271097219
0.06060600665271204
0.05941832134008923
0.06169236451168144
0.06040736758900539
0.057314941197474566
0.05200321928884826
0.04766023412950837
0.04775633205231472
0.048396828846895876
0.04793439969596681
0.04128594458885042
0.03981619070956708
0.03717467877571389
0.034719324680330635
0.0337329529474954
0.03214867774268998
0.031623481343040626
0.030397784420210867
0.030424977682166367
0.0307263915390653
0.030640295933598276
0.03007644922135216
0.03045556578625619
0.02922649395752051
0.029149270379059736
0.028993477099016188
0.02988873315016265
0.03051875188124053
0.029901437038046933
0.029477685839876585
0.029106703297070078
0.027829833356321783
0.02743514298690167
0.025869065837163502
0.02465329832481108
0.023773331445505176
0.023593879979566627
0.023620721255445294
0.023383868443508676
0.02295657232747565
0.02256160967330244
0.02211596567066199
0.021707814082731973
0.021136579036927634
0.020536463139353534
0.02028770557302121
0.020156176983267018
0.02007374399235018
0.017176069482218
0.01661609737546022
0.016624957249228738
0.016351607565694287
0.016107696358543627
0.01593258234448388
0.015825817033890317
0.016846486591202123
0.016730836420623847
0.016353899267704898
0.016327529878856734
0.016716749368087938
0.01685919188170252
0.01645845809093339
0.014401959343294853
0.008931001694928279
0.006598611904545344
0.006281691981666897
0.005936003565294586
0.00619801844226628
