0.06552544444198585
0.06528565615292027
0.06471359822051588
0.06485346041795009
0.0648388902511166
0.06321870444383022
0.060758052507573164
0.056467642334911354
0.058077791558056605
0.05329020928123558
0.048877241606595366
0.048940850842300036
0.05234269736858911
0.0503115556211373
0.04428611610343874
0.04228706281288633
0.043188566569880515
0.041850412814352055
0.03721190636016647
0.035796703745339706
0.032675323431308745
0.030158554920376866
0.028644451942687166
0.028370900294197702
0.027995172102556566
0.026745456212152637
0.026082353702105023
0.02582735392031407
0.0260688289533125
0.025917514173929186
0.025282633332454924
0.02509963396421355
0.02507709273273236
0.02568485576729315
0.025805040501555018
0.02658838185071021
0.02667147972609066
0.027669443133755953
0.02853533933430653
0.030376061141708648
0.03168495902252324
0.03198746608517708
0.03230218962004397
0.0319333286975224
0.03161782022138436
0.02759794050256307
0.027154048676671545
0.02694055401537559
0.027209407563646343
0.024470612536691975
0.02239113319169267
0.020904681637606025
0.020397585246307786
0.019873227399420542
0.019729953742947694
0.019610251908675592
0.019496739183542187
0.019514924628266754
0.019601071353253615
0.01979523605585062
0.020216361055263397
0.020246338932309604
0.02056506861411157
0.021196455342297325
0.022067818583454118
0.021245790919433214
0.017139899561107095
0.013313348279513122
0.01049370399616985
0.007438058707458313
0.006502331953040127
0.007493239269285534
0.008234310113159437
0.008017806098423692
0.00810915066795519
