0.0675207901737942
0.06727789341213712
0.0666795723099914
0.06687605345575572
0.06671906435046733
0.06518692900141036
0.06242658746064724
0.054770250608278996
0.05166417631846349
0.052256375088247334
0.051606502067920695
0.05313201096151581
0.04792776613670906
0.039317105517702566
0.0373551937172096
0.04100964604264571
0.03867947753878483
0.03728821537744549
0.03589734120290198
0.03220057748652069
0.029007021829541346
0.029821577657582206
0.029091390269144975
0.028964453021278713
0.02890458574114995
0.02824023995159304
0.02788199537761256
0.02832726530843522
0.027470376411885974
0.0275127908592865
0.02739684758312965
0.025764541594878836
0.024060734970169445
0.023988045082357915
0.024259209361649152
0.024296876173801066
0.024846323271758324
0.025137652470902102
0.025358513463699456
0.025243120894945938
0.025171371656866618
0.02523121704110785
0.024525859309362314
0.023858303450479807
0.0250888249987594
0.02598455371671049
0.02505038818001011
0.023301428951632376
0.018414563232779412
0.016363680977909616
0.01459797279408
0.012333699257622625
0.010942834565490413
0.00855519097469353
0.009022001382105604
0.010446741090337754
0.009559953638985924
