0.06602784764877011
0.06605122518731088
0.06435744889878386
0.06544750378992106
0.06374674189624184
0.0609746694297065
0.05792868544494217
0.05611864229764138
0.05635652633638494
0.05127167301780401
0.0472807733321619
0.04528284057130975
0.046245715682013126
0.0480061611109141
0.04732223619920933
0.046135589945563237
0.04486153502408058
0.04441049666475763
0.03973987660451786
0.0386920639018157
0.038606037168857625
0.03634248856072614
0.03521125377957502
0.03487512538498106
0.03539597281975583
0.0353576788858319
0.03513998935720347
0.034836527602344416
0.034080746369858056
0.03369315804701137
0.03190448898430367
0.026954043802133197
0.025745588866105132
0.025952452692474873
0.026473705631255704
0.02735805136025952
0.02585241514689035
0.026563125729026964
0.024350016846861545
0.023604991148227727
0.02353214004980694
0.02375704258900886
0.023817086221485165
0.023881701951810556
0.024465763137285615
0.024793168347815503
0.025057585628770727
0.026994910691487427
0.02705298712346647
0.023259193268873733
0.016372919181503236
0.014127773196989043
0.013366388234800677
0.012379021798901033
0.011149050611370932
0.0108097816629164
0.011285059525184342
0.009136916971876049
0.008933046471870383
0.009853883218206788
0.009579024747379138
0.009422507838240808
0.010063522856355069
0.010346746326680084
0.010763792492153996
0.011247797850709894
0.011125959301933342
