0.06592899384872088
0.06595144142534534
0.06436269229275625
0.065363164579429
0.06369109945172993
0.06112362611256187
0.05882999664025099
0.05729682498224909
0.0560412893198168
0.05129954222802404
0.04759833716451507
0.04409902656404214
0.04711042955871625
0.04815216439164085
0.045594665855055616
0.04099532639844845
0.03998646139887252
0.040586619172519274
0.037927020217472074
0.03571929223707031
0.031007419741448047
0.02429125245423446
0.023044654483980312
0.02364183896444183
0.02353363381092748
0.02312319733624211
0.023101515642515
0.022903975517786744
0.02281661602376237
0.022526427922870136
0.02281184138318872
0.022813560617969374
0.023016973535875236
0.023361574052140156
0.023338110951796498
0.022573814489131563
0.021841802923785077
0.02146876199368463
0.021203401244185176
0.02134843199687267
0.021547323545629354
0.022148113971521593
0.022698018056394743
0.02308328271214819
0.02107631055488964
0.019698112942027085
0.017848030107301936
0.016354555589646484
0.015181836540807316
0.01408786937634934
0.013184543028178307
0.013834734775657739
0.014259892133301828
0.013911953744294131
0.01308017526410089
0.011029372050567402
0.010297696455542137
0.009682227136227265
0.008399753683219704
0.00798422574096334
0.009150751491167668
0.010208044065512496
0.009412526668802995
0.008857768297437434
0.0084079932257328
0.008510969469283038
0.008470526016504778
0.008711584729527606
0.008521691401454087
0.008592390622620792
0.009079038170642827
0.009476389661228409
0.010079947158000679
0.010892092009362175
0.011828948073217464
0.014051839323126869
0.016645826859553046
0.01975738663170112
