0.06539037308564959
0.06684014613329875
0.06070846861294147
0.060945817430668875
0.05659053819459486
0.051107016616892514
0.052181926908421584
0.05397072518860558
0.05455662424847953
0.05164883494952705
0.045887810117324464
0.0448030051757832
0.047865478897143765
0.04641392905111785
0.040598287686064355
0.03600977662518867
0.03187066506008519
0.03192059448360219
0.03204234805270918
0.032235525031807925
0.03383271348651346
0.03306243438383108
0.03269240837894403
0.0323045011727969
0.03208344931466046
0.03206315314744806
0.031945112904324155
0.03202640108489746
0.03201407538142058
0.03200154735096274
0.03187949834116343
0.032016307784432
0.030915502224216615
0.029138822992967404
0.024026940112440286
0.021215613455606627
0.018538811020782843
0.017455158929239076
0.015895169182337535
0.01477992504263394
0.014397835280548698
0.014732094633410717
0.014331283602906574
0.013864645891431819
0.013527450026740651
0.012013980305229594
0.011696754935597273
0.009979698692885975
0.009324756115706068
0.008887519616271168
0.009220674156835806
0.00872982873141671
0.008176959588211855
0.008109172231683708
0.008711858815446324
0.009544623034261302
0.008548136175695763
0.008067702627712576
0.0074304053117833415
0.007241818983748949
0.008283590695776697
0.010373407575610982
0.006220897854868385
0.006080304285996771
0.006102550149542299
0.006218809493743846
0.0061520434357901915
0.006045668973436884
0.005978337748684587
0.006125191645955816
0.005342168728085172
0.00526002940248879
