0.06580203198771103
0.06569676968605137
0.0648983843100925
0.0650191523207936
0.06520060797180298
0.06326357407894738
0.05887917223748104
0.05034211245050912
0.05433934708659896
0.04942710847126838
0.04526493117545047
0.04423799055158128
0.048180381888964
0.0481777404602904
0.04495919095078776
0.04355882851282619
0.042888519563059536
0.04014436293499237
0.032909242688711066
0.029885100902579613
0.029365435267397627
0.029503734266288956
0.0279990654544583
0.026938639614816934
0.02791616729358562
0.027173238235963744
0.026197132087113745
0.0262082027530711
0.026276917380163536
0.02654021706898204
0.026471863121100503
0.026140037795893772
0.026078052229744214
0.025886444242146252
0.025673310154284614
0.026564645432349602
0.027439180669485887
0.025522365397783544
0.025674807733567423
0.02568247328824956
0.02551277958539259
0.024794891920641198
0.02487212337710086
0.025580494980129192
0.02629238950699258
0.027321832553528286
0.02755012352998332
0.027563738019075905
0.027461547887680293
0.02751569809860193
0.027644184134059245
0.02779116527857511
0.028197658519736032
0.027642454330721725
0.024985353733202403
0.023470808055974412
0.02212859660781914
0.021608834000392117
0.021244549739008377
0.02136487175847286
0.021357062301729603
0.021490023874341565
0.021583184678555238
0.021543115609583264
0.021960444213979396
0.023490907329210726
0.023916592815108946
0.02176698820726068
0.017058269231960816
0.01380319400105732
0.01175494769370907
0.010407853970231707
0.010184261743266294
0.009702388007757391
0.009445651769232054
0.008666312814402867
0.007390563344683449
0.006773001497203353
0.010025223237489835
0.006138074289287176
0.006260745404435439
0.00563473501854768
0.005668155632990929
