0.06463526860830202
0.06530922134611068
0.05977939082378815
0.060302400222269265
0.056320829125286694
0.05228088795916337
0.05415146969853346
0.054806810131363695
0.05671730395872097
0.055971222193442804
0.05144404014666692
0.04531547944301658
0.0430809208208477
0.043358517408765215
0.03901813157238256
0.03675231720661952
0.03548104659190716
0.03510265983060329
0.03506700120084325
0.03528335251144322
0.0348442530992753
0.03306886046096921
0.03335429065481607
0.0323242819971693
0.030692719225289582
0.0287979872648076
0.02711844491370883
0.025613101968837492
0.024943118550135465
0.025195575997661358
0.025973786567981286
0.027728358722585243
0.030113020074361424
0.027546248928894262
0.02454973191522696
0.02361439276943295
0.019655355403796322
0.017942949033365078
0.015487411604164806
0.014711045639480773
0.015138316992189106
0.014176895358510359
0.012958256284530675
0.012009900756453732
0.011832710676040298
0.01254972628044063
0.011441343876752979
0.011021997637897607
0.01090078664483163
0.010311862651030575
0.009677102988696137
0.009341846037482275
0.009210856534715364
0.009629347320491232
0.009710645014154437
0.00891234756576447
0.008535307432091518
0.009433567572360902
0.010454930772110573
0.008773434156734703
0.00860466332752014
0.008919075697326669
0.008892429751909212
0.009128972962833645
0.008903608369473357
