0.0651076872549382
0.06684369480519584
0.062019525617537256
0.06475763660287673
0.06070370067267041
0.05267539275456684
0.048058131815772925
0.05063959949958129
0.05388175158228146
0.05531588344027713
0.049460892344537474
0.04406872540359925
0.04269336615234755
0.043460253890611145
0.043559672622264484
0.041871088402075846
0.04033242458527278
0.040888607080152524
0.03907338683954442
0.03675311998355589
0.03344667411165695
0.030794746527480897
0.02911528262049584
0.02755407215442282
0.02759329214278911
0.02821749143890109
0.028548554407675248
0.029501647114279907
0.027698261075733737
0.026869193706723155
0.02775320371557236
0.027015049386828235
0.026501521885179194
0.026559768457617646
0.02700407042697931
0.027243951437741287
0.02549524730412193
0.023285869016008
0.021074079734526
0.019682869924035774
0.01824244739639355
0.01641943160382825
0.017155243830697258
0.015882318680632834
0.01285912656587744
0.01126024670960059
0.01080313958067221
0.010590228278285681
0.010663278146230666
0.01026634634404823
0.009378948583857991
0.00836859626232204
0.007814958427021413
0.007945854818308456
0.008045374911776629
0.00783949730525992
0.008232481419257193
0.008797980864617963
0.008439524068359992
0.008227711626944547
0.008142183973288033
0.008441984607445024
0.008461882964234854
0.008474399441417408
0.008449378840235807
0.007980472548793908
0.00714167699496759
0.007074863952771955
0.006946643595664923
0.007205764313007264
0.007081770835391619
0.006586570093643694
