0.06479216920315345
0.06556704473109613
0.06361641607233902
0.06455243301293417
0.06290318501405219
0.06103431697139213
0.05752184198421391
0.05374997443546192
0.05200120659641802
0.05460235566659283
0.05099727610649211
0.04874825397178528
0.04634598404515419
0.04376061898374971
0.04008036761855635
0.040819841642966904
0.04180391113398433
0.03984446403516684
0.032932662575746716
0.029150129602943272
0.02600911952805256
0.026305799519340603
0.026810998328926115
0.02725363375475477
0.027431537732002284
0.027545967441216287
0.027369948954769293
0.02677679029287376
0.026299806256476266
0.025667158083966687
0.024391398323917395
0.023918149552680745
0.023818435467136623
0.023124770209750702
0.023113852884596137
0.02346916153232301
0.023614336804639213
0.023777114624932923
0.02465731223669074
0.02413894245549058
0.024526477501686298
0.024284306179347334
0.02380306088598133
0.023537130002161562
0.022872398715598923
0.022420320292571756
0.0211655376561694
0.020839829710583065
0.01999448420619478
0.021061879720729246
0.01957028282203931
0.02070986257986412
0.019445260060104583
0.019448396130557797
0.01929447631543379
0.01878078201799378
0.01924817168299583
0.01974484574951
0.019242143821478225
0.019262770334576827
0.019243216026795427
0.01948684282404332
0.01944781348029743
0.019110927720200573
0.019817759191203637
0.019177592120348173
0.01924276366103389
0.019278609204307573
0.019299322718138875
0.018958913768183445
0.018555208828773376
0.02014316601877311
0.01941702940308223
0.01645604740814136
0.01566058839672971
0.012229462040506385
0.01144200264039593
0.010850356215795937
0.009662891017779545
0.009473134352020846
0.009503297103022725
0.00955012375569195
0.009601796950442644
0.00853576894758109
0.008672224141817805
0.008648407863559502
0.00746338859306955
0.006299715846102104
0.005671207131542448
0.005023811181798625
0.005376823614653459
0.006476602307987488
