0.06576093529218374
0.06539074853569878
0.06127158004391573
0.061915049751277894
0.05855197123236948
0.05258739115128442
0.052375493656607354
0.05395529391460161
0.055681407196891755
0.05272899027742635
0.04468328482170123
0.03968785772499744
0.04188408865509105
0.04360274917812719
0.0442128822359801
0.03959372500748635
0.03811012765134747
0.03372432378337059
0.031762343694130016
0.031726791458585604
0.032719506128295786
0.03304019639099839
0.032892780877324744
0.03229205786192106
0.028846777865205273
0.02440256007078649
0.024283727709903512
0.024535429195380515
0.023670696580877598
0.02355224879908379
0.024275502430973726
0.025289167455427107
0.025706377100634992
0.02424668063673176
0.022875888384687147
0.020930403255917523
0.020297879962531663
0.016052905034933625
0.013393427982464831
0.012930550939360028
0.012354018728813304
0.011395638408884174
0.01335184996369672
0.012204303286150905
