0.06741966484743074
0.06737535905950222
0.06622066115801249
0.06578545673863348
0.0662474684494446
0.06313392372629391
0.05646254135372922
0.05222785121204631
0.04638799013657795
0.04553829802519529
0.04416193247147675
0.046908814051722404
0.045547822307378444
0.04298815594719983
0.04184366743326543
0.04066536430758234
0.04117201518937897
0.04012787968567397
0.03793593469411453
0.03680950946487954
0.035885907061633054
0.034453911674621696
0.03404354500707067
0.03289226342774566
0.031119590525318333
0.029870860102945863
0.028946974793026176
0.02716830930986599
0.024754281957420105
0.02387923271754013
0.024114844289113733
0.02551278259629128
0.025246699670676023
0.024627882806300103
0.02454348800799311
0.024102351223652896
0.024069016156526322
0.023884634115133536
0.023559842854786364
0.023569889276298873
0.02351110278523734
0.023422155678204184
0.02341443497390517
0.023238827870240994
0.02308629918915043
0.023090698062456883
0.02313930407257859
0.02303524058628465
0.022190541537283313
0.021617356322444214
0.02164991700794973
0.02279288293989883
0.02326792967796715
0.021278255506900313
0.020264701732789846
0.021158225738678413
0.017971082841352466
0.017415065976028005
0.01683261000900608
0.0107037748732097
0.01085188600416097
0.011852496165228613
0.012725998282228632
0.011251727989311329
0.00944311863322092
0.008714755928263892
0.008618128771868648
0.007958301380025835
0.007898401057124992
0.008240952070832959
0.007891222596930663
0.00803594359238208
0.008594402954208448
0.008916595484063736
0.007741716783681828
