0.06600350850287846
0.06605870885943431
0.06305981505850995
0.06358968716259851
0.06220111748630553
0.05859849703320479
0.053339204435939244
0.05081070982563223
0.052285644068093294
0.04893154300535175
0.04189392411420235
0.04004105834638647
0.05012610517021548
0.05081279460394151
0.046875416735476454
0.04440825524594882
0.04405467617673634
0.044116023058452705
0.040706219205619586
0.03513458130100117
0.03391195286800928
0.033328501012686355
0.03312819554925938
0.03338216514205722
0.03409142214371479
0.03426882574471112
0.03448923293435281
0.034408035430760806
0.03417746357614911
0.03284547947172622
0.031849318950964656
0.03151616235599651
0.03215437675861156
0.031972671270794666
0.031703718811043814
0.031045055849199327
0.030342534842046825
0.030247845227920324
0.030223044794930924
0.030473493588869485
0.03090839116728648
0.030559997955003873
0.02894803383763256
0.027079768219272292
0.024491446682268086
0.023413453916181198
0.022500224267120325
0.022300880495811536
0.022361430659775687
0.02183281984284565
0.021863823244283608
0.021940923518992822
0.022440359060259703
0.02214251380978029
0.02294101603389797
0.023640016276375294
0.022874565888666595
0.021531377438473394
0.017793182554993733
0.014599896263447201
0.013587711792101108
0.012517846930754499
0.01221594344027264
0.012251225638839623
0.012133387066735791
0.011790290614707311
0.01172161675590916
0.011161869889483587
0.010081864606364893
0.008869292752393895
0.008553658927480945
0.007999099075867589
