0.06654877535382395
0.06652396803388189
0.06649466184729311
0.06644767353166608
0.06634807896909618
0.06618141983365565
0.06594475532381544
0.06568977660440051
0.06542195105472749
0.06496931678370825
0.06434935442419093
0.06382854049942949
0.06351263081622653
0.06331971769105527
0.06318635273533522
0.06307965580950946
0.06292893957393751
0.06266461739475061
0.062226444528025636
0.061698315345055176
0.061282751463064285
0.06106390412361009
0.06096170313015551
0.06088676463976764
0.06079253451023331
0.06065867191529945
0.06047535233794313
0.06031326165695667
0.060174045717757
0.06005404909218274
0.05992454244934601
0.059750393273252995
0.05939993653783254
0.058609347779942825
0.05741933847700003
0.056265828642056474
0.05550913532115208
0.05496151929284813
0.054461442009097076
0.053981726769676205
0.05355452885042788
0.053136546101041966
0.0526566289690319
0.0523159442928303
0.05204279921694456
0.051767156863837455
0.051458925817178834
0.05110996175356894
0.050871379430620915
0.05071235758276421
0.05055287197438219
0.050295999842760925
0.04987561656842147
0.049279653819447156
0.048611506249905824
0.04801723400540249
0.047328098921524606
0.046673630485878755
0.04619983966329466
0.04595649114862414
0.045868722712764445
0.045836786903318716
0.045828334616992455
0.045826998222394215
0.04582661836067321
0.045826581391446825
0.04582604323576322
0.0458238889877847
0.04581647407071243
0.04580660993215803
0.045794641949500656
0.045780427102352715
0.045759723860271946
0.04573835139770242
0.04572272233529562
0.045712403737104126
0.04570557123156122
0.04569781462977161
0.045681306950270575
0.045662957610952015
0.04564800040049724
0.04563666830914633
0.04561780020038227
0.04557885705197901
0.045451195914381806
0.0451926613832757
0.04479176130197889
0.04431721055948829
0.04385447013709277
0.04324683761651513
0.042535581805758546
0.04198914605726285
0.04171686815884022
0.0416170588919811
0.041589479046338015
0.04157857629128176
0.04157560067709599
0.04157237103153996
0.04156104226257824
0.041533122743338584
0.04149115461505307
0.041402782239077014
0.04121681521070982
0.040968542571402505
0.040760354848507305
0.040666788618969926
0.040597627167476426
0.040539488115764535
0.040503692124305116
0.04049320307751211
0.04042712175918604
0.04010556325397593
0.03882828342821992
0.03737660983683993
0.03675523098127041
0.03635008115849727
0.03583113799271633
0.03529905229231461
0.03472819462732199
0.034199386295783916
0.033792288862180365
0.03352188303095736
0.0333401607915038
0.03322414359689547
0.0331451752589573
0.033075292481694725
0.03301742679292755
0.03297449107157522
0.032943617165918926
0.03290599318516651
0.0328749575864726
0.03284582605600255
0.03281266989144061
0.03274477689289413
0.03255357876403084
0.0321511939982779
0.03154398078689844
0.03098519138616836
0.030665304771430577
0.030630412026927026
0.030609234901714404
0.030591192283665573
0.030233071283826587
0.02953765305234496
0.028992342357482836
0.028662206665495307
0.028469510247085536
0.028374829394188457
0.02832717708114628
0.02830867185012854
0.02829956764973294
0.02829680658392778
0.028295254815951108
0.02829417623919627
0.028292892563362197
0.02829104322421104
0.02822619717884874
0.027490046310026914
0.026227408812671445
0.02521065767137878
0.02460711328828974
0.024288252478510627
0.02413106182363803
0.02402858432652252
0.02396197557605995
0.02391287071347954
0.023867190638555007
0.023831883774298294
0.023804873685310913
0.02378470883124764
0.023767060054726806
0.02374681218992813
0.023694147655704385
0.023614313624638665
0.023547680055573974
0.02350122342646415
0.023485115190482377
0.02347847961796937
0.02340108135109563
0.023096711473607034
0.022448369180074534
0.021572477008217204
0.020402884869574225
0.01918205587596395
0.01808637224131669
0.017315051806192673
0.01691882103590153
0.016772251491995984
0.016744506529482645
0.016740551790195495
0.01674062971696799
0.01673665320497253
0.01672678374362493
0.0167139013207369
0.0167040828764469
0.01670313629414735
0.01670289759036514
0.016698586001121524
0.016679575340925776
0.0166585383275566
0.016647935626807702
0.0166448749479348
0.01664466243002425
0.016644429179727097
0.01664125969967442
0.016619418999402058
0.016546818377375278
0.016392558704913025
0.016278275509395538
0.016263197644637004
0.01626296691767172
0.016245545541850932
0.016227492570798554
0.016192878768352625
0.016188727809097674
0.016137556651747095
0.015969433872675073
0.015504518257131812
0.01472058582756293
0.014157155449380104
0.01388989560031477
0.013791779851413421
0.013720050566844067
0.013657554928013722
0.013558627186201358
0.013280967872891602
0.012283339217648927
0.010900263037937851
0.010235733790989977
0.010029772351479335
0.009992018048867431
0.009987591993238018
0.0099877316767785
0.009987577100232332
0.009987484731166289
0.009986935011545432
0.009987357890646476
0.009986516336788136
0.009984600950817796
0.009984519605873276
0.009981222058987556
0.009874503123934827
0.009474140178380929
0.009135542527845661
0.009099055350911966
0.009098910539214237
0.009097042814410814
0.009055837973039388
0.009040050269879966
0.008986612576238251
0.008980818934458365
0.008980165942042909
0.008980188177748198
0.00898018478232328
0.008980184505154299
0.008980190183049198
0.008980186151071491
0.008980183642494425
0.008980190617243542
0.008980182136531716
0.00898018553086259
0.00898017943837086
0.008980183058796448
0.008980191622516114
0.008980175453311694
0.008980182475820013
0.008968748403440339
0.008968756903568088
0.008968729781652541
0.00896869740118331
0.008968740660186386
0.008968752505415782
0.008968672366477273
0.008968677424649827
0.008968388123140417
0.00896786755970682
0.00896785445774324
0.00897034483985594
0.008928538369542688
0.008370921927319449
0.00770071985317537
0.007381721774253512
0.007295786034985059
0.007285075612350261
0.007288044820828055
0.007292264062244158
0.0072957070314390625
0.00729556645199382
0.007293640378398944
0.007290779109921616
0.007289034246570438
0.0072814988455772904
0.007254012699698274
0.007241734411152082
0.007238404458799645
0.007229732606339951
0.007219846514108057
0.007212438385698699
0.007209491177580436
0.00720600046570594
0.007205954508371066
0.00721075035763085
0.007218090746733869
0.0072247740826008044
0.007229013549412481
0.007230229207030172
0.007230974645789528
0.007228847248783428
0.0072230793225794955
0.007205579535001877
0.007112118226475876
