0.06523241025196527
0.06514336349532233
0.0650514659136783
0.06489300253837028
0.06457205308777797
0.06407714865959907
0.063467326036577
0.06294262008595498
0.06254428753912494
0.06219843620150336
0.061907997361523685
0.06166431298767426
0.0614755751013978
0.06132728222103049
0.061201018194882516
0.06106787761589973
0.06087885915172866
0.06060339485389729
0.06024607115333842
0.059881607660300526
0.059578500057916504
0.05933866815729304
0.05913271347104589
0.05894099321346611
0.05876324709646111
0.05859891779360255
0.05843499335255424
0.05818427111552994
0.057787451714566264
0.057210352557054596
0.05652125260085523
0.05585763756667827
0.05531435111868013
0.05491354081748622
0.054637891613734425
0.054427412524561035
0.054263599696495635
0.05413737355769521
0.05404347510957139
0.053952351362866906
0.05388020927229676
0.05383888883218712
0.053792296800305714
0.05376102864759584
0.05372593222494435
0.053693156557868715
0.053677606024966906
0.05365301290860386
0.05359810348690931
0.05343931736832037
0.05312890807524689
0.05273136222381237
0.05234992443080106
0.05206360214536607
0.05185147685268414
0.051429927665382076
0.05035135449683758
0.0487459136498659
0.04740733366879095
0.0466595453487045
0.04628713565096723
0.04608812531317526
0.04596577787778009
0.04582843092284194
0.04561335504679208
0.04516626705235323
0.04436123051625257
0.04330635652451634
0.04219721782376162
0.041306557454967925
0.040684637940069907
0.040296190429568036
0.04006594711404726
0.039927997409684966
0.039833899860963265
0.03977540757909141
0.03970356691709382
0.03957088129228932
0.039373560807894274
0.039192943592306316
0.03910382156512829
0.03902662759283743
0.0388037288589646
0.0386187233286521
0.038522932764245676
0.038465387110619226
0.03840905271924446
0.03835835750168514
0.03829843795211135
0.0381999460581492
0.03802263290670155
0.03770773406137316
0.03724894004916469
0.03673965817718577
0.0363402908201133
0.03611256119866135
0.03597501102515941
0.03580307877239406
0.03561307285037656
0.03550231275761187
0.03549642206522851
0.03549299711505622
0.03535296202308277
0.034423809453954804
0.03288874650476882
0.03167924469560292
0.031053895372855196
0.030784565118907977
0.030652773414530477
0.030583875831030914
0.030542417691099055
0.030508676022543642
0.030487587013438684
0.030477978663828478
0.030476057127922885
0.030475954750783088
0.03047608955099652
0.030476192519224475
0.030476229048530756
0.03047633564079901
0.030476324596710853
0.030476316270549756
0.030476271149274623
0.03047512804554395
0.03047288256209631
0.030472076832903313
0.030471957806160684
0.030471913534807226
0.030471869250335345
0.030471858373265423
0.030471737900384724
0.030471578137953464
0.03047055254364323
0.030464154161213935
0.03045270068664094
0.030437309015890673
0.030430343487453212
0.03042959102141856
0.030429633265463548
0.030429466598145535
0.03042820667582039
0.03042610048732935
0.03042134884531983
0.03041843621255656
0.030417806506037006
0.030416286699322625
0.0303996640152865
0.03028184027174365
0.029470787399312574
0.02694716826792969
0.02474127988035083
0.02411332464146136
0.023426582180645507
0.022585164807893784
0.021998932908344
0.021290677778689985
0.020087369858809052
0.01858438586111917
0.01741446898847509
0.016694897891774096
0.016319895691814648
0.016149920562719623
0.016067665449859738
0.016029376223398607
0.016014531943235547
0.016009473567055496
0.016006122142511927
0.016003316377887194
0.015986936422186415
0.015855844033231658
0.015284919121074915
0.014099360381157526
0.01300494009993048
0.012359726435032579
0.011968266723308698
0.011615438039739393
0.011328450895335013
0.011088335634929825
0.010916789273720844
0.010784703244750879
0.01068470882562401
0.010618367540257629
0.010578663672414019
0.01055009919453
0.010531552334678703
0.010518735560766547
0.01051278569428375
0.010510633202852601
0.010509823614905574
0.010508911336889363
0.010505985104047677
0.010488836014416936
0.010425495669785267
0.010345615073823219
0.010280520578221458
0.010248021923357265
0.010235140608764196
0.010226816726757834
0.01022297165521014
0.010218266856064072
0.010215146310373591
0.010212950418953556
0.010212031330545067
0.010208789202553172
0.01020487917657343
0.010203778314167782
0.01020269089631521
0.010164939917023923
0.009899298835352587
0.009346001319564872
0.008916353755063533
0.00874662426007922
0.008698126445214689
0.008686151677481201
0.008683899886989145
0.00868237265717087
0.008679850380954944
0.00867384861290745
0.008659670291323841
0.008571206893768288
0.008353667652543986
0.008201201091007105
0.00808585084903968
0.0079200244689188
0.007776013402740341
0.007682521153739957
0.007658272689725109
0.007651251770314426
0.007645639463709747
0.007635664497642398
0.007616411321072338
0.0075985327360677205
0.007576146651249184
0.007557698382764164
0.0075526199328475796
0.007504330691696548
0.007406324490802494
0.007345711635251307
0.007243165837762265
0.007234626751194436
0.007234275994488183
0.007234019810052704
0.007234002323714656
0.007233997939143898
0.007234022264248758
0.007234015808765578
0.0072340104788437875
0.00723400936080287
0.0072340140751533605
0.007234013641991398
0.00723401522119767
0.007234011932562925
0.007233995015210084
0.007233996832719356
0.0072340003737986
0.0072339909242461605
0.007233898701038288
0.007233685048140375
0.007220129954935614
0.007156836890701192
0.0071134654658385485
0.0070999139788963965
0.007099576586597585
0.00708363214286639
0.007034916278372004
0.006881322840404132
0.006600409611231193
0.0063750430027414064
0.0062365623354935775
0.006163726233606735
0.006138130805289945
0.006111007727100777
0.006114793670271323
0.006116594872158505
0.0061162289685393065
0.0061158364234257
0.0061158650950145724
0.006112927489109337
0.006112340239640762
0.006112506295556142
0.006113154098143091
0.006112368648351418
0.00611202233152502
0.006113816194002342
0.006115192851427852
0.006115981529759903
0.006117028084647947
0.006117248519145368
0.006116333841406477
0.006115023670492035
0.006113452713845593
0.006111747517142987
0.0061094866079520966
0.006096455511002795
0.006092484751980263
0.006092837216260202
0.006081384074452471
0.006061717475784702
0.006050355109551858
0.006048569177943285
0.006043193226200879
0.005988084497080069
0.005763008507693578
0.005633320578285727
0.005587480517790023
0.0055715985384607696
0.005565700624405256
0.005560073958262304
0.00555854693745539
0.005549193798349026
0.005524908831246091
0.005473862940426665
0.005377657499358839
0.005309074111493892
0.005295186377105956
0.00529177503570908
0.005285108011079457
0.005270643423014437
0.005265960483066586
0.005266558592988482
0.0052667038303606745
0.00526196520830309
0.005175041874482614
0.005029854600727854
0.0050064830368169
0.0050074907146096925
0.005009575700101511
0.005010818346474068
0.005009587050455755
0.00501699143850435
0.005020921825111153
0.005016470766700421
0.005009321169591363
0.0050092098750463354
0.005001163133668174
0.004872269319087307
