0.06636391606813077
0.06635528580264607
0.06633991127095047
0.06631077896135612
0.06623120490051612
0.06605293425162947
0.0657105191139671
0.06527577664611033
0.06488488872406022
0.064523259151666
0.06406223828753352
0.06346984401497796
0.0629560716206628
0.0626134575589189
0.062406361551209114
0.06227586932647457
0.0621445227175677
0.06197092126775617
0.061724764685671056
0.06144874442968285
0.061233709322683946
0.06110969636848067
0.06103085990539871
0.060939066593702275
0.060789660412836365
0.06056841096234743
0.060275392307393115
0.060003601918640834
0.059764994384713666
0.059548355794257574
0.059310696153595445
0.05896955875367119
0.05831476881488678
0.05711171788792879
0.05570032407274438
0.05461778370521954
0.05405646739257118
0.053764235759431935
0.053571738684714695
0.05342108698479865
0.053305534605578346
0.05321640083563553
0.05309793459221811
0.05301368417990808
0.05290112423890194
0.052708116566120365
0.05238898636099918
0.05184991105251742
0.05126672615884951
0.05071035713708281
0.050176753365601456
0.04968167837793676
0.049254593991747656
0.04887151739969421
0.04852045131310926
0.04821719677958946
0.04800745114448024
0.0478502140412974
0.047647686237747434
0.047277422369292665
0.046732457723009525
0.04617893637454069
0.045825883453841684
0.045663997736913785
0.045597914903392996
0.04557540528867695
0.04556663663682812
0.0455642215995109
0.04556252282131336
0.0455595798065252
0.0455497095410557
0.04553339954227816
0.045516162695960746
0.04550560674349308
0.04548980259773652
0.045416702463380386
0.04507101747524848
0.04428937564116211
0.04327051688530542
0.04236341351593346
0.04170837335351479
0.041293069871266096
0.040999388437519796
0.04083255826854686
0.04075718595969624
0.040729901647036645
0.04066385214372271
0.04049976838484939
0.04012522310352733
0.03953643410859741
0.03909321159735393
0.03857396550709932
0.037196791604511704
0.03559389949856104
0.034876902544272316
0.03468149958122921
0.03458503464733327
0.03448574353560823
0.03442302097108352
0.034384846135617875
0.034344354119407686
0.0343204934010847
0.034307223030758324
0.03430331687540718
0.03429289074956659
0.03426814866954702
0.03423255413499778
0.034189813169529536
0.03416546057140528
0.03415288511407661
0.03414709199530793
0.034139344754694975
0.03407342496870234
0.03399173133991036
0.03392443459398547
0.033812848489597445
0.03349071973942316
0.032921822893776986
0.03225929383637558
0.03172349134673496
0.03132138977090473
0.031082751523873815
0.030944883359491224
0.030864023589627542
0.030827445895642677
0.030803263446227705
0.030793241873931797
0.030787640382597365
0.030782965677157402
0.03077965402412731
0.030775798831462222
0.030774180106377398
0.0307732349086832
0.030750985786458903
0.030628984493200867
0.03032020379741225
0.029867476041334485
0.029354610989853383
0.028606080969248576
0.027718977881634597
0.027054151874071824
0.026592969021629803
0.02631941747007812
0.026178861627341888
0.02611675338065482
0.026102926581042407
0.026100284107143122
0.026088469756343997
0.026039818767824498
0.025980618851922398
0.02596364153650267
0.02594927774316014
0.025947622160339096
0.025914242371089576
0.0258659688160704
0.025859089061937568
0.02585986577893825
0.02585739427130408
0.025851864602891392
0.025835640706231965
0.025788171778783175
0.025649242957343363
0.025353850088852884
0.024987166917137107
0.024567922275408664
0.024154930968455748
0.02381345246335779
0.023600048570155057
0.02349112139722841
0.023440683220869955
0.02341860967298969
0.02340459844243921
0.02339135834936589
0.023364702341995867
0.02333183760053135
0.023317620404805048
0.023316239663211176
0.023308194438220565
0.02330203080772666
0.02329669789691967
0.023293307623579104
0.023287465903041177
0.023261633299249216
0.023252225374796168
0.023133194409164413
0.022877876624880313
0.022795941325364076
0.022786340632464413
0.02278534401274113
0.02278547535230621
0.022785578281343595
0.02278548394769437
0.022785021827824617
0.02278336875497452
0.02277791201646513
0.022761575992314168
0.022708005286985918
0.02263032721141645
0.022625469339413604
0.022618933372675
0.021682175066356554
0.018969185299060474
