0.06645732008421108
0.06638628711833981
0.06630054530653633
0.06612526149978512
0.0657065827524023
0.06493314571678305
0.06380454253493976
0.06273543604736975
0.06200274902556085
0.06152098007138661
0.06115929995113896
0.06079313210925223
0.06040552427339322
0.06002365947832584
0.05967973170779441
0.05939835110496228
0.05914271255365885
0.05890413184863125
0.058701964331539
0.058591739280247405
0.05855681215544738
0.05854975822162559
0.05854895632290866
0.05854895324558143
0.05854893446878986
0.05854889950049706
0.058548922735002756
0.05854893230196434
0.058548915002117785
0.05854893773882668
0.05854892325224912
0.058548559955068975
0.0585466186891243
0.0585374753139733
0.05850882356972009
0.058411187068202176
0.058105801053751925
0.057549523350954084
0.05710005783370641
0.05683984016301528
0.0566880098343028
0.05659282649223681
0.05651162881108237
0.05644129812530143
0.05640385228139077
0.05638201711050463
0.056366553344078724
0.056304157255875474
0.05604489686471627
0.05533925091583172
0.054235208169747674
0.05340215853057047
0.05316145854270478
0.05305925835687494
0.05271291202984015
0.051848364854323474
0.05092193133728732
0.05022329496093489
0.04974363764565095
0.049370078419958885
0.04912707097380814
0.048910527565167186
0.04871119748194418
0.04849481576276069
0.048150638002236824
0.047570038932471664
0.046636985530056296
0.04559981550448195
0.04494878914400008
0.04479210610828641
0.044704125406486286
0.044597934032129014
0.04439867974766025
0.04420805247815476
0.04385762030908741
0.04336936572917889
0.042890852374813326
0.04250789168643484
0.0422258734228858
0.04205410486336309
0.04195248492378216
0.041909226186686424
0.04188502314770027
0.041852914811654915
0.041736854209737224
0.04147375922241752
0.0410485733578673
0.040522411482372615
0.03995955972663007
0.03943811244243609
0.039119928131815064
0.03898998275271996
0.03895756222974047
0.0387808232060304
0.037958102566188125
0.03667615899123643
0.035683140059650086
0.03520440836446412
0.035027501593566324
0.03496501766583726
0.03489559020497421
0.03481071591320445
0.034730939441848234
0.034658952745015695
0.034621291834349206
0.034608209201731875
0.034605809926140346
0.03460010730408234
0.03458720419718327
0.03456731158506587
0.03455042925690028
0.034539769825569
0.03453270759205967
0.03452791486961036
0.03452568725337232
0.034522991295213586
0.03452121479678228
0.034517208037422524
0.034508037226656164
0.03448730935892981
0.034461819600230134
0.034453014427541014
0.03443252069335382
0.03415410677545231
0.03330834922532644
0.03216074274115042
0.031346834729434274
0.030959491843960758
0.030801280003221687
0.03074388021624168
0.030717307952972485
0.030694512089110473
0.030645842659780674
0.03051273213247765
0.03019439633176693
0.029786480704099474
0.029514640124566963
0.029403826578255896
0.029377249592421634
0.029375957644566596
0.029370160142474084
0.029340064010641275
0.02933011574925657
0.029328631319168522
0.029328095969590837
0.029323730293558736
0.029311108315882243
0.029293875553066857
0.029256575233410843
0.029147658298081542
0.028913427007781736
0.028459850987186872
0.027921199505032954
0.027443875424242755
0.027100722538707243
0.02688377478319072
0.026732672118991715
0.026582164076223287
0.026378345012850617
0.026152859166742787
0.025941562414809466
0.02575779624259074
0.02560698314740958
0.025485888571984056
0.025395490655380253
0.025303455326100996
0.025216262791342457
0.02513430421818216
0.025059691439789488
0.025008143245947977
0.02498866248250939
0.024976055143328832
0.02489334638915292
0.024761045114571802
0.02427138877442411
0.02311442573865171
0.02014529748125239
