0.06727539226226714
0.06722462850442228
0.06716070536230492
0.06702856190735972
0.06670094307007676
0.06605857756108505
0.06509863459059743
0.06415614106738281
0.06346581706446756
0.06300204176366155
0.06269673342320979
0.06245059001537067
0.06222991874242363
0.062014626757651924
0.061851338226163774
0.061745327080774536
0.06167733986328443
0.06163051632145541
0.06157964804991529
0.06151699934489851
0.061448714516081124
0.061387462199289734
0.06134912478898986
0.06133228199648921
0.06132653415254632
0.06132467352917186
0.06132357163536131
0.06132304204956886
0.061322943598759096
0.06132270147033939
0.061320698861792325
0.06131342727474933
0.06129701507936278
0.061260280816844696
0.061104840995492876
0.060476174879550836
0.05948380383738303
0.05862816029443851
0.05794960419283794
0.05730726551538049
0.05669320411267566
0.05618520201117191
0.05580861634383154
0.05556768286187754
0.05543642367687569
0.055328343232019066
0.05524420518459558
0.05510598806666375
0.05469717738841686
0.05438915187939522
0.054281184894251586
0.05424828452109122
0.05424184602335006
0.054242347717135916
0.0542420280173742
0.054241398674299605
0.054241078612746706
0.05424094739347541
0.05424065135343571
0.05424072902553414
0.05424032863060646
0.0542363713224353
0.054198643137816645
0.05403375104292154
0.05372980482092943
0.053609991715533774
0.05340505409341853
0.05204236217447503
0.050854736438396844
0.05024272051948662
0.04992253167497835
0.04977503316275627
0.04967480880608876
0.049604446910083484
0.04954611693610885
0.049457581214124864
0.04923975349981369
0.048777886573314354
0.048057664151733764
0.047141820270013346
0.04611234801537405
0.04531452941158924
0.04465545574658333
0.04405078620902358
0.043481018911708295
0.042978559892624175
0.04232868394142282
0.041457984277662334
0.04056322454747585
0.0399441527737438
0.039624278496424054
0.039385240652102436
0.03912162732308099
0.03890594376037495
0.03876995241084831
0.03868636878248903
0.038642781821241215
0.03861966761154795
0.03861078997754316
0.03860788814516483
0.03860728904043642
0.038607228553829184
0.038604512208515795
0.03859969918663921
0.038445486503907854
0.037574221295755356
0.03663642616751414
0.0357794027839868
0.03532584830247004
0.03516021081765754
0.03511821921663566
0.03510810164126
0.035103314165297966
0.0350985141018219
0.035086125149791966
0.03505152360435592
0.03492896961398746
0.03443059709591119
0.03302494476048463
0.03045931373654405
0.027872806033440438
0.025867822530452306
0.023564146476068106
0.021832726814333445
0.021119353491066067
0.020607524102337675
0.019517561413037576
