0.06611061995556494
0.06603333752383529
0.06595015761136586
0.06580121916135842
0.06549589867697432
0.06502470653968538
0.0644499192956318
0.06397245887905739
0.06363279943850764
0.06334583814460962
0.06310004840762266
0.06289032527823352
0.0627289971392995
0.06260665794176681
0.06251042376297236
0.062422098777301066
0.0623141195676564
0.06216606774819292
0.06194628873770402
0.061634478469980526
0.06127853912264741
0.06097991572586846
0.06078929608291556
0.06068174822482374
0.06061856071285191
0.06057270928637873
0.06052393201959657
0.060480493916192146
0.060454230315184855
0.060426123627786855
0.06035010992473333
0.06012103296339901
0.05952159723685043
0.0583698690216133
0.057120867602394106
0.05642862368516809
0.05617813689622073
0.056051518422137445
0.05596731015360498
0.05590758240401563
0.05586680874222827
0.0558446100743598
0.055818318907191085
0.05577545654369173
0.05571964559109736
0.055638776166256954
0.055547777295214644
0.055429311202222074
0.05525351288397102
0.0549862982551435
0.054641220017643745
0.054222528533438834
0.053760243647449836
0.05332223068001184
0.05286703553371146
0.052331912310417894
0.05155317612818656
0.05052507271791373
0.049633138509121634
0.049010213832544766
0.04848582256706593
0.04782488673314208
0.04701021156757427
0.046231767689544304
0.04552220071020263
0.044952732306954166
0.04448653875145542
0.044143780935386796
0.04385062452952214
0.04361047131626374
0.043399965548621425
0.04321590108294285
0.04304529252304279
0.042819964289817096
0.04243402417408672
0.041899204398217066
0.04134191719699253
0.04088455866362928
0.040563267350724325
0.040349856350031243
0.0402391123961542
0.04017359961042159
0.04011376981619095
0.04005721998029897
0.03999673784427813
0.03993884153889665
0.039846553565547324
0.039600878328995226
0.03910837746598385
0.0384926024970591
0.03799549691715395
0.03767836785650669
0.03750373963137975
0.03741349406214912
0.03737199993870622
0.03734448064728637
0.03732612259594414
0.03730532126776832
0.03725748968815638
0.037132224791850355
0.0368608597490117
0.036502053973825443
0.036191985455609206
0.03596839146802438
0.03582604001905576
0.035725700509353614
0.03564746758569473
0.03555643520340183
0.03547400887893857
0.03540056822943636
0.035309019641413995
0.03516372820626413
0.034921659365345546
0.034536435748334086
0.03394259141326308
0.033123034075647366
0.03225540703092713
0.0313973404068201
0.030644833115718643
0.029992522548266863
0.029210733894261584
0.028213135293988664
0.02701877015756176
0.026057597578356347
0.025538760045103304
0.02532476336232943
0.0252586276558634
0.025242530498678143
0.025239291538362393
0.025237929783453676
0.02523757799859517
0.02523731829905025
0.02523689091562454
0.025235333283578482
0.025230545640138602
0.02521845101735232
0.02518690261223853
0.025150099471073353
0.025099179898608548
0.02504267799937495
0.0250342407958981
0.025034218887120593
0.025024070719358422
0.025012153688441615
0.024915796085570485
0.02479810207190548
0.024756931647305525
0.024445515248946868
0.02407559669571345
0.02389848927219566
0.023827966082857366
0.02380632357010941
0.023799368200704843
0.02379764973242862
0.02379752584718387
0.023797552037937236
0.023797581059007658
0.02379742211816977
0.023797479672977743
0.023779496796591155
0.02350976744854599
0.02299343083337938
0.022697123899116513
0.022494660850328717
0.02244856589832709
0.022447775888345244
0.022446914251253575
0.02244671999009426
0.02243474520863783
0.02240279646379561
0.02239396104023955
0.022392331055384115
0.022390009185343212
0.022371940019957872
0.02232654942691417
0.022271676236401923
0.022226229631397042
0.022197866773160914
0.022184646111321635
0.02216880933311757
0.022161027400754693
0.022155441448880143
0.02214933873151689
0.02213967853064292
0.022137524092924774
0.02213972388372083
0.022088734506268453
0.021014216901918202
0.01842001909542715
