0.06554467400790971
0.06548929316227053
0.06541736987616878
0.0652667061403478
0.06488935306467894
0.06415084699681345
0.06306686384180644
0.062055341794711026
0.06139643077118357
0.06103754250857395
0.060863375321574854
0.060763506357953766
0.06069759639015388
0.060641802562688904
0.060604886090996395
0.0605807463104821
0.06055562727229211
0.060516390059593674
0.060441250460627365
0.060335985871630644
0.060227315974184556
0.06014010711753302
0.06009023022405062
0.06006966557555525
0.06006302480281472
0.060061001237702916
0.06005984358886587
0.0600594636708607
0.06005973171810736
0.06006065257497709
0.06006081531591975
0.06005414705146745
0.06002173948895637
0.05991946372913568
0.0597398661242871
0.05955063350485542
0.059440532554898284
0.059393545268093595
0.05937745858365071
0.059371469358652604
0.05936917809068215
0.05936813069690861
0.05934327674291638
0.0592570751835838
0.058974611658331184
0.058469324642235386
0.057873491524154615
0.057163205925014886
0.056459905145688626
0.056042558815755504
0.055929968768120494
0.055842538852383716
0.055457622546879276
0.054625977888536306
0.053847721111207815
0.05341220100335397
0.05322158938111135
0.05299584713517455
0.052622836476236896
0.05220722028044365
0.05189095599812461
0.05171383863255897
0.051644535893012385
0.05158964323396669
0.0514694495940319
0.05121894770134874
0.05076184523023617
0.05013102915120749
0.04941551802332971
0.04857346777174088
0.046518172618787344
0.043685909319557
0.042319371877224135
0.04175509047306758
0.040617692147055
0.03867236872612636
0.036897199745029585
0.03599976826774712
0.03568574643592567
0.035586325917506774
0.035555957336370014
0.03554387251012186
0.035535138075576296
0.035523481680123245
0.03548157866505049
0.03538958989016115
0.03521619093957809
0.03498557518560174
0.03477292411502049
0.0346100632795112
0.03436850364493526
0.03391931881592988
0.03329537617092962
0.03270972233157237
0.03227050822385102
0.031996674717745796
0.03182214338526415
0.03167755397772155
0.03154160242213134
0.031359878623274495
0.031090213881965752
0.030710436775480455
0.030155513648288095
0.029562551278821486
0.02896766351123815
0.02844331773529375
0.028039893513772278
0.027732590304135045
0.02760388110550321
0.027584118138304477
0.02758272307700551
0.027569108122388684
0.027530240055124316
0.027353339901505618
0.026786093889923045
0.0256234334608747
0.02417811000038566
0.023035238312677883
0.022364623815931257
0.02198237618721243
0.021730544574139945
0.02156054867812046
0.021381242218708966
0.021156130654305046
0.020948673901449878
0.02085222446715855
0.020823909943640393
0.02081583705033238
0.02081472743488834
0.020813470246855675
0.02081214331843663
0.020811173891934674
0.020810658645393942
0.020810501611834276
0.020810316839949397
0.020810068493312336
0.020809483293966445
0.020805432442018695
0.020780953051133786
0.020669039328991418
0.020397387725707795
0.02024756638080262
0.0202369135925567
0.020226902916461415
0.020218768727505654
0.02003920811904451
0.01997101105532797
0.019964146866032356
0.019847252765472254
0.019551937305180338
0.019148537531954772
0.018846580076883845
0.01865522831017761
0.018580438195828473
0.01857264114876301
0.018569608687380192
0.018499860639147266
0.018049036365413704
0.017125093476077696
0.016222641530750804
0.015644320390823082
0.015375106813879129
0.015276891198088149
0.015241784668056858
0.015229847654255646
0.015226239516664415
0.015223496316725175
0.015203573032337325
0.015155633525986255
0.015125431859608404
0.015112707644628095
0.015106717081049544
0.015100848889098193
0.01508954684457063
0.015070686873479467
0.015034924882289484
0.014992942406573019
0.014972853933354718
0.01497050894498015
0.014970365296678763
0.014968795333411293
0.014922781613414805
