0.06696227016252551
0.06682854254061037
0.066724981331883
0.06658131449644904
0.06630375009810668
0.06588543955688214
0.06538577639402667
0.06498160116068098
0.06470340343548936
0.06447545311827299
0.0642843276100653
0.06412461447724481
0.06400474329741387
0.06391651815108179
0.06384955761966711
0.06379086080251017
0.06372470846997991
0.06364627000811708
0.0635572485266762
0.063462676910386
0.06336605023962509
0.06327231305631628
0.0631851004086591
0.06310407195744458
0.06303048069783587
0.06296102733633457
0.06288116565597493
0.062741560794313
0.06247060845663063
0.06194204997985646
0.0611043684026052
0.06007583359490887
0.05903076009762099
0.05808555937566915
0.057312348985744326
0.0566900901294935
0.056017266901226534
0.055189064060600895
0.054336749143766704
0.053541060301507196
0.05278164800135282
0.05207024660117019
0.05138803335177365
0.05085985368789868
0.05035854875270637
0.04990454547363112
0.049563909174963096
0.049316723790665394
0.049100251271224526
0.048868442706780896
0.048614842657719086
0.048306880632531926
0.04797009192965938
0.047530355633157995
0.04664010921745124
0.04506004991020915
0.04320586126498087
0.04155712675332211
0.040320056643673996
0.03951922500827852
0.0390732982205141
0.03883666374796172
0.03867515849523657
0.038526832727183956
0.03836613763508322
0.03812811848106995
0.03786408739735114
0.03754987123413451
0.037136436150980764
0.03662998219753733
0.036085382680565964
0.03560931894147296
0.03496168469770799
0.034258126763188734
0.03371381765466692
0.03337841707316962
0.03318176275446686
0.033092025436552396
0.03305874839634093
0.033052100460197804
0.033055389834052776
0.0330546697811035
0.033011261333118685
0.03287443621884187
0.032656123927484224
0.03243713532603652
0.031649891895316425
0.030507435129035036
0.02993687370324498
0.029814036571496023
0.029794589640699896
0.02979309235835035
0.029793031805470264
0.029792991625571048
0.02979294090533268
0.029792757419195435
0.029791910615594205
0.02978805508930034
0.02976822770992604
0.029674027648321482
0.029358668974692543
0.028592180203880484
0.02748748252048538
0.026311110600402005
0.025422708766047922
0.024798248477647056
0.02435637422114487
0.02405681776944845
0.023812196868180716
0.023640756640985618
0.02349577774940003
0.023393063042130527
0.02334042925115797
0.02331979891663595
0.023316291523993074
0.023275844745459875
0.023182767203214463
0.02315097881880253
0.023146206544742864
0.02314511364650418
0.02314243534173084
0.02313944511356837
0.02313848404685269
0.023138246078704523
0.02313806585407375
0.02313786437940372
0.02313776369913315
0.023137453969895992
0.023135954000347046
0.023135457728665945
0.023135452967434376
0.02313530459082204
0.023134296403129695
0.023130973347993283
0.023124549560246187
0.023113619670324805
0.02310367125375051
0.023086001912062105
0.023058163099044487
0.02303555382007033
0.02303007449364907
0.02302949199167413
0.023026708576381165
0.02302488446852816
0.023023454048702
0.023023686842338187
0.023024046080116066
0.02301896748646649
0.02299816415259646
0.022971050230049292
0.02293775366261151
0.022912163979009657
0.022877033102919258
0.022818285281619975
0.022737698776822034
0.022696199603101357
0.022692079731255217
0.022684280178891677
0.022673504903296907
0.022670151344385683
0.022666249747093064
0.022660565316876206
0.022398824512840865
0.021891078709230228
0.019080395074103383
0.016120996479387396
0.015227122264928589
0.014742395362567431
0.014251672885898865
0.013851378896952007
0.013582616531481096
0.013338326213702283
0.013124071998308234
0.012929115026460438
0.012732694895920415
0.012554028004024496
0.012394102395976795
0.01225488506347654
0.012132639873084756
0.012026399101042553
0.011939578753265175
0.01186054764748039
0.011796026107556923
0.011722138695275988
0.011651033834208277
0.011603410039075272
0.011562099728725144
0.011499299151052163
0.011371228952846603
0.011241983208839696
0.011180572687382363
0.01117207110714325
0.011159541132878084
0.01114846695352702
0.011142597055799043
0.011139437432988395
0.011138402112914074
0.011138195309079295
0.011137888011078014
0.011137332899758318
0.011136743495060523
0.011132853397197238
0.011122402850091325
0.011106743445406426
0.011090187353457412
0.01107082113119876
0.011051844696206094
0.011045305434030253
0.011044453099780346
0.01104479486908303
0.010994136978044022
0.010847139002589245
0.010848026871749258
0.010847753457499396
0.010846939336050007
0.01084686893824939
0.010846904970451631
0.010847020798020206
0.010847014274043859
0.010847016842320778
0.010847019008589975
0.0108470149376389
0.010847013157598227
0.010847015443426714
0.010847014792220598
0.010847017758609441
0.010847021194619532
0.010847016030908941
0.01084701086155312
0.010847018544713288
0.010847019407342524
0.010847018769188012
0.01084702292086577
0.010847035906653138
0.010846928501853965
0.010844678439697506
0.010660961096756532
0.010660701925018222
0.01066003248836169
0.010460016052077959
0.00976221700180284
0.009226702031526536
0.00906023231718693
0.009043588057001287
0.00904291873571957
0.009042593033959425
0.009042647087393314
0.00904253170470714
0.009042499513565238
0.009042492578361127
0.009042503216255934
0.009042482248908993
0.009042484247203305
0.009042475719295135
0.009041607295115883
0.009038441978738007
0.009033121120904838
0.009025716929088544
0.009017930475088752
0.009009661318903689
0.008998936674420397
0.0089795237282447
0.008930761524781509
0.008857323184436508
0.008784755280104719
0.008738631496448789
0.008658831613466677
0.008612545067430628
0.008607289057027394
0.008608204399873243
0.008609896412072418
0.008522844293230978
0.008329844157903978
0.008269695567927523
0.008229958023868706
0.008122086824849988
0.007985747302359191
0.00783847356450894
0.007711943972308103
