0.06602416096783294
0.06599920006316702
0.06596231331877422
0.06588297277348151
0.06566800789840142
0.0651970359215895
0.06435650989335688
0.06338624858814383
0.06276210728828895
0.062483722406910414
0.06234936542974684
0.062216250061330095
0.062008719728778805
0.06169715842695299
0.06132828803666659
0.06096142018908526
0.0607083765880492
0.06059752803785605
0.06056664476654844
0.06052982585176569
0.060348082010687865
0.05981782322528192
0.05875102330683098
0.05726911832543518
0.05611867061688497
0.05556437405317799
0.055291649765163424
0.055125510430847006
0.05499115204994954
0.0548896830501271
0.05481868314678142
0.05477763606697377
0.05474507967643624
0.05468232474597277
0.05460526881930107
0.054541557078090316
0.05446997574281328
0.05432471213123861
0.05409867642843492
0.053840731111382684
0.053595769771881976
0.05338863182538441
0.05319788810923027
0.05296341567854612
0.05268803303946073
0.05232621672461813
0.05192842192097876
0.051520850862305005
0.05088368707715326
0.049685173970436376
0.04808202722990444
0.045965727574127035
0.04363133614931967
0.04134188820705143
0.039726197609517656
0.03846208196841013
0.037460852158611814
0.03673427341169318
0.03627174939904218
0.03596068500325756
0.03564188946579298
0.03510092844171027
0.03427278837660992
0.033213375959298345
0.03201266183461242
0.030770434749088933
0.029426304145880915
0.02811959789974113
0.026899612673634887
0.025934037819834464
0.025239572466794837
0.024814100722509853
0.024540504510846314
0.024342651463030655
0.02417377194409413
0.023992865163710003
0.02377298633404013
0.02357341913693363
0.023435831466537188
0.023347753728737333
0.02328820576855782
0.023249942132128294
0.023215655678373262
0.023195568822263396
0.02318451053288083
0.023182292312151867
0.023181632974659555
0.02317985714535275
0.02317792007664824
0.023173335340467532
0.02315914916240769
0.023145819015209804
0.023104236232796005
0.023083246656251676
0.02304371840609568
0.02301284865241203
0.022871373843453092
0.0226918989835609
0.022553996648952537
0.022476736887995594
0.02243203975096513
0.022415590093296123
0.022408462011315366
0.02240382012575724
0.022395829263357835
0.022380456002859848
0.022362298027674636
0.02234951683731365
0.02234233741613272
0.022322703256234627
0.022273470870329742
0.022222746192118236
0.022207529121905722
0.022205315375811344
0.022200199725736638
0.022165879625668215
0.02129056492994232
0.018838574272902447
0.017001970170014653
0.01635828028012995
0.01613929810703344
0.015954357805151784
0.015802567729797816
0.015687201300056342
0.015599367371086347
0.015525297559056177
0.015485070183441089
0.015460588051797423
0.01544215605747439
0.015428892269319242
0.01541516328864683
0.015405347741139217
0.015395554562302778
0.015388030950962564
0.015380287610674899
0.015374379555636992
0.0153704558839056
0.015369714173656956
0.01536698143906297
0.015352572682272558
0.01531119467568656
0.015201615309300266
0.01505394843401193
0.014864488035235787
0.014681835034027388
0.014538884433959861
0.014429816012780356
0.014361424050352877
0.014299840428863628
0.014229374464170141
0.014156197967330413
0.014094294283585284
0.014026770590299048
0.013986309532312736
0.013967042454313012
0.013957806417021329
0.013952772150119476
0.01395150871336481
0.013950869626050712
0.013950619030174888
0.013950303799457442
0.013950169602362573
0.013941036607036246
0.013881698981839982
0.013747767196370088
0.013598719675456833
0.013442782534967163
0.013287075075074633
0.013138598028470902
0.013016402722780646
0.012932140891823828
0.012873599262567375
0.01284780889274653
0.0128388569263823
0.0128319018006358
0.012830941176226662
0.012802229998795576
0.012687400561040398
0.012562851456420322
0.0123004016232588
0.012150003484228485
0.012087141238519018
0.012058128007444715
0.012047155876616367
0.012044174318322122
0.012043688031334194
0.012043667074634353
0.012042651712129716
0.012041331849729464
0.012034401984080248
0.012011824727563883
0.011983786123558757
0.011975972774102594
0.011977523161318481
0.011970351946083028
0.0119554551614365
0.011857748642497069
0.011058052151093073
0.010595334153551569
0.010453144473333094
0.010386555434767917
0.010337401799152747
0.010314615178111658
0.010314265805506316
0.01031413483411256
0.01031412012772634
0.0103141162685065
0.010314124744404766
0.010314076003014845
0.010314216430245868
0.010313785545618901
0.01031204987434408
0.01031060702357009
0.01031029920122649
0.010310329870345034
0.010310658062142701
0.010153187956358807
0.009913093145730651
0.009876452077424602
0.009868658247897096
0.009737875765277092
0.009644312811819643
0.009627526543529163
0.00961980933860421
0.00961073895642965
0.009599584625219731
0.009590868476596565
0.009584946346656605
0.009580955171983678
0.009578058338948385
0.009575919277683587
0.009574730891805926
0.009574112177149138
0.009573935024634012
0.009572796679406255
0.009560377862720338
0.009524345623152356
0.009505640357153603
0.009478933492799279
0.009268700003058808
0.009053942211012966
0.00903517775857685
0.009012562326468071
0.008971408205368176
0.008933568953709827
0.008917121238398655
0.008913188425809303
0.008910063794880805
0.008903930009252221
0.008888173155571125
0.008826463436140547
0.008670715241427276
0.008473049131626267
0.008390755288271363
0.00838397397515052
0.008380733303651982
0.008378366187906343
0.008373396622666606
0.008371964903149348
0.008354588833658689
0.00823541796236529
0.00798175788703009
0.007787735384432604
0.00776394204162674
0.007762177200736147
0.00776265814052389
0.007729658155235457
0.007733710429093769
0.007738519497598191
0.007737469904435698
0.007694506625655433
0.007568809709908502
0.007417374653480783
0.0073232779573272335
0.007262405714108688
0.0072210812907943945
0.007137929767003559
0.006971828975497302
0.0068699490797359914
0.0068048898830727865
0.006787600579419187
0.006785186928253576
0.0067860460497388385
0.006788653766739968
0.006791299677720162
0.006790470609184405
0.006784247553255324
0.0067699602789547605
0.006740797980686725
0.006712509496643877
0.006683201181684637
0.0066504031815310454
0.006627504560568663
0.006576595021460272
0.006497923248198637
0.00637634533135596
0.006266375416930274
0.006217430804891408
0.006218924675216274
0.0062133737492163325
0.006191162503817257
0.006176965331154947
0.006136281632965036
0.006045256526211245
0.0059514374572350245
0.005885002214843291
0.005833990538552584
0.0058048009466294586
0.005775642631669998
