0.06709605403254415
0.06704089120424166
0.06696838947802636
0.06681286763242622
0.06641566130174789
0.0656193013451191
0.06437894714939671
0.06320042431027083
0.062463327287847266
0.06207345749808239
0.06185822922034301
0.06168800910693841
0.061527060541181
0.061372820994774355
0.061232075974770574
0.06114872034625686
0.061106999555771556
0.061076113719878006
0.061013431073501566
0.06093344985863946
0.06085271360944942
0.06075522501804726
0.06063015088100248
0.06047693938383837
0.060304865652860445
0.06012646643510846
0.059943594344602585
0.05979027261113012
0.05956585586856908
0.0591145640858548
0.05831256609384806
0.05730320588674832
0.05644773837057012
0.05588667432752968
0.055520068613920816
0.05517036787033084
0.05479150591101044
0.054348432865407116
0.05388293617647874
0.053402535467201875
0.05305670801999932
0.05282556581125661
0.05254398957356803
0.05223490663087624
0.051894587311805476
0.05159323606175257
0.05140588221832323
0.05131918952815556
0.05125806890126764
0.05113559122222537
0.051072855476001766
0.05105911660912588
0.05105909385559473
0.05106002953844342
0.05106034721413205
0.0510605038536455
0.05105943146123722
0.05105449945801461
0.051041839794306654
0.05102248481146622
0.051004317044591685
0.0509880634367634
0.050968275001198576
0.05096263560732661
0.05095823783509979
0.0509475130433292
0.050298651310523884
0.04842444558645022
0.04716096109849948
0.04656303956514577
0.04632669218868335
0.04623984639430714
0.04619916086920034
0.04618645655016566
0.04618144626073183
0.0461779285173943
0.046172422409027344
0.04616506866578218
0.04614894729459653
0.046103112469672844
0.04591667841497289
0.045213171486669604
0.043805765285239176
0.04222656370634771
0.04102477714392192
0.04030628554226784
0.03985887324694193
0.039503812010414946
0.039097697661494284
0.03875745804389196
0.03843098511347975
0.03817098949690667
0.03795817884759315
0.03784931164043088
0.037827421607018734
0.03782190173583954
0.037806461553782054
0.03778601468872435
0.037770741946641616
0.037759736737945276
0.03775126930789713
0.03774418399638512
0.037738764388351234
0.037734432440919875
0.037732955899234775
0.037732752703729514
0.037732894151531
0.03773318474679766
0.03773303325977738
0.03773250403003012
0.03722747568019704
0.03461310137002847
0.03196579798166393
0.031028619555737227
0.03005432154019708
0.028087161641566483
0.02653640729494669
0.02600871854645784
0.025766915176096195
0.025265272480282527
0.024800451980228466
0.02460450401273337
0.024549877516146842
0.02453521441695504
0.024531331680314874
0.02452957940789711
0.024528724418943135
0.02452717979193751
0.02450311020429756
0.02443395627566071
0.024420393905665416
0.024420038332786158
0.024419417898196294
0.024408736006492158
0.024404739167263087
0.024404462683703058
0.024404094015733218
0.024403363243691918
0.02439586463093819
0.024365132899487173
0.024306335120099908
0.024224644016048187
0.024087118465163853
0.023925612090417617
0.02368063437733742
0.023355406964141297
0.02282971141896892
0.021913668184432238
0.020322915080820965
