0.06594816252035637
0.06584839724111774
0.06575022450809691
0.06558730672796434
0.06525917293218834
0.06475222608859148
0.06412499663031533
0.06357906782302543
0.06315690006366821
0.06278350650745397
0.06246153484213029
0.062177498871490613
0.06193960933399764
0.061735620620335135
0.061545863704444405
0.06133691135260485
0.06106069273202314
0.06071689227267177
0.06035377839824208
0.060047235438006885
0.059814730913245594
0.05962649725508761
0.059455023433852075
0.05928955128979133
0.05913435430012042
0.05899070359914508
0.05884607509464408
0.05862926723119173
0.0582978798909079
0.05781668643948532
0.057220093847388506
0.05660188650060926
0.056028689974450534
0.05552050044441836
0.05508389323604552
0.0546784813076174
0.05429691966554827
0.053964715602495716
0.053759424368567205
0.053659626910505284
0.05362559309726146
0.053618140209834665
0.05360909488246052
0.05359300217477794
0.05354780551459319
0.05348811683440472
0.05344422346292555
0.053415098474209236
0.053401168954620694
0.05339355818497878
0.053389706737421425
0.05338745852472976
0.05338220821715713
0.05336583395793723
0.05334682863528907
0.05327015481638653
0.052679210109250765
0.051970503481146874
0.051574629411665865
0.05106756634270828
0.05024530574193087
0.04942681054491791
0.04889163039003016
0.04862460566964005
0.04848589024348856
0.048435899771795604
0.048414438351763914
0.04836985229845516
0.04829813021156217
0.04813049692913478
0.04752710479254913
0.046077240203826635
0.04404809361679047
0.04273983874317089
0.04228995436665356
0.04209476587319509
0.04181648336044889
0.041393753008543165
0.04102303571505686
0.040795872597394034
0.04065104220048855
0.04057510586366191
0.04052463874241626
0.04044652533572307
0.040332767963258236
0.0401368217551004
0.03976002157830131
0.03929642904531547
0.038911248382115016
0.038683775597102496
0.03844059338980112
0.03797172266608985
0.037500385339920554
0.03731298826054698
0.0372604450463924
0.03724060490829729
0.037229255724655505
0.03722144663774828
0.03721642168382047
0.03721041577140678
0.03720153878316007
0.03719202710107842
0.037188027651011035
0.03718741402860502
0.03718737154213795
0.03718614791620829
0.03716453475479747
0.03701356362702518
0.036656056699337955
0.03629128938026726
0.03606891237802267
0.035972216405797244
0.0359366283556336
0.03592213331531715
0.03591255313017565
0.035900477622699455
0.03586995694130123
0.03574783068144064
0.03537576419092239
0.03460046067571557
0.033670590911154714
0.03306806500755106
0.03294002474298005
0.0328892444474873
0.032869336166950085
0.03287002674771293
0.03285063899185171
0.03247800206821784
0.03166996011422418
0.03064417503833158
0.029816297890361776
0.02940869957948383
0.02924475170177139
0.02917893579813622
0.029152351591547124
0.029142879936748443
0.02913293234126333
0.029083220475768005
0.028914591870050438
0.02850495257157809
0.027783349465257616
0.026922853397849406
0.026300150032717618
0.025981470536579742
0.02584398635188551
0.025788238783620097
0.02576098179718658
0.025741071166047756
0.025717339283526455
0.02568715678700563
0.025649893488444406
0.02561956780460383
0.02556351365795704
0.025502797321852483
0.025438553411203324
0.025392533512277216
0.025346302949494026
0.02532326801579062
0.02528493109050839
0.02525535090764089
0.025205197419430767
0.025108374126311298
0.024930428515890033
0.02471710051665131
0.024555682896366816
0.024388743919692667
0.023923384629103088
0.02376993727280393
0.02374792314852611
0.0237411365287885
0.0237140290190575
0.023675661459160845
0.023651378218754335
0.023637864360640696
0.02362876698869663
0.02361262687349326
0.023599091808502323
0.0235832144376618
0.023569155163629122
0.023554138691315472
0.023525479627216392
0.023480800859451808
0.02341680714298055
0.02333982359368545
0.023254525929117514
0.023173793962209855
0.02309037016415594
0.023033379918223386
0.023016312323706545
0.023015192670469288
0.023014364976419028
0.022978542264550466
0.02289279559180405
0.022860052196719643
0.022850705472241623
0.02284995371227761
0.022155365170931897
0.018900756105143742
0.014137970536833482
0.010835741246832934
0.009846949553131125
0.009705155165191177
0.009683660386657687
0.009680363059378076
0.0096799426866776
0.009679384749250019
0.009677503498165419
0.009674083660634797
0.00967022635623752
0.009668079412378077
0.00966733996060051
0.009667227573864451
0.009667110427976503
0.009666866664466766
0.009666795919684588
0.009666455404823585
0.009666351866862714
0.009666217067435994
0.009665950659608506
0.009665744936092296
0.009665431519013444
0.009665420829335294
0.009665415874720643
0.009665396932114765
0.009665392496498141
0.009665388860273995
0.009665394887117198
0.009665390182114424
0.00966539775866248
0.009665418607726137
0.009665423441328598
0.009665448603853802
0.009665109003627345
0.00966327875821402
0.00965077687292657
0.009649830780740859
0.009644773951938313
0.009641654396310784
0.009639499795029951
0.009627989618978112
0.009329910936033787
0.009289962846433913
0.00928982579703385
0.009290218759091029
0.009290209719520876
0.009290201494266544
0.009290208965419428
0.00929020941299802
0.009290202972918053
0.009290203270146942
0.00929021057263881
0.009290209007209987
0.009290203160357056
0.00929019863200453
0.009290203310501807
0.009290199966222601
0.009290211138586385
0.00929019989941178
0.009290207106574662
0.009290206350221234
0.009290197654914206
0.009290207297617486
0.009290202858453006
0.00929020397028982
0.009290208599354803
0.00929021137322459
0.009276319296777656
0.009275800132267042
0.009274668117444942
0.009273164550559449
0.009272206347210541
0.009272648412713852
0.009249434114851025
0.008683718412671106
0.008637183171511905
0.008570320096094305
0.008358777570689476
0.008343707708864953
0.00834184686770805
0.008341829909148538
0.008341505645448099
0.008341088720414133
0.00834056943143192
0.008339908787703711
0.008339006242244647
0.008338645540926694
0.008342131240927628
0.008348421340797722
0.008351905334993956
0.00835292555002187
0.008349048000026456
0.008347103134825463
0.008346760614338092
0.008346510209963713
0.008345868265718214
0.008345309214915251
0.00834623657062036
0.008332824100972386
0.008286372095105368
0.008270219390035275
0.008271532785762733
0.008269840147028357
0.008269282634497496
0.00825475526583321
0.008246994637215727
0.00824605870721546
0.008246292299116725
0.00824647046425047
0.008246031836065384
0.008246535857662314
0.008247201622305677
0.00824772173689749
0.008246735010668752
0.008244512627192212
0.008237154342535243
0.008228205051348664
0.008211853137821407
0.008194216283162551
0.008175746661251334
0.00814831014691805
0.008088685586696133
0.007998420251189612
0.007899310078203629
0.007835755046730205
0.007801438661908485
0.007782440127230013
0.00777370764033765
0.007770517876679432
0.007767870347396663
0.007765771625710565
0.00776290940880841
0.007760360874023568
0.00776136739177938
0.007763329528526475
0.007764188043294631
0.007763843889820646
0.00775695386480497
0.007632986184337853
0.007428092149196369
0.007329183541098567
0.007304464366455007
0.0072972751987329205
0.007292559025593452
0.00728989588080756
0.007287521028184868
0.00728575849209655
0.0072845286420595455
0.007283291463624384
0.00728198553523562
0.007281345636782588
0.007280388154132862
0.007279712010195124
0.007278302955194677
0.007249625063944788
0.0072006390607995035
0.007171733191073035
0.007150167038608112
0.0071277120626465785
0.007110296356273639
0.00708237708438753
0.006995203848589021
0.006842711963845967
0.006715254444228067
0.006686124102273185
0.006686052125344553
0.006688560750169515
0.00669068658992376
0.0066865718547276165
0.006665770228838351
0.006648970137230362
0.006644915100597819
0.0066453166721040235
0.006645526361492082
0.006645785423347922
0.0066454748393726375
0.006643062191200931
0.006632715402117138
0.006600425748695293
0.006529641520888589
0.006466735784381898
0.006453797268984256
0.006457466617322226
0.006458678458414892
0.006459105729858476
0.006458616352369574
0.006454250465404101
0.006407071466905259
0.006296839359951154
0.006163680942916034
0.005997214322824083
0.005837407575418238
0.005728650609968853
0.005654826978156836
0.005592516611700583
0.005552469254235052
0.00553240120080748
0.005525723455954675
0.005524063303417908
0.00552334210098866
0.005513316898180501
0.0054924409754590455
0.00547342367067125
0.005422875798565609
0.005407737739550908
0.0053916229089496686
0.005378413928036932
0.005359021134781859
0.005326530842119976
0.005264924431834308
0.005181758729931734
0.0051172672297625415
0.0050645327874672165
0.005038650542022387
0.00502608209463768
0.005008939293324971
0.004993486197694222
0.004971426382524869
0.0049596752218787335
0.004953900582292414
0.004955559263639781
0.0049586460471211374
0.004960198389983187
0.004959294425272606
0.004956530378685288
0.00495255074860148
0.004949506739084827
0.004941482129564183
0.00484770739385165
0.004782491213636805
0.004747568360581496
0.004682136895030955
0.004653216201916933
0.004638625318614958
0.004633242557390049
0.004628320857081899
0.004621086659786255
0.004604783574413499
0.004568540220378249
0.0045274112656949125
0.004512590082715191
0.00450161547417325
0.004449130927057209
