0.06762372723847117
0.0675545999386729
0.06747576964725319
0.06732403788072143
0.06697865318408823
0.06636988328375326
0.06555318109305726
0.06481303135908345
0.06428175668076361
0.06389197289619632
0.06358074522430665
0.06326521874673155
0.06293263431921181
0.06258392380103774
0.06233044360048403
0.062199344856109
0.062148089232635956
0.062127764845427466
0.06209644976694363
0.062008184555948316
0.061832685429634854
0.061596531478418814
0.061394788932809315
0.06127692273019807
0.061221837491827205
0.06119759303488077
0.0611849080104923
0.061178789798448915
0.06117612605630935
0.06117320468970098
0.06116512903739409
0.06114618268201833
0.061119928666106445
0.06109793522007533
0.06103359080381581
0.0605368705468709
0.059207175211875594
0.05755733406028219
0.0562008131288376
0.05525847484443237
0.05465177537080809
0.05429343291927185
0.05407799981555737
0.0539409106397103
0.05386018751786798
0.05380684895043101
0.05377808424968951
0.053758473983489596
0.05374253346915054
0.053726959131626444
0.053718556070567365
0.05370599980421319
0.05368212768634922
0.053653452802815936
0.05363477831449422
0.05361998216150609
0.05360793122347687
0.05359035535692861
0.05355229481515821
0.05342847316934049
0.05316884894727673
0.052805899096558674
0.05247111023890934
0.05230908139454202
0.05223629741770638
0.05217052742181195
0.052020716732773115
0.05176981973736241
0.05151760868641006
0.05113666862566559
0.05044484489117704
0.04987872021456598
0.04944509601650502
0.04908724737323396
0.04875698303990071
0.048437689843421526
0.04821542121155349
0.04808301848197194
0.04800259915874128
0.04795734710844864
0.04789102019102318
0.04774417071038533
0.04739178421022137
0.04683574654596147
0.046330425510733776
0.04610952030629037
0.046058970171717464
0.04594095224619843
0.045860532026033414
0.04582537651804108
0.04575816154586061
0.04573633868655667
0.04573390520473309
0.04573375114372161
0.0457338076487369
0.045733717238616176
0.04573368571948965
0.0457336777455675
0.04573324397741115
0.045728159506200496
0.04568846499768641
0.04560230489639121
0.04555379771321114
0.04555002552625314
0.04554423751040365
0.04547441441511005
0.044805849960631805
0.04370245497658778
0.04276112692243289
0.041984650420500064
0.04134601576813693
0.04088534511163938
0.0406035009220198
0.04046285019620166
0.04036530779384191
0.040299945821840974
0.04026649793532206
0.040248233634462706
0.04023286735596434
0.040224323229534106
0.04021143374956716
0.04019579329848214
0.04016229508438871
0.04010724333066832
0.03995810763184321
0.03962862690154219
0.03887898152914157
0.03747886870155962
0.035831699397165025
0.03464411564369678
0.03403227763738566
0.032949294827808444
0.030550857206277055
0.028504333218273316
0.027520156098449933
0.02715277764036064
0.027023476243131533
0.02696871529987865
0.026939464306740737
0.02693243939721928
0.026921316062155125
0.026897538200818194
0.02679062189187102
0.026491070655970343
0.025593252903528516
0.023571455009419318
0.020292246376399953
0.01696872622229278
0.01454902096475925
0.013265730565874916
0.012741031573031188
0.012555805119788144
0.01247352244134255
0.01241709365703816
0.01236780669979156
0.012268933410794769
0.012080604822077193
0.011742061845895217
0.011350650001436828
0.011111165724791637
0.010984043961227095
0.010894791487311884
0.01083121813493836
0.010793864511221668
0.0107784546615299
0.010771469735631463
0.010766521050441692
0.010763181128536232
0.010760083823756816
0.010755741364992398
0.010749630390539602
0.01074094280977718
0.010734455014071765
0.010730992665288661
0.01073070265066729
0.010730051410217592
0.010728835883935594
0.010727550891584205
0.010726342275178128
0.010725151623280058
0.010724256575162473
0.01072340262648053
0.01072275583570547
0.010721937269618748
0.010721439013417301
0.010721249565675755
0.010720534106659333
0.010716558491841542
0.010709721838766808
0.010705595099112964
0.010704350330447497
0.010704173046913073
0.010704171489716438
0.01070416231782186
0.01070415802116911
0.010704156590405044
0.010704147113419217
0.010704162095262182
0.010704181532341357
0.010703905620141722
0.010703769328659464
0.010699172719292861
0.010557306791099065
0.010117378509572282
0.009752959872772771
0.009550685622554596
0.009482155134205517
0.009457956981735053
0.009450110594445059
0.009439099338393406
0.009430158312825062
0.00942555770048389
0.009418491055568332
0.00929813644145656
0.00878623588930366
