0.06787998133135016
0.06786755390625315
0.06784710836012768
0.06781528349134733
0.06774171127300276
0.06760970472494013
0.06738864198654321
0.06708054096208696
0.0666834007707594
0.06617712136210026
0.06557018048739603
0.06478602816735836
0.06384643419650535
0.06289567693848098
0.062091393065720105
0.06147440962649195
0.06094732574622081
0.06044475460514117
0.05997071992727882
0.05964611385319867
0.059505245797185496
0.05940595118902436
0.05924400539465134
0.05913509770053139
0.05909879069453167
0.0590889935738689
0.05908365994479186
0.0590815257964401
0.059080304779922044
0.059079467301435026
0.05907667063069012
0.05906904994610649
0.05904077233289231
0.05895231425343768
0.05878890368861035
0.05855093907534366
0.05829261035479599
0.05801224261564016
0.05771606603396623
0.05739426624731385
0.05706328006117497
0.05677527684834207
0.05645046204307691
0.05603105437999924
0.05557985908254352
0.055166970526250164
0.054871073113012786
0.05463104778279861
0.05439666740294819
0.05416101143930704
0.05396147023128105
0.053788918605496616
0.053660927152135524
0.05355181187391572
0.05346332635648257
0.05339518413894361
0.053358906118254945
0.05335089973164156
0.053326760326947394
0.0532520377487424
0.053088460660238854
0.052762668976325595
0.05227049719790831
0.05174268580412062
0.05128180420265603
0.050754793993477626
0.050121859175099176
0.049530191957500774
0.04896010591009387
0.0483640417997074
0.0477279262627346
0.047058707154225866
0.04634604520183216
0.04573677151216402
0.045201481839142625
0.04447010237775411
0.04339916668342051
0.042166958622703
0.041220089564456004
0.040644698864328845
0.04030190844384562
0.040125418547243746
0.04003104099957904
0.039960541049951726
0.039929071289340895
0.03990275129539359
0.03986440128647534
0.039780957957572485
0.039678178144649176
0.03959394948299522
0.03954963621681861
0.03953362139174727
0.039528762879859014
0.03952710665998347
0.03952621735196854
0.03952539171630137
0.03952547400800593
0.039525101407816864
0.03952514848836476
0.039524328364944065
0.039522720156522875
0.039520694243354484
0.03951876257446638
0.03951671732430604
0.03951471327436356
0.039514378070116506
0.039514052222401286
0.03951404902706682
0.039513990031075565
0.039514020715019825
0.03951406494828468
0.0395140393263037
0.03951401932343364
0.039513685161854536
0.03951195928160719
0.03950904853742139
0.039500165533010556
0.0394771466424257
0.039449234500262574
0.039435164709564784
0.03942807449522944
0.03934007049460687
0.039072361571757364
0.038891590536619856
0.03883366627024472
0.03882051960203833
0.03881762705895855
0.03881693729435304
0.03881167996184118
0.03879053306423338
0.03873792908475605
0.03866819364130954
0.03862676756926789
0.03858045294594713
0.0385377435120579
0.0385360625243583
0.03852649395138015
0.038181698530033496
0.037657416647375895
0.03740616349683393
0.03696405742529141
0.036393544654758365
0.0360763513523401
0.035945898239662856
0.03587301156911071
0.0358386890656023
0.035816124660831804
0.035790011025996424
0.035726669189170154
0.03556699816886126
0.03506805868014346
0.03391575335209815
0.031882078400985815
0.029664022902789508
0.028115427437087087
0.027389153940356608
0.027127039647566843
0.02654941169456278
0.025890699539615137
0.025641718581022047
0.025576369043697405
0.02555350911264959
0.025542443761940023
0.025514205155853273
0.025455439016189914
0.02534799793808375
0.02519958239270035
0.025069516437583164
0.024986113904299365
0.02494448877821553
0.024924950756459383
0.024914418452838642
0.024907702866672803
0.024902706288145712
0.024895488908146697
0.02485142583640992
0.0247364405284976
0.024671447522755366
0.02466440544971527
0.024662212530708327
0.02466494661370045
0.02465480169345431
0.024394739904486942
0.023963056880054193
0.023588127148650904
0.023087842149700864
0.02229804680486949
0.021407380139007066
0.02054234955285064
0.020000927212921578
0.019827328108258182
0.019795576327383997
0.019789555500447205
0.019785501403545454
0.019785020425146235
0.019784997168411603
0.019785185797729705
0.019785770573437885
0.01976919162851008
0.01962278889025919
0.019555516365673292
0.01953950160233826
0.019534394811141775
0.019532626877561368
0.01953221731763548
0.019531382255758612
0.01953043827964683
0.01952986087323612
0.01952976122913542
0.019527982603194192
0.019526667023174366
0.019522168807658186
0.01950330733330466
0.01947844651168246
0.01946627731208074
0.019461509304446654
0.01945934107844164
0.019458400853788665
0.01945809327807338
0.019457858692770613
0.019457723564813723
0.019457228941815646
0.01945411806692948
0.019445593652214616
0.019404690030252136
0.019291876669656986
0.019203798082476107
0.019137620477360198
0.019125732898908995
0.019124524883997594
0.01912444481001032
0.019123988309380804
0.01912373548681203
0.019121969240785783
0.019120767770740923
0.01909012237135184
0.01742826800425165
0.013218594143230292
