0.06645314446198657
0.06644921743748533
0.06643763282189825
0.0664137447454781
0.06633899572936466
0.0661447821614948
0.06568040006549938
0.06490306412220924
0.06414158990496606
0.06366437321799456
0.06339769076563169
0.06320658127627403
0.06305086815010172
0.06289696599409714
0.06274813982060476
0.06261244153070412
0.06252179785173866
0.06246248685847041
0.06238681397733947
0.06226235983319418
0.06187600991829265
0.06091504065323037
0.05954199767529256
0.058042289820228514
0.056947320388348856
0.05638848115062283
0.05607594395869071
0.055872885462993606
0.0557124947940255
0.05559511652686672
0.05551297123259332
0.055462891798072164
0.05542680274695112
0.0553725075402834
0.05531580166481241
0.05528446411626213
0.05527364030242242
0.055254619807674134
0.055183225561371466
0.055053035762009574
0.05489318832265626
0.05474567695279057
0.05461415489791083
0.054414532762041654
0.05407048317886156
0.053422636568564504
0.05245603761655769
0.051402248282058575
0.050625255902466845
0.050205498810674425
0.05001288994985352
0.04989283541246569
0.0497607684211815
0.049594127575908746
0.04942746083519953
0.04925274922351546
0.04897713308673844
0.04847815887233272
0.0476447321007735
0.04632472337760365
0.04466462296680822
0.04303008921658781
0.04173286870780393
0.04091908007972908
0.040405606085996144
0.040020605526849
0.03961433466325684
0.03922168681860204
0.03887495328565436
0.03862701432891512
0.03843205398497618
0.03832094121453074
0.038280919490821255
0.038272418933026624
0.038266887638486236
0.03824554934155242
0.03821915858930228
0.03820573170701617
0.03820327235421381
0.038178505427368205
0.03794535866347079
0.03742732757752106
0.037006118152524546
0.036840944789734306
0.0368015174870337
0.03679757290679209
0.03679737953599546
0.036797360247509514
0.03679734549823119
0.03679732987838018
0.03679731269672666
0.03679706565951688
0.03679628798283037
0.036795166325802584
0.03679475209829717
0.03679470223611286
0.036793294776279774
0.03679202866887797
0.03678354910439732
0.03659027292802151
0.03639526438791297
0.03631262090183545
0.036307995896710486
0.03630936696641255
0.03621243193206989
0.03611202104765799
0.03608469371650363
0.036082743351112716
0.03608304826682987
0.036082856359303576
0.03608286170805348
0.03608289289762558
0.03608289763230369
0.03608287647947061
0.03608288653643184
0.03608291094514963
0.03608291081594885
0.03608284658867724
0.03608289362003624
0.03608274761712647
0.03608235104762096
0.03608226203711305
0.03607277316366608
0.03587461626590686
0.03526373092381858
0.03444827624252546
0.03325441522274319
0.03137244807662729
0.029693052823499398
0.02876802926800805
0.028206271263639796
0.027781928572688932
0.027387387573656302
0.026701948381593125
0.02538934506319089
0.02356773041962303
0.021545579277994303
0.019725517755399755
0.018467065219983213
0.01765466090274165
0.017202144829726873
0.016983987897771766
0.016870728103637343
0.0168396451525815
0.016830060308000338
0.016829364070440573
0.01683047342661968
0.016831348360302468
0.016832060510731044
0.01683120470094163
0.016829031945413138
0.016826481843227683
0.016825651825526252
0.016825896948940485
0.016826302685294073
0.01682668569269732
0.016827018203718107
0.016826774828587517
0.01682587399801126
0.0166940181560283
0.015996783783700085
0.015007613319064066
0.01426567102578952
0.013877229044054279
0.013666807823925962
0.013579784855641385
0.013543436155067872
0.01349338538691105
0.013402103477258459
0.013289648899663293
0.013240880988980396
0.013231130954292646
0.013071971305641422
0.012536499192808805
0.011934300613859163
0.011578719028945248
0.01140890204949357
0.011312937436827365
0.011257757589862274
0.011222716664835108
0.011209608907501282
0.01120717167483041
0.011206782017214253
0.011205192029679213
0.011203827908110439
0.011204530037019402
0.01119999888729619
0.011189477411448991
0.011166152971405377
0.011134981463885679
0.011121554993385225
0.011091084070977761
0.011022725009343327
0.010985940516958382
0.010976149398083668
0.010973505658045052
0.010973290473545247
0.01097287361392029
0.01097269170455482
0.010971103657415465
0.010967912983166987
0.010960255824455034
0.010956604809668183
0.010953988955982827
0.01095328499168425
0.010951149108677435
0.010798323209628438
0.010571002961531422
0.010538038655517189
0.010525994805594283
0.01015953182503305
0.009492077161325217
0.009408803840362603
0.009407954116198462
0.00940799523817629
0.009407764165696575
0.009407388369490543
0.009407281514166716
0.009407223460403676
0.009407187850205391
0.009407210765608522
0.009407144231367164
0.009407142144634202
0.009406409358162952
0.009405197544146971
0.009402999643293946
0.009400629106581689
0.009399251328315988
0.009398161380843706
0.009395371792251096
0.00939282349997352
0.009386898235500773
0.009363275513297362
0.009299030368130652
0.009206145795013151
0.009158101895467391
0.009127391726316707
0.009105204722085909
0.009105155175762087
0.009102535334687668
0.009028452623561656
0.008926042018813295
0.008859221586023812
0.008822562288910124
0.008808822963657436
0.008797781288255578
0.008786799526268553
0.008776693599900817
0.008753475360891737
0.008704319739787024
0.008627634971604087
0.008569603209599274
0.008556707655577618
0.008552264495208118
0.008484405090361196
0.008396858442821389
0.008322782846422305
0.008125580819770764
0.007935211453748208
0.007838752580637973
0.007808304313744422
0.007799804109837096
0.007796029055864901
0.007794919377273886
0.007794691443733547
0.007793921930765633
0.007777898736528679
0.007727657831541965
0.007604575901958132
0.007519045697928097
0.007447024352840764
0.007365464316130431
0.007317467377611752
0.007299410403993931
0.007293466766669174
0.007289918705509913
0.007288851360223677
0.00728774856808573
0.007287184946733169
0.007286654601563125
0.007285932651344497
0.007286219989080051
0.00728554475602995
0.007285787157703361
0.007284091289457967
0.007272487368110144
0.007254200330815284
0.007240042628865458
0.007229077103055318
0.007220748852743074
0.00721733015412311
0.00721070283949971
0.007201566874088448
0.0071793180389419535
0.007141517583589171
0.007092082901588629
0.007052468471799021
0.0070230121740941
0.0070190368882892895
0.0069750673928208875
0.006820698533049508
0.006670082689255562
0.006595627954133041
0.006552866610652327
0.0065272317817166026
0.0065185665184431165
0.006513989320359274
0.006512393449632353
0.00651120597217055
0.006487936049346019
0.006417069504420832
0.006355839770584342
0.006335856583337896
0.006329407569930562
0.006327274419608876
0.006324667752337278
0.0063173973636477514
0.006306303894711995
0.006288318445050804
0.006264313969641515
0.0062236627393596
0.006158937539906654
0.006087645511580186
0.006009176249876341
0.005956455909674478
0.00592240502906538
0.005906606642162691
0.005899219215939938
0.005895008300275015
0.005893334656521319
0.005893259219467192
0.005890791243638664
0.005886045843436401
0.005880596280982882
0.005872340441024193
0.005870520795506597
0.005864797915331781
0.005863566695628162
0.005862992324616769
0.005844795203838678
0.005799002778026349
0.0057913282273036265
0.005785994920987374
0.005750370767457796
