0.06550519077539624
0.06536913844002343
0.06523379385315876
0.065010631937186
0.06456902175748343
0.06393844577089003
0.06328513961596982
0.06283472688866207
0.06257806812877124
0.06241838017049327
0.06230410507214573
0.062183454382645977
0.06204197860311457
0.06187719381876543
0.0617395540039597
0.061645613658079634
0.06158522584254175
0.06154443647586404
0.06148775188793513
0.061350769249457086
0.06104483479807717
0.06053142047749043
0.05996908078413104
0.05954628854333736
0.05929352480392327
0.059155529691479115
0.05907636696846241
0.059033679015243666
0.0590122012148614
0.0589974900470799
0.058987806401504486
0.05898401618211882
0.058982604605336345
0.05898206560895024
0.058981923151003646
0.058981169003759444
0.05898102476422857
0.058980915516179566
0.05898081501541555
0.0589807105857666
0.058980643168170435
0.05898072485555207
0.05897994048670245
0.05898044309064248
0.05897564765832081
0.0589543532204194
0.058915745615847843
0.05881486077045328
0.05857859679667455
0.05799008848669383
0.05737982871804553
0.057039605320245094
0.05644088445860586
0.05602100576882596
0.05581640303892913
0.055646606141910374
0.0554262408282518
0.05512661425545929
0.0548427198003332
0.054645724907345275
0.05449193666372685
0.054360051840303715
0.05424814996606986
0.05415615645427011
0.054090153080448164
0.05404546093816582
0.054014238322620874
0.053992205618419824
0.053976229349704745
0.053961915921081786
0.0539369479491129
0.05389878167412953
0.05380473853640947
0.05361840382741937
0.05328610732039651
0.05282649823238872
0.05243912949867424
0.05220134609680316
0.05175874042876737
0.05133159139506585
0.05112426320784421
0.05078762049673763
0.05014467564559652
0.04966583502748296
0.0494406220479412
0.049322611986564874
0.04921528082025249
0.049128114840935704
0.04906785902909829
0.0490404180140661
0.049019260599599844
0.04896442470963582
0.048785944847597774
0.048396082347650506
0.047858139766241266
0.047262180835831065
0.046724326312522706
0.04630517016831922
0.04601434131847938
0.04579031581337064
0.045618362372683394
0.045491172884861424
0.045359983023177224
0.04509961780802895
0.04448886190246388
0.043374092377269524
0.04181601606494153
0.04029117381976955
0.0387241615830438
0.03680112047745584
0.035250630730821325
0.0341710261203905
0.03324521411042398
0.03234075780809424
0.03157391418426147
0.03094110124071968
0.03049958384191148
0.030207190405021865
0.029986869791114045
0.029819961561180695
0.029726312944730833
0.029645136993376238
0.02948108025445826
0.029179602761079965
0.02887962829685779
0.02865765109905302
0.028504577531622444
0.02840239012190236
0.02830533912923387
0.0282022334628835
0.028087884775074536
0.027992205073814436
0.027926017888970277
0.027882568449060126
0.027858768308162973
0.027847604412075767
0.027842775143328523
0.027840007877995145
0.027838287063350693
0.027835839894816722
0.027830243557113575
0.027821293067446597
0.02753657418995911
0.026500694859498165
0.02498613192106306
0.0239660611524321
0.023475787576862996
0.023274761588196413
0.02317428768531654
0.023128882248357994
0.023095557147621376
0.02307691050796689
0.023062379228408526
0.02305106112170744
0.023041416784494128
0.02303671796726053
0.023031941859521222
0.02302914595798009
0.02302656743342758
0.023024140273192533
0.02302110436654788
0.02301588512532231
0.022992171345187697
0.022868559559693413
0.022540023747756772
0.02221938536595203
0.021941219588982194
0.02134381164467682
0.021058969093539746
0.021036880082870166
0.021030213854076434
0.021023990246702706
0.020991186088272332
0.020710133601056363
0.0204385592648894
0.02032745505833066
0.02029647717445578
0.020285596111070583
0.020279361259464723
0.020272817168023406
0.020258840849570508
0.020218536614001026
0.02007837993897045
0.01975016073833719
0.019268758953428833
0.018987950587338306
0.01895465195558985
0.018954012974100876
0.018932016995424572
0.01855911099120813
0.018059167280783134
0.018017870308333354
0.01801771276733148
0.018012728931620293
0.017982797090016385
0.01787528026759756
0.01786356083488555
0.017863014127646598
0.017863003719377275
0.017862984638433558
0.01786298356282745
0.01786298463380119
0.01786298286232084
0.017862985594016046
0.017862985446311135
0.017863003345882207
0.01786299707728693
0.017862966459887854
0.01786297246510551
0.01786302240712454
0.017862645929042128
0.01785866000446822
0.017852224193656195
0.017842031301351733
0.017830647837106573
0.017827459378815417
0.01780328109612563
0.017524266843576473
0.01582712749815457
0.013846426014788669
0.013264555898469548
0.013218516629558785
0.013215573489137421
0.01321390743781474
0.013213803237579527
0.013213794968896136
0.013213821006059619
0.013213819075405128
0.01321375142191683
0.01321367789304808
0.013213764099231055
0.013213687000206012
0.013213365138121847
0.013211781352154216
0.013207450245384979
0.013198158436614291
0.013179798751258562
0.013158934335653896
0.013105297408791272
0.012959295970012925
0.012591799637185605
0.01205272965609194
0.011606567343197052
0.0112261734596721
0.010940486050584767
0.010881571959131451
0.010764307781728205
0.010442512870855021
0.010287808990757272
0.010179296555757507
0.010001603130579122
0.009855603774357735
0.00980283010145225
0.009693879127521038
0.009499000896758885
0.009381723378140907
0.009336067955254287
0.009326996384506701
0.009323315207071537
0.009321969668058372
0.009321896826148
0.009322100065408607
0.009322542868979013
0.009322922523417359
0.009323315455788692
0.009323979288295875
0.009305073309218731
0.009311868731684209
0.009311974351869702
0.009302776768523924
0.00930166832215492
0.009300221166291664
0.009267588510578326
0.009246168900169804
0.009242028767895065
0.009241724037977508
0.00924183006331854
0.009241955849238623
0.00924199485284361
0.009241708605865652
0.009241671545658742
0.009241641798499239
0.009241536136375208
0.009241397717948054
0.00924110992445967
0.009240935169665829
0.009240764829308629
0.00924063128799288
0.009240502211343702
0.009240145454978543
0.009239999455959954
0.009239776224777146
0.009239685139242986
0.009239558248758765
0.009239488768990485
0.00923920731490595
0.009238683262297886
0.00923780913122323
0.009236752358716191
0.00923608497262388
0.00923368028373191
0.009215817969036845
0.009183625487253235
0.009106854081601353
