0.06765037512446499
0.06758012539470182
0.06749592581028675
0.06732710997468
0.06690565494992265
0.066070629002172
0.06477140194240306
0.06351310293334698
0.06268358836515653
0.06219933272474754
0.06188589343238642
0.06158719895150898
0.061254191953105074
0.06089688761266718
0.060550694779507176
0.0603269553107404
0.06022112726749411
0.06017330686229463
0.0600848577290023
0.05994518065489871
0.05976939434006796
0.0595392112260009
0.05924575872510591
0.05889626552771534
0.058518969363735907
0.058146861557050074
0.05779208351484283
0.05750325036541107
0.05716583816796676
0.05668417200051849
0.05608739243448977
0.055556721173046775
0.05515428675656812
0.05471179706299013
0.05406086112286202
0.053149556253571824
0.052192402923165765
0.05132422550506052
0.05062481355329653
0.05005938372194615
0.04959953168765816
0.049171503384035066
0.048623111184080144
0.04807107392407529
0.04758498120447775
0.04733374737437885
0.04728497831376459
0.04728464408370498
0.047186862217231326
0.04667942234807254
0.04630780014611823
0.04617994441137573
0.04615066808724876
0.04614429421020925
0.04614302490043183
0.04614237278702462
0.046142046023939745
0.046141413779120385
0.04613869018883245
0.04612737827476998
0.04609455321387823
0.04604327511197434
0.046020793836045674
0.04598903885103383
0.04585559761102689
0.04559257040917718
0.04528856506225401
0.04489507632558736
0.04425865940791254
0.04330381632579919
0.04209419488700928
0.040940976802914954
0.03999232815797731
0.03934591756521451
0.03864456706282921
0.037849961453670686
0.037122277839238084
0.03665477671184146
0.03640411782700711
0.036282631264591136
0.036227800198722744
0.03619830177325188
0.03617354829988608
0.0361231461354121
0.03601517448522962
0.035903123050849334
0.03584683443682114
0.035838015056018864
0.03583438044850644
0.03578031291611659
0.03561275476933885
0.03545430212878567
0.035348443133162814
0.03528474961639918
0.0352461264570875
0.03522466259132354
0.03521564745627543
0.03521342008301614
0.03521394574833697
0.03521664269099275
0.035218357416967466
0.035214673556338866
0.03519325004723465
0.035181203259737025
0.03517531554688124
0.035154963028257595
0.03492989694627763
0.0342815364128401
0.0330055648221679
0.032245532674601736
0.03208740192124971
0.032073203340577616
0.03207269194556712
0.032072299887898385
0.0320720079525097
0.032071921110098794
0.032071915697547235
0.03207171961577657
0.03207154162984523
0.03207082885633704
0.032068404135369454
0.032064941712555334
0.03202866110651431
0.031832723375035066
0.03161234781682778
0.03155055863722366
0.031545179809968696
0.031530191826014
0.031506465811031004
0.031485083558477116
0.03130189522681408
0.0303964969017585
0.028993862043775045
0.027708970398291746
0.026862328606004012
0.026359493818707207
0.02612542708623642
0.02602690281301123
0.02597057461920844
0.02589534907822755
0.02581511727354673
0.025712180011175544
0.025562597818957093
0.025387793412093792
0.025199736704891576
0.024995286320081026
0.024877846058367122
0.0248477802158869
0.024852479127189773
0.024849540964967245
0.024849611710144232
0.02481412856428365
0.02471189313678714
0.024461808740232675
0.024074945472902533
0.02383032032942016
0.02368400539347509
0.02361578851924006
0.02358394127095536
0.023570434308511922
0.023564279197226375
0.0235633268604104
0.023561262643996057
0.023557853036530567
0.023555956334841577
0.02355742846606599
0.023556105988446225
0.02354450898216252
0.023086031441243843
0.021676458124274264
0.020339918450848992
0.01960786372732295
0.01927064356413266
0.019096426560984328
0.018992387589058288
0.01891351674316696
0.018821950532292863
0.01860829931349255
0.018273440468050066
0.01781232892161359
0.01719683258739551
0.016526598005872695
0.015857364952066553
0.015240444541140132
0.014695212115646129
0.014234145152132439
0.013868736735014112
0.013573565073021194
0.013375462259965677
0.01323061950777348
0.013071651345956295
0.012874870762599806
0.0126025144650162
0.012304636820055627
0.01199839506743236
0.011761978462862147
0.011555611676054548
0.011401785126967792
0.011216647331057468
0.010979785108311706
0.010745952545540132
0.010608937638171634
0.010587301347861322
0.010584938632512357
0.010583885337666127
0.010582035822184312
0.0105510567416015
0.010546934329974566
0.01054651512787444
0.010546443131491291
0.010545566981733331
0.010544195783641935
0.010543596438361481
0.010543458399670035
0.01054332237492824
0.010543478037366208
0.010543425194506132
0.01054226426549088
0.010536253739005996
0.010511967410474552
0.01046431860163748
0.010415540709766039
0.010411764195833126
0.010412181310249133
0.010412207604727278
0.010408249926864356
0.01035718989203158
0.010327973414569324
0.010301143353013508
0.009607773996353796
0.008311722138223222
0.007560369114130822
0.0072289689801264155
0.007195266051582465
0.007194997210126692
0.007194612464226844
0.007194570872935788
0.00719455813621177
0.007194535495930658
0.007194528251819076
0.007194523649941698
0.00719460836500993
0.007194463670820793
0.007194640813461872
0.007186921181032165
0.007069906276931747
0.006962876390303237
0.006959023040851093
0.006943705551972414
0.0069289243092031366
0.006924605080438963
0.0069233133756012
0.00688328540333127
0.006704193290502132
0.006494849034910769
0.0063447051443549516
0.006279016542270047
0.00625448563281651
0.006248729258380326
0.006247839829202346
0.006247649929351242
0.006247840917141193
0.006247692715226241
0.006247606840341675
0.0062476315787301125
0.0062476380546794864
0.006231695055131238
0.006231585613781092
0.006231556150978426
0.006231610809209028
0.0062316470998767205
0.006231597428075663
0.006231580227237238
0.006231512125270386
0.006231532508524133
0.006231271988676658
0.0062312260749130145
0.006231218608244601
0.006231099571229464
0.0062312691527991945
0.0062315178344799875
0.00623149151296294
0.006227049589036043
0.006194819374101579
0.006182755723512442
0.006181356087394511
0.006020541157757763
0.0055726807902514285
0.0055693879984755395
0.0055696144696760945
0.005570004793363446
0.005569854029604156
0.005570238174942329
0.005569954938951968
0.00557004614674619
0.005570113498832255
0.005570087458854113
0.005570055009641022
0.005570086055745593
0.00557016951558458
0.00557009237060567
0.005570053815222487
0.005570032288867922
0.0055700245004801
0.005570026869377206
0.0055700105961041645
0.0055699857244747904
0.00556997226254088
0.005569972565364654
0.005569941042017553
0.005569894843997418
0.005569779637492091
0.005569689289330796
0.00556967657431471
0.005569676923878452
0.005569695061150023
0.005569720578682231
0.005569767218722405
0.005569614230533533
0.0055695246876000725
0.00557015787973269
0.0055709873628995875
0.00557151516382107
0.005571904393612179
0.005572214987875892
0.005572466451419285
0.005572500100666308
0.005572311465952829
0.005572064313567399
0.0055717185431625365
0.005571155682359648
0.005570067135583794
0.005568002538298033
0.005565788138475583
0.005563550082105624
0.0055609842261468215
0.005557372866286237
0.005553622527586984
0.005544171745265316
0.00552864612129661
0.00551170486775269
0.005488195396762884
0.005468525779127238
0.005455599348674453
0.0054600922244571765
0.0054217233444258965
0.0053332087552729465
0.005240143176306936
0.005211054530627264
0.00520598817583266
0.005205980915614877
0.005205536439466989
0.005204772130534432
0.005201545414797721
0.005196435593050956
0.005191496305916525
0.005188760516655325
0.005187920603565172
0.005186878228831304
0.005172677742359932
0.005142064605569323
0.005065234282064421
0.0050139640535795706
0.004967764132587549
0.004944834250473336
0.004942391650481238
0.004941577520836903
0.0049368395943030306
0.004891614832441748
0.004822807249970444
0.004743806445374225
0.004694515280534241
