0.05444281152814899
0.05506383494949047
0.04786472071831784
0.04608321667496882
0.04600892401471658
0.0515814925500061
0.05260043140737478
0.05110526527809983
0.046283399873397114
0.04224787778892462
0.042661415918374135
0.03916711733297417
0.03931083661144993
0.03391676227980974
0.03224002003920965
0.03141467536897568
0.030114111740663998
0.02531909292763486
0.02115783874193755
0.017196166616780282
0.016024919296077574
0.0162304690922751
0.017076898114163307
0.01594370751006378
0.014701520344456138
0.01286345380406996
0.012187012666573781
0.011503110656692546
0.012246406542222232
0.013143263861565235
0.013480790416748621
0.01132916922319284
0.00917403946810023
0.00852898187220594
0.00916199306140103
0.011080736863981248
0.009575997288024989
0.0075753142526160605
0.007665961473590516
0.0074122709255555145
0.006961492862006401
0.007129847911456531
0.006898398158539923
0.006929860059742422
0.006772783253504908
0.006038588959935666
0.005993272757859493
0.0058274093796728335
0.005832395380563774
0.00534700519021548
0.004862660678081305
0.0040263087969930325
0.004086011357256506
0.003732496866005844
