0.0584382692683441
0.058338640869989064
0.05541021538786693
0.05644553671977519
0.053792280554863584
0.05047073935635539
0.053343459970203046
0.05420515270610241
0.054174968127124384
0.05358278249723285
0.050370979451001406
0.04508010927565963
0.03675344421234714
0.03339972257040414
0.03290260620442182
0.033218093920310554
0.028025587878056802
0.017977032952167696
0.01670956124029054
0.017804691142299784
0.02083405295147113
0.018974908365706318
0.014777985547804727
0.012615960516851068
0.0114402312812117
0.01099871920701071
0.01104797067012018
0.011090850886085286
0.011550001989296472
0.011721601736084749
0.01224555730059545
0.0124717240130411
0.013807756351638797
0.01144502458586233
0.010673155322728237
0.011190697333076016
0.011606994382621534
0.012947542315196438
0.012933275286302913
0.01158869983586899
0.010614817508512337
0.009434567879436254
0.009237191776950579
0.010394546525631225
0.011778791203557201
0.014114707899072583
0.014372859983787843
0.004594075796875789
0.0052844724735430755
0.005094256297564189
0.0048883843195613955
0.0051303272842687505
0.004363006932706259
0.004236113086372319
0.004532926579234428
0.004423703987393128
