0.05604982261343582
0.05628071951230039
0.055229517080536666
0.05576440681806705
0.05355902282535591
0.04988461713057001
0.04394855734711912
0.04644077745226151
0.04628221167142842
0.04243767963094795
0.04180307386562807
0.04374334807329617
0.04307129739179864
0.04075709421344136
0.037478998791472054
0.036430094644695224
0.035658673210167934
0.03570725781953491
0.03552158892909646
0.033821240826287034
0.033387775791520864
0.03290258526506723
0.03194948295878269
0.03151759650740383
0.03110261122440999
0.031090090897035884
0.031160983110782428
0.03137954021330995
0.03145849139424636
0.03150976356543627
0.031506094812609006
0.03152886433399782
0.03153236544158118
0.03166266792758988
0.03201863095998257
0.032764958023141624
0.03323476504075059
0.033461621424693354
0.034626191130423714
0.035219447185887834
0.03550821023957002
0.03408029449774869
0.03346067956645499
0.02988779907059887
0.026315730094397746
0.0231494245837663
0.02128778607559563
0.015301266191577866
0.010675251080936879
0.011418040291969097
0.01079810412729214
0.010319122033172406
0.009171247884466925
0.009160707864486767
0.008845803511328626
0.00796482108390624
0.007824182521596267
0.007719558172959334
