0.05851697392643979
0.05851697392643979
0.0584688609601343
0.05845656712516117
0.058515457850848565
0.058427870922304816
0.057005759880371
0.05166445807722064
0.04619458193351588
0.04944666972988133
0.04882579851090432
0.04743294906846312
0.04595593902936347
0.038329820069519155
0.029917858741675296
0.02831992665857876
0.029174334742920444
0.02604963702480629
0.026175306357452247
0.02609581811828896
0.02542782509229418
0.02438814057692067
0.0237445878878972
0.024163675717334483
0.024241863147308605
0.02412022436297213
0.022811758157019184
0.02194052361249478
0.021493659379522075
0.02039938154453594
0.018067558275929853
0.015443608594014011
0.015013373540169737
0.015694951653392963
0.014868089845207549
0.0125027824591034
0.011947878951245567
0.01179004418342368
0.010102933629586218
0.008868695363775561
0.007909270382413626
0.00819606346048108
0.008150746326673237
0.00794871945371368
0.008272706451330464
0.006368458222677734
0.007400169151419623
0.0056432094328203
0.004856020151670625
0.004646352695798381
0.0046125508866693525
0.003842648116038074
0.0038362290902049447
0.0038084412900077674
0.0033216022487446172
0.004796601145606034
0.005686261676713911
0.0039039750050301578
0.0036083094724290174
0.003234959896901678
0.003168588006299804
0.0030679782520394105
0.0026424174328461155
0.002458964223307151
0.0024475354200999802
0.0024703014446115865
