0.054464731505945836
0.05607204709263127
0.05274472764540834
0.05353590728697001
0.051190967330800786
0.04776448506665581
0.05192396618357856
0.05189438268031417
0.05102763758539802
0.04909076063380448
0.043049419159941996
0.03700770444128445
0.038369577866419174
0.04208819561543072
0.03796444874322646
0.03621595494144684
0.03556032328774643
0.036027018253991405
0.03443045214074192
0.032766118519298726
0.03245445344753813
0.03213134240963744
0.0323755798811664
0.032938925213675654
0.03349753433562096
0.03373400183502411
0.03418812649657693
0.0344960333036958
0.034898476030931914
0.0350082547784909
0.03456718912237389
0.03352421992379752
0.030656792705008484
0.02738273695011713
0.02629648448246396
0.026623865506454607
0.025471063381993425
0.025404332200738535
0.01708137461007632
0.013502605293413888
0.012318776258870996
0.01223604819896345
0.010033580805257084
0.008546635303835298
0.00818879547313124
0.008112240387489174
0.007545520171690085
0.00865909556263844
0.008788882818733823
0.0068686031741886965
0.006752185403916351
0.006066578129516321
0.006182471958834385
0.004379306532651193
