0.054274974728510575
0.05591589284863099
0.05015736348943339
0.05001105693555999
0.04525739529042773
0.04493728916605289
0.049494490186176236
0.05016664826082022
0.04883021327123942
0.04391493763731958
0.04091792943915641
0.040562200676783275
0.0410635897755076
0.04199635064727286
0.039565895709957145
0.036927109334095425
0.03648694537348963
0.03368146482300125
0.032193561667149886
0.02999055861539749
0.029090075443038488
0.0296828550901597
0.0295544172437661
0.030390333315974162
0.030369653576074976
0.02921399560559061
0.02860108812553642
0.029015232110652284
0.018859934854151075
0.019073096160324522
0.017561430484138992
0.01182075333971581
0.013307989011367264
0.012169369080630684
0.010584796787511555
0.009709262512881574
0.009015732052926141
0.008287077346645952
0.008130495491772303
0.007474254028018133
0.007234876533289761
0.00658511653654816
0.006793445554024165
0.006706268243007704
0.006972228598768763
0.006645067311714707
