0.055605579789903624
0.05361780287543887
0.04985421863474939
0.04957323448971164
0.047121656401382356
0.04724393890045852
0.04829683394291493
0.04629306955253234
0.04333727567672372
0.04379610825079074
0.04221505029672265
0.04133467202372287
0.04061754096430746
0.03947633360381296
0.03668471686406878
0.03208378104611655
0.027223181701077577
0.02817835509544462
0.025594968296493322
0.02292731611943071
0.0205332811061545
0.020452056123228625
0.020809805918734547
0.021153932318751137
0.021379032844600424
0.02185201613275646
0.022113248140055573
0.022232181694730797
0.022045572247914598
0.02237616503557394
0.022900544330001164
0.023748746268637863
0.022469621155772508
0.021797590046796628
0.022129100397563824
0.022973143991437222
0.02211364568289259
0.021583969865303986
0.019483820595685385
0.016707122903247867
0.011820282297442412
0.009586499530084966
0.009196460134349703
0.00880209808739089
0.008478828911563242
0.00814328110744835
