0.05597766433934566
0.05568585147854045
0.04708054968459101
0.04743305382683274
0.04896866831499457
0.05408922794277681
0.054497498341422985
0.04959260779276701
0.04263491066281007
0.03629193671662494
0.032995238358881636
0.03290058816373567
0.03360964778943031
0.03388276455635915
0.0327599095792131
0.033403707036263
0.03366855494538382
0.03286516429656887
0.031766896597165514
0.02989264799489355
0.028227096226760316
0.027309436033699064
0.026787389565366596
0.025935459601755025
0.025834927243981606
0.024712584554313126
0.023701297466549125
0.02338228004233014
0.023528070425008745
0.023362705572075967
0.023731018480173033
0.02388143281810268
0.023155697503205105
0.02181436242305842
0.023837271209436482
0.022669869908072737
0.02312341896026581
0.02201834333277012
0.02029376568662619
0.017771414747053405
0.017071783400625304
0.01738103266966502
0.017469874638686184
0.01716240255687415
0.016090481974949045
0.012079754939799325
0.011167586094899437
0.009905705606977516
0.008794970858138039
0.008094951126559556
0.008278149893586972
0.009422712309533801
0.006979482277826493
0.008143136585664991
0.005012714840303107
0.0043536470728401605
0.003869819409078913
0.003698188253646308
0.003477913726535006
0.003392920303478148
