0.055890777195268394
0.055633116581646706
0.050903508430223315
0.050593796190041083
0.050387369915726156
0.049951609786281465
0.0505419852203014
0.050630310550211804
0.050733118317372664
0.04937199177812153
0.04696603569086129
0.04425125836496332
0.036227449507022016
0.034793762647772675
0.0338123967472789
0.0352808803668062
0.034991824122838855
0.02867079749319954
0.025202509885501254
0.024048235236745433
0.02485192389835123
0.023928788077948238
0.023923967265612786
0.022545804126208196
0.02210643887162476
0.02211846067574219
0.021554780768735942
0.021307308171808245
0.021263266644130856
0.02058801963172062
0.01990146704933258
0.019922251406122464
0.01856975093577233
0.016342369328223912
0.012415453976073269
0.011400228504480624
0.010362980111270594
0.009919282135904397
0.01014953696411436
0.010054960105059269
0.008590891923300646
0.0070730380914266295
0.006502005051681605
0.006483352821766957
0.006728428260139971
0.006805730440275875
0.007389724513259778
0.007325516108069245
0.006327312079903361
0.0055247906971019585
0.005601360375508061
0.005127082575124728
0.004893363871953102
