0.05563519346665978
0.05491370722595789
0.05106841288180348
0.0509678249846157
0.05196057864760645
0.051301730215492114
0.0503347669903146
0.04871403550323134
0.047557410688190804
0.04266857710361021
0.042358173869076615
0.04334402643378105
0.042509602725643816
0.04169147942768423
0.038256472066035614
0.03327225975231481
0.030631797122965373
0.028881345117308267
0.025756803027239657
0.026397316047515388
0.027240935263167867
0.02746388245652283
0.026455581517175697
0.026233622704924534
0.025852111282134247
0.025438425200404347
0.02559444382463285
0.025522547712548683
0.025841804668284098
0.026693926652714625
0.02720305753836722
0.02727381498872401
0.0276038523272645
0.028586641779235953
0.027248414361531706
0.025918218353566898
0.023509520405969236
0.021261830733233785
0.02121932602069076
0.019726199863736017
0.019422644723340324
0.01915948687619743
0.017020337648509413
0.01749918916562984
0.018203243652674766
0.018152979996016363
0.01726527041354113
0.01692873670042706
0.01654136427621899
0.016330214330678394
0.016361814365982528
0.016291751544015635
0.01631703777199804
0.016431515460544867
0.01643685760025918
0.01664522699531053
0.01654674833187051
0.01641459166115438
0.016282045444141302
0.016133628929797
0.015302613812314176
0.012461367840902805
0.008932701211057947
0.006766413804540015
0.006537789123376435
0.00519142451368683
0.005526614270372549
0.0034130263876607438
