0.05865034476779115
0.05856955761627397
0.05772498447916613
0.05875719327244374
0.05666669740968322
0.054647213827315216
0.05122739102902835
0.05451170311443392
0.055439975500179685
0.0580148285850757
0.05293348299495636
0.04908154003733158
0.04399186537634342
0.03578116134671133
0.030335334857904864
0.03372517154635672
0.03693561882556377
0.034460728595866075
0.033075146153198155
0.033088158625893684
0.03333532461581199
0.033237556218155745
0.032739352369605526
0.03172610747969302
0.03176897701678171
0.03204794310977489
0.031358778491109504
0.02693431395661997
0.02524716143280352
0.02475630677170406
0.0249732052127224
0.025750413698531614
0.024179919162384905
0.02315022273085548
0.022531845278568458
0.020852810053721877
0.018428285029443468
0.017257862556865827
0.01695640330462373
0.016808312073016956
0.01675561472402237
0.01690833680647268
0.017532513724418792
0.01777263274716699
0.018387810368014113
0.01855670541800444
0.018842927110782334
0.017328917561804866
0.01614490997597769
0.015302512031116822
0.014887009787475078
0.013032702782802993
0.012096583584961804
0.011243764349131616
0.011041134264079686
0.009307230672981365
0.0076469083874639125
0.0069596161665694545
0.007085367458868175
0.007888166564827062
0.004872447206331057
