0.053251517266257514
0.05505984384280164
0.04621755635980974
0.045587014945781934
0.04530932592315209
0.04869687161772024
0.04762839009907809
0.04472428206843377
0.03992864056496327
0.036855084473423165
0.03598906182948565
0.03499746086984707
0.03343028794638862
0.032897166209729926
0.03321502989671467
0.03296699269721062
0.033424555915287556
0.03347235968354577
0.03341624196617821
0.03270858903292187
0.03077170815923749
0.030291890421060126
0.030364547315031392
0.03016227180599768
0.03004869086715338
0.03058674080090105
0.031684568337827755
0.03220283979086665
0.030281858995086158
0.029869227284877183
0.03008032385365542
0.03064074999187906
0.030493850847085467
0.03061369771991012
0.03018615254746362
0.0301966808815052
0.0301488386164111
0.030000456288891596
0.029818622383628063
0.029561590927521864
0.029183019960441377
0.029214150974648828
0.02947269163459546
0.028674676856241085
0.027491428969066523
0.025293703266906085
0.024470504353925504
0.024313787004040546
0.023423092298153075
0.022104876977269452
0.019277956428468756
0.0153743795370894
0.016308048051469473
0.014473732207952453
0.014561443251650655
0.012943513211904116
0.010240205303429641
0.007829800731182153
0.0062918941171070724
0.004800664930500606
0.00412492550340269
0.004095576966860548
0.0034862804689880737
0.0034556560367180076
0.0033516108464353212
0.003481998285528277
