0.052541445347452864
0.05055308263221148
0.0468424143806414
0.04651666400511377
0.049621174070751964
0.05428832735574122
0.05142906273448034
0.04457163253222082
0.041796695359189416
0.038286295652805426
0.038353550071848666
0.03812796755458374
0.03900640189312787
0.03882294745808933
0.03793738694007241
0.03692354322386834
0.036556997339129
0.035184024413197824
0.03348929871115567
0.03133757605006562
0.029631807813319172
0.027797605310708365
0.02314780445655659
0.023111542205292743
0.023522953580607627
0.02410167030928651
0.02550165798683695
0.025998234186118283
0.02633271834870153
0.026392106415239223
0.026763996408869943
0.02690186735033964
0.026660089304247243
0.026533350323936406
0.026957451574758044
0.026655025594486088
0.025252003367176073
0.02453999920003789
0.023672247738085062
0.023067532500978358
0.023242717308834066
0.02334246942990861
0.02343722264455036
0.02360554072716086
0.023670028734468947
0.016349687838559047
0.014705333756423302
0.01329196812667553
0.011614004903530553
0.011385207365461758
0.01134459223362794
0.011421933889148445
0.010486827449775925
0.010528100587371919
0.012121107793196239
0.010401832626286672
0.0102702289467447
0.009816133075276066
0.00984764370030601
0.008988085488683144
0.008003880076497353
0.004785109086078148
0.0034867874932986128
0.00403495108186848
0.004304673779016102
