0.05837000764013794
0.05578197717573642
0.044204634747808336
0.04212470156434959
0.0429807570537417
0.05116962674610131
0.051871404090997414
0.044478754173226
0.03928728463178842
0.035317293771534246
0.030559938371898333
0.032133103166097354
0.02821131894977273
0.030643294809139833
0.028637958378620234
0.027553269188923684
0.02711031231963718
0.024863549133877533
0.02522268622458355
0.025612865455802783
0.025047422854083
0.02454390271680838
0.023854826492092227
0.023796949839472618
0.02399487931661638
0.024270911653916115
0.024319041770948464
0.02319929256126081
0.023412779425496542
0.023879085710872147
0.023558186742602204
0.02339884664927393
0.023200259982899544
0.02313001927476767
0.0229984132818537
0.022889227127679223
0.021495408961209803
0.021172819542038625
0.015955517876992936
0.01393679862592526
0.014337262940836747
0.01542059333516466
0.015559171004261515
0.013054722654844957
0.012602313323094017
0.013466052493563222
0.014406082181718181
0.014138262710479615
0.01284780046801733
0.011417693691760659
