0.042354006770747625
0.042354006770747625
0.04229485497040463
0.04228073936565813
0.04235217403773486
0.04223130696653284
0.040242595335211295
0.03569947182444938
0.03525410644294734
0.03008660532341135
0.027811979513693647
0.027207262349670875
0.02779898698901485
0.027474968434188878
0.027269319064161877
0.027086250152120173
0.025126203178941663
0.021575837618538086
0.01788425864432708
0.015584223765058807
0.01536749059110867
0.015371764139100859
0.015484704006678124
0.015078571677143033
0.013416517494105714
0.012866382595346662
0.012409545629920875
0.012263117040629495
0.012237061207641575
0.011874827393766874
0.011933495209058004
0.011786233733871521
0.01149985605657165
0.011498869275401615
0.01090601318393902
0.010772247300062024
0.00967062392464386
0.006891330889729113
0.006377611204945964
0.004633516436524313
0.006049617558462363
0.005694587329555434
