0.044130760880476724
0.044130760880476724
0.04413155354296158
0.04413528205539956
0.04413063211906198
0.04412697023887198
0.04413384526513882
0.04415069008406769
0.044070064826409426
0.04398183775187686
0.04324781823591067
0.04062534174898492
0.031149071540909075
0.03245033148158804
0.0335466812396794
0.031819996488379985
0.026694652208197098
0.024401210776107844
0.02299253529407234
0.021992637370079
0.020162762456099395
0.021024056797193005
0.021379370308564495
0.02214781869935483
0.022153730371030064
0.021773868277828005
0.020648647656643513
0.019084188491044686
0.020194087746459442
0.020763640888256364
0.020787417240575777
0.019771719544431035
0.019028733077731265
0.018781997090245795
0.018842935202381096
0.01886185845958947
0.01885876671442139
0.01886432008138843
0.018924707571197515
0.019054102945310104
0.019184578263743476
0.01951610569881793
0.019606091493616553
0.0198993071692965
0.020085962403531693
0.020747923947472574
0.02078837642410157
0.02172591171069868
0.021732944306836484
0.02206359804445241
0.02277041011133706
0.02278505135872148
0.02120704147780342
0.02096235624284171
0.020637266939874478
0.020105884534709795
0.020125735698382517
0.02017235516628855
0.020194440820224844
0.02013823799650236
0.020164804847824888
0.02013977579485806
0.020173812243879586
0.020126477553081654
0.019886994842221013
0.019556438619101797
0.019403394407718485
0.019213102544724525
0.01899952799079477
0.019104368618347786
0.018813810809181146
0.018507168024750727
0.018116524372056863
0.015425305594376373
0.012231330600411143
0.009676611248044446
0.009232740266153635
0.009206194289010336
0.009299362226401318
0.009075083180054126
0.008185105838775977
0.006495688591378054
0.004574331268483714
0.0035672030258826035
0.003472962044241932
0.003447740691500054
0.002968079345058124
0.0017536537895937526
0.0015541251591494325
0.0016003472633144577
0.001298130033026691
0.0010305880535152565
0.0009489583491188022
0.001021294844813703
0.000958096880286851
0.0009459252552378094
0.0009766186929953346
0.0009907643276259094
0.001356469561244122
0.0021835751891532054
0.0011673726678867893
0.001015513478790428
0.0014128121306829027
0.001977829241087418
