0.04432820173773154
0.04432820173773154
0.044332873811810926
0.04434187975338695
0.044332567847771835
0.04432208007004688
0.044328490901693794
0.044342259621314974
0.04412955422549684
0.043586294038140704
0.034942607887592514
0.029895660506164417
0.027620270100818273
0.028775173438872058
0.029110446575844995
0.029152788491715376
0.028593110529677404
0.02857434969818307
0.02851126039111598
0.027998222644017762
0.028912915328985236
0.029123970268926457
0.02930009889775684
0.03002474481921519
0.030551257095932097
0.02982308105783975
0.029130264357020402
0.026880414494767715
0.025158942354893805
0.022574359528739252
0.018614205627127362
0.01592808955677178
0.016448452041149038
0.014421371890292741
0.015056029248692683
0.01662681124195436
0.016838820837553243
0.01633152242519229
0.016073226141151205
0.014015254104617838
0.011640356109554398
0.010785831339429838
0.010152860205285342
0.01033076208915795
0.010378668925085599
0.010606255478816065
0.007640563594810947
0.0051469429778967
0.004010513451414925
0.00371861393537601
0.0034260972203448477
0.0032058995067275075
0.0032173584369875057
0.002922095977023192
