0.03831305475472314
0.04310014706223412
0.030629587266547728
0.0296408951917577
0.03329704063975326
0.040053294227694713
0.03657495565061955
0.027174765589962787
0.02335775343357927
0.018200174717338057
0.017409978422390955
0.01798964318421414
0.01788586766749072
0.018161715444344015
0.017788100060441302
0.01724888954872845
0.01722111621602001
0.01728249829307888
0.01728426899213068
0.017287554230972828
0.017594069627480825
0.01774251450736225
0.018104790833594238
0.018540963135280624
0.01896414638610285
0.018822103892861326
0.018830248160966165
0.018802589106876724
0.018724482954248736
0.0185727489236982
0.018475916894642848
0.017596457635135516
0.017174785786601778
0.017016218813287128
0.016885764835935936
0.01692893230729799
0.016679800252593663
0.016376636546579032
0.015865716478640157
0.016081607636477143
0.016084457129236545
0.016062176701220246
0.016072401674531646
0.016395240832586328
0.017499102151594535
0.0161829511263736
0.015569203958659468
0.012853057849566992
0.011599346579116387
0.01156192233538777
0.012357265762413727
0.012158020196754602
0.0119564054003802
0.010994922648459103
0.01093858035541989
0.010055136871668218
0.008242637061208551
0.006961360304465026
0.006044281625832622
0.004686195993478112
0.0037037727522303797
0.0027803106500057435
0.002125645053527209
0.0019298212601645388
