0.03915014068092391
0.03893074879959917
0.034801663199737015
0.035168100450183544
0.03579286722262518
0.035740599453994784
0.035771871855643955
0.034777025660771184
0.033321583475881135
0.03205961199738623
0.031188386697441735
0.03119306981833964
0.03128814607528278
0.031262524715307806
0.0308391129514506
0.030597360137483418
0.030619733313322288
0.03037497633925004
0.028905667085715056
0.02473447291951598
0.021555186269885087
0.022649051524721964
0.02226823174563789
0.019353747786276854
0.019438264188537255
0.01958395042895271
0.019412705155884936
0.01918128804094472
0.01883775030349101
0.018805292032972362
0.018909578776092572
0.018940137494909675
0.018527269542251444
0.01855182237114793
0.018550723989174348
0.018437815854168347
0.01843884417915442
0.018715577499960837
0.018190090455762024
0.01782554918582772
0.017370588859435498
0.016934740497404004
0.016792462868306147
0.016817449456454678
0.015371355938643303
0.014559826355592984
0.012868779516768555
0.011243680724673898
0.009827614487871703
0.009211863921131679
0.009087798235413912
0.009035385174810655
0.008898864977544779
0.007519479105090352
0.00587411930914353
0.004929347171357877
0.004140381623682044
0.003497707979556669
0.003421609703766689
0.0032505410476867257
0.0032130072817190395
0.0024153656414076783
