0.04127784133981245
0.043314237974215165
0.03642569357390508
0.037346154635355365
0.035246722617256664
0.03512953448337506
0.03696136731688155
0.037690993062086134
0.03616146093656032
0.03431673204520086
0.03052426030405231
0.02579401240445138
0.023558544866179226
0.023222703741616574
0.022540940782963634
0.02380964458560685
0.023871780083977688
0.024120152875681575
0.023727731667664426
0.023936839814135906
0.023956600947846518
0.024062227726763877
0.024278309174066565
0.0250107830131465
0.026019616762053673
0.026445148370488763
0.026790917780849046
0.02654840019617695
0.025829583632330688
0.02553766781715218
0.025506990761983758
0.02535616638756525
0.025241477221921597
0.025170837109990903
0.025104551348333285
0.025074597057976544
0.02505946837294671
0.025060512199013455
0.025059809574694204
0.025054306802884067
0.025079138862634208
0.025086096960948035
0.025052370711558233
0.02505392474236038
0.02503976985787809
0.02502919862763939
0.025028756436111542
0.025134567930785775
0.02514709233105728
0.025087262414947045
0.02485315267057338
0.024450826215500026
0.02507797707045296
0.02433429564094115
0.0222902164154773
0.020824774227108198
0.020182373876347443
0.018739687737779814
0.018463883779771574
0.01734388824859397
0.01534044301977322
0.015407331493231643
0.01540591292604171
0.014353537768605661
0.013508445428479838
0.01265553693357365
0.012561999235219905
0.012612300874808144
0.012546966548794858
0.011175694895827403
0.007833341147269433
0.0061908081765568905
0.005276990136854644
0.0051967001134741
0.005736749145672833
0.00528726288177344
0.004889170600843188
0.004470463300133352
0.0042935951765382405
0.003664678482572019
0.0031583836409001392
0.003611289526377201
0.004236548237477138
0.005540282110634324
0.005225548805931094
0.005666118819348332
0.005773222236553416
0.005336516370801288
0.004870941122078157
0.004448257376560651
0.005695607549863603
0.0046646909310697916
0.0036155713174253292
0.0033733457241521634
0.002508923515969675
0.0020163999090612437
0.0017773309652013417
0.0017752116305186857
0.0017497138210841126
0.0016445328521795667
