0.042169033405209326
0.04174893150791442
0.041317127849551605
0.04143514331802943
0.041019369017260214
0.03885874706789287
0.035571861580259094
0.037018649234837796
0.035328779138113185
0.0345339650659757
0.034412013118761235
0.03416996972361445
0.03350244965005717
0.03313875046360799
0.033209723697804304
0.033002603493253374
0.032410652936144306
0.03155829636265115
0.029197796305534488
0.026381825533779532
0.02605083642850875
0.025785285645431155
0.024988046256795855
0.02481276590069552
0.02522643489054223
0.02408079933482409
0.023639423933655975
0.022492801243050423
0.022728884385981
0.0233264003405694
0.023155886138379416
0.02287888438719668
0.022762185126553293
0.02171137827413136
0.021130126246196517
0.021242337719271698
0.020391837836835496
0.018694071824561783
0.01811852129825009
0.018185782086307913
0.01819641525097659
0.017600402907284603
0.017811299447016447
0.017494941926448262
0.01799387001787774
0.018421357459126233
0.016831318439216602
0.016806166026749107
0.015344839343852288
0.011943505166375826
0.01143854679105876
0.011576164892059123
0.011749782673089171
0.011179940058952323
0.009912300991385794
0.007168104820204828
0.005504821397922288
0.0038283904578758072
0.0022930609607887333
0.0015330662487606373
0.0015838435994643871
