0.04350398162713925
0.04087789303909484
0.03903605014446126
0.03772560218877069
0.03548620162739354
0.035348963151124346
0.03740488940512376
0.03827803995964008
0.03709895029515678
0.03563659604812835
0.032626415610635694
0.028665957022311336
0.027470610332151778
0.026830756158913716
0.026473903359131516
0.02727561398428017
0.024731276525564005
0.024509800300609525
0.02428048067724301
0.024186470735093734
0.023457812187619838
0.024303182978018378
0.02530334503206244
0.026230867645351843
0.026946370746935393
0.027257084548640034
0.027938223557081535
0.028912729534882678
0.02985049410543384
0.030005565120927103
0.030681100142613084
0.030350951909020485
0.029386945028906007
0.02494708708387559
0.020998721431054444
0.01876652537224923
0.018088855107240426
0.018095792145329238
0.018422118082748285
0.016680698446413927
0.015162650864240403
0.014400133905550599
0.013555349928175009
0.013539768787123138
0.013411710975699799
0.013330119510919532
0.01154721698436819
0.010860824580902565
0.010976198119876997
0.012450714886165934
0.013453285848182684
0.014419897780760896
0.015724867942576777
0.016439854648582997
0.012295998736436692
0.005693329542559237
0.004214176263241285
0.004298769306909441
