0.04332496986004915
0.04332496986004915
0.04332584690627047
0.043329510086115255
0.04332501954563395
0.043321324683794085
0.0433276855670079
0.04334315497941451
0.04326082824549399
0.04313253315521298
0.042001970372007674
0.03900362193709324
0.03179368825881741
0.03366365949929173
0.03458037518256069
0.033471939530716324
0.02974052176980216
0.028041265449756672
0.027202415727433725
0.025938777951061923
0.025143812733611794
0.02615683821606346
0.026504950103836303
0.027619138332751564
0.02761752913184521
0.027110497727952196
0.026621482884250862
0.02559797139110768
0.025401737780456
0.024935492829521008
0.024638761029771857
0.025326487523896747
0.024729082402499887
0.023947740772003664
0.023709566382575407
0.023679274674006427
0.023713092066390717
0.02370423799700038
0.023684842196621265
0.02379187494001923
0.023130829011225627
0.022978487968768994
0.022878871782288823
0.022469240576326273
0.02224875921865429
0.02170815015506025
0.01719061952761791
0.008921262540309767
0.004988872958298726
0.00986427018407347
0.008787516442475843
0.007445074806153028
