0.04224674930256321
0.04210502418197701
0.038436874062691154
0.03941791992632816
0.03571343216720074
0.03364475406026301
0.035124146072881425
0.03588444626320147
0.03578906721561321
0.03512011330696269
0.03309632830426767
0.02757708162374418
0.015978309500889083
0.01659466235635824
0.01422272493971309
0.011092469125553398
0.012276895872208943
0.011861781947926689
0.011244369004623335
0.010934977337024495
0.009787068399183514
0.009829055112996324
0.009347490335289393
0.009565781582636127
0.008321618504582386
0.008256197562420778
0.008537490109202548
0.0081772737183353
0.008304128427547752
0.008008450286866198
0.007852797649668638
0.007664825321265914
0.0074414561336298545
0.007017621413748084
0.006877005468178926
0.006753004298927923
0.006736713047010936
0.006777542025435218
0.006845140191141607
0.00713192088423269
0.007725599178941882
0.00885788711168515
0.008335396505677224
0.008567761109460973
0.008583312423385238
0.008648794044012201
0.00844449143393603
0.008536453099753325
0.008811117484265565
0.007579584498648338
0.006585785919046543
0.006373173799263766
0.006048673206176058
0.00642251711489151
0.005269611117147469
0.004576152493768866
