0.04413067417229323
0.04413067417229323
0.04413212472632202
0.04414372178946374
0.044129473868421074
0.04411756586279776
0.04411082720816035
0.04399215127514959
0.043807354284256673
0.03663867395750381
0.03279684332792115
0.03539061620412436
0.03266363811808019
0.02724714679708822
0.025955576882981453
0.023553154989435755
0.01981041783565326
0.01887021900666245
0.016617537190068313
0.015078977422943455
0.015004048754683433
0.0150620337331195
0.014834481446032045
0.015093130877350706
0.013456357071176959
0.016238063305804375
0.01473120378033926
0.014048792746343533
0.014347249302030648
0.014289704981237165
0.014815849912492782
0.015211509211291207
0.015961943680050193
0.016650523898381377
0.01686186209759292
0.017016901206831237
0.016921234362911246
0.016989299412282402
0.016810766863091076
0.015428578580434704
0.012184202463498835
0.009499286363372614
0.008303402338776272
0.008147264618246502
0.00812401755615428
0.008027751601905327
0.007674780413657017
0.007499430781307308
0.007395928103652342
0.005222895147249743
0.005176226000802808
0.003968568530369801
0.01012475898690231
0.0068460311474860406
