0.04030989458101815
0.04021007853825935
0.029741500751823146
0.028205764664014303
0.027198069157402593
0.035527581445798255
0.03748658989946147
0.03025862411003232
0.025874611908892706
0.021194710904097015
0.02099341002776703
0.021098216715847967
0.021078328424121707
0.021499881711628855
0.02153072408702043
0.021286032488855664
0.021664854181449547
0.022180993179825748
0.022426359782259143
0.022188918906567854
0.022012676817794504
0.021544055260858994
0.02150668089304934
0.021065831514165464
0.020799834658053403
0.020678847709101132
0.020408318200479288
0.020233629643112084
0.020076173816462997
0.019679886880196003
0.01872007369147665
0.018291373919640554
0.01799049897930901
0.017976900484102117
0.017894274736593396
0.01774408801967114
0.017353428385339223
0.01717286074427752
0.017170478343456416
0.01721495632313693
0.016937161684482976
0.016172834869455383
0.015015987779728108
0.013864662776382932
0.011948426032380041
0.010428469778663846
0.012737339700352183
0.00928921252846795
0.010157508588310231
0.009114050672124344
0.009018810928564972
0.009152671167107211
0.008701482925611391
0.0071599648859976255
0.005582998847698949
0.004247602700970444
0.0025227126186433205
0.0020415903444741426
0.002063717695076106
