0.0400368665631373
0.04412869952074961
0.032334071987333284
0.03097518784043045
0.029747453116647248
0.03787299298288588
0.0391522216555806
0.03706102127279952
0.030343159373168248
0.02450028236809709
0.025368151953482132
0.01959739454199505
0.01785796441197224
0.009612148922613953
0.01232066178403801
0.012778113149971076
0.013978033310517083
0.012996498259980444
0.011398047775909874
0.010790847276438769
0.008573797316277929
0.007308961667728681
0.006754378711254512
0.006696158099705552
0.006523949568669824
0.006579911409481045
0.006585014015362655
0.006566564492154029
0.0065510715398481205
0.006658486023496261
0.007835660112723698
0.008016176295434262
0.008118945140355688
0.008026750690634271
0.007885573528518337
0.007583433779740451
0.007146653191487202
0.007252055003675579
0.00734619009036528
0.007038522066719543
0.006522535812770123
0.0055991627592236635
0.005054203176786836
0.005061922482330774
0.005265026505546237
0.0054306665930958925
0.005970213566990076
0.006164392471301608
0.006325125513737748
0.007302456829697602
0.005210205828019185
0.0031502275596660325
0.003007152490864319
0.0028884536972337803
0.0030206676344446946
0.003153891970149066
0.0031591646058569166
0.003277740127449236
0.0033441611713365383
0.003506949737904314
0.0035741882172330743
0.0029918328743978057
