0.04229345974660653
0.04229345974660653
0.04210601722929964
0.04204181465242962
0.042202049999947935
0.04186000360023256
0.0398229781939594
0.03537005959545218
0.03094792917581593
0.028959059809310624
0.028913461081275033
0.028916468533803034
0.028833037346331875
0.029025671248682453
0.028900338476606977
0.02793731363310529
0.02665705359103001
0.02128137900777954
0.015582544197430737
0.016246170326681252
0.017283916403839097
0.01567790605065059
0.014895920573453644
0.013881852225842966
0.013767345359443827
0.012896913046752428
0.013171876022407925
0.013113672658585597
0.013038163161502248
0.012821632541421024
0.012571181510411084
0.011959759981734996
0.01115769140311004
0.010712204776760067
0.01029907757281692
0.010350346121913831
0.010409285719668067
0.00992693782490344
0.00803369688939274
0.005607324922135508
0.0045790258529418626
0.004647545325987411
0.0052137732407177015
0.005572716084638242
0.005426832628942072
0.005135834480245603
0.005094976771796474
0.005135127082768085
0.004766078501900611
0.0036443167814725896
0.00354367254677047
0.0035509281421086717
0.0033262154243661555
0.0026713867034699797
