0.04232350599728328
0.04232350599728328
0.04232342247855441
0.04233588971510724
0.0423143487718024
0.042284973048380775
0.04226130622467921
0.04216609555153676
0.04071201027310174
0.03782625270795808
0.03728836388200506
0.03766740288506793
0.03556416932198555
0.03473861927489113
0.034146669125780134
0.03301169340040259
0.031044672540695466
0.029059448910191164
0.028937917155950843
0.028774124109949298
0.02749836076479059
0.027263650856378063
0.02666764097335823
0.025378677770542857
0.02561991446805168
0.025398871590835388
0.025004017509651717
0.021478610147496566
0.01626702878810526
0.013026534551984138
0.013613679923006498
0.013346478510289039
0.0134816987632676
0.014260473595606058
0.014296349324724775
0.015401862619462543
0.014276999329258315
0.01318461095844588
0.011283111732901523
0.010028450575673444
0.009264546654955103
0.007381178498483971
0.006438136650714824
0.0052108077464527655
