0.03748013940626687
0.04186270068431735
0.035429667286372986
0.035535121647881314
0.03608754152699372
0.03608084300611059
0.03634157473556704
0.03511848037143358
0.03451447719829983
0.034721480731290576
0.03308541585159388
0.0294932775241428
0.026396552450890825
0.026250322029680227
0.025561442020424343
0.01880526640215877
0.008978774949045507
0.011415730486918439
0.009869170714282746
0.006701525301431812
0.0061052632338615374
0.006120603378231264
0.006154169977309254
0.005122415689794831
0.005206191657222873
0.005404493438747647
0.005751630853475004
0.0067220353340136825
0.009734914597783272
0.013559846010116517
0.006524181873136634
0.006775698977899919
0.006894270778511533
0.006578344600481348
0.006571377899687686
0.00692278964927028
0.0060895682457301325
0.003719061478483553
0.0026531985873550173
0.002522609187420604
0.002582861799196295
0.0027980415301026903
0.002514151884498719
0.0025145281013332797
0.0025482421144715343
0.0024083353950689204
0.0023367830802830643
0.0022396434280865726
0.0021319126956196427
0.0020742106249479245
0.0020690607218464795
0.0020805458758166692
