0.040428619310752006
0.04116093502014523
0.03533385728525164
0.03550024794382887
0.035761125507199426
0.03560672440637503
0.03542738543672633
0.03527729481226112
0.035435270426789386
0.03543003586261399
0.03522500634096725
0.03482500445372165
0.03391597623672796
0.031901777520872227
0.030472754281019126
0.030245460996607926
0.031262598519781
0.031435510262872925
0.03123584602345977
0.031359134566785976
0.03153980881850532
0.03153382028492078
0.03148480280726112
0.03143124648783199
0.03148602451694302
0.03146857363323916
0.031468628381089894
0.03150660578477831
0.031524663861338315
0.03156642888215123
0.031607867544728344
0.03153811810683559
0.03151396308263573
0.03139539295170208
0.030896962356025043
0.028965989427915215
0.025764553360966877
0.02350547359962243
0.01957898333417546
0.018197664815952225
0.017774902123618663
0.014714976818877049
0.011318946427217275
0.011743168748762208
0.015639160996405777
0.011843863798909353
0.010064176718447478
0.009673354626070895
0.008619137066220504
0.006979604880156475
0.006291463850241479
0.004642445296597566
0.0038762108045485425
0.004372137650266696
0.004442490765880392
0.004110370295295205
