0.042372038885768244
0.042419320372839964
0.04066160020826251
0.041786586299268326
0.0390972330784005
0.03594983069414354
0.0366973329507544
0.03589209903419134
0.03580642433663392
0.0359344696113885
0.03514283790742722
0.034902542093939774
0.03497232456088383
0.03489108914015244
0.03340254006590103
0.031338701898722704
0.02579922040751777
0.017551078722751783
0.012090469167930626
0.012491308982518894
0.012757073357847523
0.012477532875366034
0.012222778420195151
0.01212475845967891
0.010770835165140432
0.010384239718184453
0.010353164471472512
0.00996423815037374
0.009223552452116408
0.008447296658549888
0.007833428914601422
0.006921359966021022
0.007370606227460045
0.006610623263765374
0.006240072444632216
