0.042344443155745
0.042344443155745
0.04234620195804456
0.04235646630142828
0.04234453049744513
0.04233833360673262
0.042348394378710914
0.042326208283923826
0.04225050615053906
0.04071188845943915
0.034457306148913826
0.042169176807747205
0.03925003094447024
0.03509120768000477
0.034031277444109116
0.03376199510618044
0.031306811128638846
0.026991037013962636
0.026627590040142132
0.026569742377255134
0.02977518038644121
0.03192540447778427
0.03084784092105265
0.026026247964682076
0.02498846136263157
0.02470922138732906
0.024763844796350666
0.024788927438716187
0.024880420511487627
0.024367288319277414
0.02394648657732668
0.023718900425843636
0.02296799955871742
0.023229863850366964
0.02321464171855625
0.019711235504937863
0.018420362982869434
0.014178474677950408
0.009590430911977778
0.008017176665453044
0.00861699201991087
0.01070665492885421
0.010120557467918281
0.007965205301723273
