0.037714929683036004
0.040744421446249644
0.03517370027048945
0.0356225573557437
0.03474410185149356
0.03606616442081408
0.0359227132860972
0.03562264735997122
0.03539367009781722
0.03502207237097208
0.035063005586678686
0.035307664490777615
0.034655132797414424
0.03139109468838012
0.025353717667523718
0.03266080290683536
0.027467350413534125
0.025561722141850502
0.024047223020956725
0.024133929011944368
0.024058402375943064
0.02401188195811721
0.024220528720830484
0.02426024836857889
0.02402437300079581
0.024346933353062605
0.02464306679459111
0.024376842732983937
0.023919861791315698
0.022839511938232734
0.02154718022037234
0.016870330881486418
0.014610413565679867
0.014452444957136384
0.014510639627689548
0.01300041386654771
0.012334971123984208
0.011593900800906382
0.011677534246601238
0.011777391317947679
0.01197484527889324
0.011859058952301877
0.012080965356281207
0.011286126942571487
0.01131510818878607
0.01099145123874842
0.010466386084523556
0.009509734280721494
0.008095021267342876
0.005820147514535487
0.004482471664539595
0.004488190331498143
0.005290116317859548
0.006223948581400775
