0.038201562153205436
0.04071862836611066
0.034972172119540554
0.03513646053704623
0.0352038708646099
0.034430316947283636
0.034402780441280645
0.034262258323593274
0.03411855026590316
0.034050115716377345
0.03391166182460987
0.03408247113448541
0.03383128522507079
0.03307832873250021
0.025130344960668974
0.026797674090723624
0.024338780035504628
0.016169162147280973
0.012587079486347366
0.011575507768522156
0.011796607061325076
0.011711447899539599
0.010958734973871953
0.010529222976160149
0.010057430905056355
0.010053121273635156
0.010062248346452172
0.010142836471571262
0.010289032092853609
0.010139726429290175
0.01096675726386306
0.013549738236439741
0.008993319411735926
0.009287265887451969
0.009526106337753885
0.009520292153259918
0.009980532810581156
0.014927112721623753
0.011155153026130302
0.010664695761032185
0.010713329133819421
0.01082113359757835
0.012072796661535198
0.009479880688550633
0.005460944027306396
0.0056821924580879955
0.007843701614955229
0.004874205020277985
