0.043324870392666186
0.043324870392666186
0.04332605941017809
0.04333627535721915
0.04332285288436073
0.04330882350397296
0.04328818958357369
0.04325524926612548
0.042764818741611456
0.036095342132146574
0.033310354737111275
0.03578820835536984
0.03562722278093783
0.03188770804522159
0.03032570791174371
0.028440438470712526
0.02598714941790945
0.026595150082022602
0.02577217576946346
0.02496009932284539
0.02497687228042725
0.023666026944996685
0.024106427712988588
0.02379006504693355
0.0235302215003319
0.023702481851790653
0.02344515172939617
0.02351303725104197
0.024302935393945464
0.024958377057483636
0.025446697635043047
0.026213820497864783
0.02657590203834044
0.026749076981955167
0.026836168317621416
0.025844875376443477
0.023717716474397355
0.02222568110292036
0.021940514368870324
0.02185449483809514
0.021824766515681108
0.02194756061192827
0.019442765720787958
0.015723422412491823
0.01185587324770358
0.009409802075527041
0.009058593109085564
0.0073573552960562085
0.007384167262870734
0.007946086028285435
0.0054908381330124765
0.004850913265146958
0.004391564582633906
0.00451141828837705
0.004529857274968565
0.004325704302357714
0.004227598470733291
0.004204959620728356
0.004059076530183724
0.0035775792560798015
0.003293603050224203
0.0031512842138956224
0.0029430646714002973
0.002926730287081535
0.002913386420136895
0.003000840785708661
0.0029235710351697354
0.0030261802351772664
0.0035935197990505513
0.0022883023580258905
0.002470704726462877
0.002634643888334584
0.0026108627990237302
0.002891519572787785
0.003153424967649093
