0.042012848551373105
0.04411766522217471
0.036570783780883465
0.03633750327487841
0.029550593557046003
0.029089628154040807
0.03562003967297515
0.03666037367537621
0.03408129513928817
0.02731478618371035
0.022975217058391426
0.023137673342506
0.023967856712950035
0.023982658226260785
0.021753462243849157
0.01920143661169902
0.019004982337201357
0.018887870283021888
0.01694941514462009
0.015546023051739718
0.015756632843884875
0.01438454501408626
0.01437694256571897
0.014404179811355413
0.014096804703758228
0.013942167532796536
0.013925662513822948
0.014162450556341664
0.01525631305473983
0.015747865330482398
0.016481322965763063
0.017009043382188806
0.016677770714560964
0.01575361134894702
0.014719992328390228
0.013020862642712015
0.012908220827842522
0.011645558494323168
0.010361744161478621
0.011242445184000244
0.012104787935009171
0.0061531004804950525
0.005791635715242024
0.005799805473469259
