0.04432832836551208
0.04432832836551208
0.044335381181837254
0.044346864643723366
0.04433530054374557
0.04432172480852402
0.044324081244294655
0.04431294570084158
0.0440852719353408
0.043260464911015005
0.030788652645190685
0.029441776540371323
0.029126496700885292
0.031236661034063574
0.02981573420102069
0.02739318115787901
0.02655339487170818
0.025882865825688085
0.024058951927547784
0.023850260283045724
0.02404210300053471
0.024571223956069404
0.02454913597636521
0.025083757657079066
0.02576945181371025
0.026162841835032383
0.026054181604223226
0.026454141261241636
0.02677465317664917
0.02857584090656156
0.029143660115693307
0.030137876249685516
0.018313859444462788
0.013717149176644395
0.011720179234178469
0.010084698214624594
0.009736099381635912
0.008817113660471
0.00823859561854063
0.007490502302713572
0.005936802501244442
0.006059451073364659
0.006087127236702289
0.006030406086329939
0.006190204488723572
0.005911083457730039
0.006982651350478546
