0.042362021555393474
0.042362021555393474
0.042364327862202865
0.042377736058722706
0.042359707166623684
0.04233692824706969
0.04229760492670529
0.04229076071760728
0.04135131087780854
0.03881780949421949
0.037738155228328775
0.036833312246035955
0.035337416401772764
0.03351297285906992
0.03149408918919101
0.027404431882952964
0.025969370283673337
0.026470185561472053
0.026971897536770564
0.026399463166769773
0.02572623647902624
0.025781819843354953
0.025169372273201974
0.025180022159926388
0.02533497975186989
0.02567944857287863
0.02528895440470684
0.02418448476036275
0.021018348214530032
0.014045107034783896
0.011489439054845757
0.011656521633434742
0.010366588872849927
0.010123492376301228
0.01038701007186816
0.009955110824972796
0.00932971771348831
0.008485604392636802
0.006510534950654496
0.005626719405535412
0.004892764267893387
0.004857989921990032
0.0049248056196517535
0.005035777821606994
0.004999372501961979
0.004970140947976955
0.004554624241176581
0.0029138021154436517
0.0027434562349548434
0.0027684240949850643
0.0028219260215704284
0.0030600686415925907
0.003152859562520791
0.0035667333748656874
