0.041790408083364164
0.03903251812094727
0.035305231051972315
0.035822551015569006
0.03460461363941034
0.03453170213397441
0.03537668737064503
0.035913338239244
0.03531994077588071
0.03478942046758675
0.0341100839642831
0.0340467748542554
0.03400895356575267
0.0338154647588526
0.032992132857980146
0.032329527835105225
0.02866917646102171
0.02359526430496489
0.02525522273753719
0.023078168524424587
0.021465302387648825
0.021404834135856497
0.021869154510083314
0.021979413858711355
0.022288118148681608
0.022293640877578024
0.022373877100566906
0.022464076060154718
0.02276104366646248
0.02332378721437807
0.02372593187316575
0.02329400987925273
0.023575847292306745
0.026354159766053813
0.024151750578271975
0.022780651161579065
0.02197604431864132
0.019848377095020624
0.016663263527667952
0.013896208239796457
0.011595177209253004
0.011232862274549275
0.010743099274614896
0.00987893296224327
0.009245177005152433
0.009256121974131927
0.009109182816681391
0.008706324883529357
0.008901851116870581
0.006903233330923002
0.004919231705500431
0.004467092649545863
0.0043330641172393
0.004005741243172453
0.004060138601465886
