0.04231556362929722
0.041551056424038724
0.03992753614505644
0.039000531471867474
0.035455342407743076
0.036192817536510255
0.035940742191947074
0.035683567064182374
0.035853676951738224
0.036243622232550086
0.034487562647089506
0.03314198870055648
0.030190962998072966
0.026668997477759686
0.01672205324185397
0.014913924445636592
0.015152833436759078
0.01697393002159093
0.016645002303598472
0.01572909017668706
0.015874852587831216
0.015048862249021978
0.014679764043202377
0.014474249911435933
0.014657277731426034
0.014644329154130054
0.01449718703110091
0.015042075236850323
0.015237682910192119
0.015388974679996554
0.015131176896364092
0.01431781996582905
0.013348367118500674
0.01312981728580239
0.013116366634067922
0.012846848231299111
0.011454034226331114
0.009881666821998826
0.008792333018455245
0.008148511287821585
0.008219032935050417
0.008292265546885875
0.008342417781393439
0.007998740284786449
0.007828341376517393
0.00761992687528273
0.00739108443848059
0.006838454860409488
0.005702831730019871
0.004746238610583481
0.003750860011917419
0.003427267201062131
