0.04244759959869751
0.04244759959869751
0.04245442248979341
0.042465152762708805
0.04244752987641059
0.04240623835055646
0.04243983255259039
0.04198685349684385
0.03840568605805726
0.03485607399695175
0.03466699450560624
0.03461969544637831
0.03461350006124384
0.03425131685251022
0.03277194297641916
0.026075174041834313
0.020988457166971185
0.020165761010030953
0.02177246523261221
0.020360457795974136
0.02123125591429635
0.019969766801412363
0.020359020869554892
0.01921827320873694
0.01885008064987955
0.019654762562546127
0.01992545910039184
0.01985070302889684
0.019915582260053192
0.01970758418495044
0.01685927832081771
0.013204470237876782
0.010824785692672608
0.010249673384236834
0.009831756991070431
0.008640472386355381
0.007470471707033159
0.006827741102596766
0.006704535096485876
0.0065497316798932064
0.006213437827195732
0.006214233982130317
0.00607090742574073
0.0061841369227906675
0.005887024781617303
0.004170619285778475
0.00327264292487233
0.003093398681102835
0.0033043370847902188
0.0041302875566114105
