0.057113040499953124
0.05650004553790633
0.05611289731955259
0.055696185915651904
0.055134608209677104
0.05446858268106497
0.05374724523784619
0.05297914727462823
0.05208880389841777
0.0510819766498741
0.05014858490232395
0.049349487482162425
0.04872701604471085
0.04806645848702535
0.04730464739754728
0.0463926936442301
0.04540165359563466
0.04457700692576798
0.04395090550650616
0.0430965661264696
0.04146499986289409
0.03937101570931843
0.03773780153537451
0.03685804619128053
0.03647099653929172
0.03629228596202248
0.036210181398200425
0.036170389246541444
0.036153704410755015
0.036131639965389366
0.03604357356297225
0.03574350113319074
0.03513097715033391
0.03442872358867213
0.03395841440836667
0.0337294168519794
0.03365109457993394
0.03362555713286886
0.033614409423525414
0.033613028849731476
0.03361204889235343
0.03360462239178385
0.03360051831411974
0.033592515453778
0.033589794101695145
0.03358967190105073
0.03358821659832939
0.03357336641289558
0.03356221564660953
0.033495259798048835
0.03332216442425925
0.033286592888750056
0.03328572359715916
0.03328567168325502
0.03328558042719793
0.03328551047039318
0.03328546905348951
0.03328532377999607
0.03328519451193842
0.0332848718108011
0.033283322367704295
0.033280590297074496
0.03327274139023384
0.033260350978041336
0.03321583807087097
0.03294129075226705
0.03264074549411817
0.03209481183569304
0.030238319742928278
0.0268796449254137
0.024158287693581658
0.02297894914094345
0.022562393203201872
0.022442095983737934
0.022381475788149075
0.022316109344591772
0.02220914570118779
0.02204930422960363
0.02187349872325919
0.021743597557432836
0.021672157827106943
0.0216415027808088
0.021622411106829782
0.021614611175646982
0.021610184092957566
0.021608467726190742
0.021606574913524256
0.021604985683578052
0.021602459548739274
0.021597469693189864
0.02158971878417219
0.021581829332231767
0.02157625498621765
0.021568435428358197
0.02151127811273717
0.021214414925641224
0.020642537359841888
0.0202121725015485
0.019930837135017213
0.019602336635269738
0.01918091571785943
0.018802066271424833
0.01847162636299804
0.01819506805565517
0.017936641412529025
0.017706120829227845
0.017563584554585152
0.017512805013739488
0.017509640687279556
0.01748680891180646
0.017282896135826488
0.016282748978085286
0.014356802144600032
0.013451370753455521
0.01331800017706185
0.01306341484282196
0.012841004284199726
0.012773374661930388
0.012740561278620855
0.012739578246337487
0.012738554642723538
0.012714982873094138
0.012698113838142299
0.012695150404761626
0.01269527659501601
0.012695142498287335
0.012695158567975364
0.012695148745467622
0.012695163496920125
0.012695169511743404
0.012695212265584852
0.0126952005842667
0.012695195144477502
0.012695200898414447
0.012695201970957838
0.012695218608851257
0.012695227057576147
0.012695385837814526
0.012694883126270162
0.01269487857547987
0.01269502413684295
0.012693409876328337
0.012690168776764293
0.012683912187404726
0.01266342411794778
0.012635929669968371
0.012598786644009829
0.012542371956823825
0.012527775509827015
0.012525160899487017
0.012525208142472682
0.012520213533956862
0.012515025984742578
0.01250412553526695
0.012487435614266866
0.012467711221430805
0.012450804130347834
0.012427936011723435
0.012402011091827371
0.01237993391640432
0.01236941021097305
0.012366331658217976
0.01236614866547389
0.012366113542483825
0.01236601218068414
0.012366041234644775
0.012366031238767557
0.012366029730402827
0.012366028868677508
0.012366034273470872
0.012366027786626996
0.01236603220608593
0.012366029263341734
0.012366028062158824
0.012366030813312685
0.012366027092139397
0.012366026674340612
0.012366027964506846
0.01236602702070543
0.012366030440458869
0.012366091639524554
0.012365870148820226
0.012361084716890238
0.012356208765152355
0.01229653852015547
0.011931434845848595
0.011247081737936303
0.010384740128624038
0.009469876598485982
0.008473823202165238
