0.05996483763615569
0.05995476760565457
0.059934130419064785
0.059886186216790406
0.05974144052930054
0.059392563923942716
0.05866106697758827
0.05764704153769162
0.0567100482126221
0.05600272507787032
0.05541619140449687
0.05475394612572651
0.053989461529290995
0.05319565665456083
0.05245662334814977
0.05179653240332632
0.051231608759680164
0.050821134077787426
0.05055883794295185
0.050417632374962155
0.050355213291395216
0.050331898015447206
0.05032233947434462
0.050313500705265725
0.0503019282126089
0.050295391271817
0.050287797624962584
0.05027696946568986
0.05025411933560155
0.05020672504982567
0.050111428195064034
0.05001227538316597
0.04995782746895831
0.04993536759452205
0.04992445680417184
0.04991674490131105
0.049912771990994906
0.04991016027838156
0.04990868834531869
0.049907673511064274
0.049906953292227746
0.04990639291548682
0.04990565035660746
0.04990601987962264
0.04990581020333605
0.049895668098049635
0.04928629297381464
0.04715270574444562
0.04539137812178678
0.04415865733817858
0.04304358037731421
0.042146184206414285
0.041557779736260826
0.041133499316968365
0.04080430213962196
0.04033776289068404
0.03953849358742107
0.03834272116629921
0.037024481806825334
0.035882776612333966
0.034933378643307006
0.03418351822619203
0.033648038787957885
0.033308066415871716
0.033091682714122606
0.03295763051591909
0.03287577931226687
0.032822745350362705
0.032779092132492055
0.032747608375500635
0.03272326017464447
0.03270937759022698
0.03270333871906086
0.03269988381205415
0.0326984241847891
0.0326984806681875
0.03269850063006498
0.03269848151228447
0.03269849623974883
0.03269848017114617
0.03269844696893521
0.0326984525516298
0.03269845427779033
0.032698399792156344
0.032695495183161644
0.032681867235166376
0.0326587696471901
0.032651193741193615
0.03264739699824124
0.03264244168618218
0.0326176393051841
0.03259747155442334
0.03256727013749409
0.03252314831485585
0.03247255250741482
0.032420702480705804
0.032381055267974794
0.032347578750212186
0.032312969547740905
0.03225760916050683
0.03218149720108442
0.03206911434519731
0.03197888968733195
0.031888358019241336
0.031832825663088676
0.03182303723234342
0.03153826692577844
0.029504988569677378
0.02743137442368487
0.026522876696254156
0.02592830492962743
0.025267305106326216
0.024771874177867304
0.024512151211736825
0.024407632723936812
0.024359060560945556
0.02433706081489727
0.02432959746640091
0.024329177497984956
0.0243291357277857
0.024325860262961567
0.024317428726725047
0.02430376760428829
0.02427268019499407
0.024218300496339145
0.02413809352665831
0.024054352100824943
0.023976147095299074
0.02391214996923932
0.02384424919960967
0.023768610840042902
0.023715613702577815
0.023690283042988262
0.02367667704049922
0.023672388698431298
0.02366954651985224
0.02365479641905175
0.023607396904833454
0.023542792690131098
0.023483034735032722
0.023439245479719997
0.023412795416018206
0.023393416734262186
0.023372428407608316
0.023348703967041272
0.02333735477003114
0.023332178681094478
0.02332879843358663
0.02332360420441624
0.02332060728303218
0.023317967929444773
0.02331733025551936
0.023315796339262455
0.023314547235824913
0.023313579058077502
0.023312890242241587
0.023312290310910942
0.023312167106183595
0.023311895982694106
0.023311693724421188
0.023311513035401712
0.023311381756967776
0.023311222114007036
0.023309837725744718
0.02327952875583755
0.023268598915648368
0.023237768732437294
0.022852976063527927
0.021497725834953137
0.01965658501026729
0.018395719381992554
0.0178416596837337
0.017622114085417945
0.01755362998357494
0.01751837548313404
0.017486310561747733
0.017414465222064045
0.017263934198501873
0.01694636985774408
0.016430469338683508
0.015819261381110453
0.015298247137325617
0.014971182145819112
0.014790340723503242
0.01470846761873394
0.014659790067682622
0.014586303565994635
0.014407264420295746
0.013926995876826609
0.01298954892746163
0.011547111498451444
0.00995979156286616
0.008567966620323667
0.0076924562356412785
0.007176756053169868
0.006912077689961448
0.006779501271249451
0.006665181280934999
0.006528056295219473
0.006367086942748642
0.006279208232622813
0.006269347611917039
0.006264824103714726
0.0062643167420049686
0.006255984237441888
0.006248010973776781
0.006246193652324557
0.006244264604580496
0.006239074550839333
0.006231855137448976
0.006227530841700691
0.006225619761757361
0.006224676530810686
0.00622488808747694
0.006224851360094804
0.006224811957248469
0.006224726752524957
0.006224389879876728
0.006224641426198555
0.006221862216762671
0.00621580010642121
0.006210062849970246
0.00620761143711733
0.0062074425463198935
0.00620742615009492
0.006207241014741186
0.00620461274473884
0.006202344402804031
0.006198438015798919
0.006186770176715093
0.006168577461831063
0.006145907133591682
0.00612724561810575
0.006092891452097412
0.005970344118918042
0.005656204176804982
0.005013572881179529
