0.0525216067439642
0.05176482105098237
0.051417672170936124
0.05118928214466645
0.051006484085047696
0.050891829507086
0.05082766343737481
0.05078148095570124
0.05074421898539288
0.05071755682308992
0.050704259054819865
0.05069270415153422
0.050681622033837435
0.05067426881673573
0.05067420812470513
0.05067228367816843
0.05066482402362656
0.050645121684769055
0.05059382876259613
0.05050706480332569
0.050449209058774924
0.05043316297690349
0.050425973550171234
0.050410999252260336
0.05040270112818839
0.050400924386294496
0.05040048746767734
0.05040051747691984
0.0504005459732339
0.050400574421274706
0.050400573033745934
0.05040050645420031
0.05040035227747406
0.05040007306125581
0.05039987426876147
0.050398686027913774
0.05039744240886439
0.0503966526088792
0.05039658913031881
0.0503965842745447
0.05039656506480649
0.0503966078115905
0.05039656826969772
0.05039646885543008
0.05039650832090932
0.050396413359370125
0.050396438051481716
0.05039555029264655
0.05039234656619835
0.05038665101764201
0.050385038582214534
0.05038444996402067
0.050384320450457425
0.050380399882485556
0.05029446888801692
0.05004332513458231
0.04986679976120306
0.049816921561370416
0.049811969645117714
0.04981088959067646
0.049809949616089984
0.04980878610417076
0.049808413859967815
0.04980760836569682
0.04979068041451096
0.04965074450465157
0.04895659886436878
0.04745688101260164
0.04569424163923269
0.04451668801974376
0.043935652317022435
0.04369451275997987
0.04358392208065952
0.043536442528139305
0.04350025239975042
0.04348057557496098
0.043455153054240095
0.043398653810857994
0.04325538377969968
0.04298900379745376
0.042467198375267655
0.04155288580592283
0.040537348931271304
0.03983915887257528
0.03945314891807566
0.03927923749385802
0.039185813230022466
0.03912206673721331
0.039071083993045985
0.0390100784707487
0.038921830408604495
0.038787405903927694
0.03846421283221382
0.037603133096949334
0.03650531183575293
0.03557262220530078
0.034706213435917246
0.03356379706394969
0.03208119905015596
0.030486938904134443
0.029126438837442946
0.028142081494683068
0.027346506357807193
0.02657056804753686
0.02576338531975297
0.025062028387469463
0.024568998458360716
0.024237606299476556
0.023982328167573085
0.02379357716795042
0.0236923645330303
0.023641130006296276
0.023616670055011592
0.023607046531507803
0.023604007316187833
0.02360242538579257
0.0236004844768048
0.02359072100431177
0.02356532983901961
0.0235378988199024
0.023523677654289657
0.023518442292136992
0.023517128697813406
0.023516540040787303
0.023516313539060293
0.02351623913311703
0.023516241433902966
0.023516132059252882
0.023516089927855012
0.023516062926753303
0.023516069214605317
0.023515907533287972
0.02351514464622856
0.023514012253509065
0.02351324671975301
0.023512603256583085
0.02351222825689058
0.023511735589697286
0.023510924741729177
0.023509556831990967
0.023507332570497114
0.023504408797292035
0.02350176434574699
0.02350123931154162
0.023500726385667227
0.02350066754904716
0.02350040746942278
0.023500293305246146
0.023495924672109772
0.023486962354921502
0.023463797679920163
0.02344068564901257
0.023421305827210626
0.023409590630887392
0.023398879045379725
0.023389440327400896
0.02337301143959235
0.023351382424291828
0.023335793129431282
0.02332862746468219
0.023324078029716224
0.02300428013332647
0.020669712420038754
