0.05388853616252843
0.05325304801146007
0.052834313804084675
0.05235566371526223
0.05173382577148957
0.05113757364900278
0.05073737787101823
0.05050112178952468
0.0502887521242783
0.04998166076554454
0.04956597962621553
0.04906393552266588
0.048558792112469946
0.04797877817325003
0.047318487000441445
0.04661975844647033
0.046025000068218934
0.045687378607324566
0.04555499681791923
0.04549620949173934
0.04546200672071068
0.04541296209930292
0.04526031101715536
0.044934940837763664
0.044523065516115325
0.044158482355278326
0.04386995780159754
0.043707829817385635
0.04361131624154922
0.04357660781351171
0.04355800311331423
0.04351924049249508
0.043455079027065954
0.04336428812744478
0.043213580352995454
0.04300803592755045
0.04288290166105221
0.04282239253510837
0.042517585975391674
0.0414366032085999
0.03986898822345394
0.03827430850366801
0.03690403809199405
0.036079868555966184
0.03571684680068605
0.035546538808504384
0.03547693232082644
0.03542843459460933
0.03538100317144483
0.03532204658212228
0.03526311988803669
0.0352253984231857
0.035205227017819696
0.03516178195232414
0.035088682694474085
0.03499636476258775
0.03491854143454082
0.034851050985556076
0.03480772398049175
0.03478064099699263
0.0347586718607151
0.03474565798969985
0.03471997989390352
0.034594379405005066
0.03420249631325629
0.033320542166533434
0.031748297484080784
0.029979310489603977
0.02900942472802532
0.02886222205583728
0.0288569538735987
0.02883715362856327
0.028781960300048606
0.028721402752126594
0.02856459600842334
0.027141764364471927
0.025383398005543168
0.02458618099924427
0.02437892826656688
0.024332359120914925
0.02432747128160488
0.024324781730673498
0.024321100641402565
0.02431704526669104
0.02431648488319515
0.02431476784405684
0.02431181163813893
0.024307389622472576
0.024281627023418982
0.02415486432232478
0.0239575460806114
0.023860807577767776
0.023833283214717886
0.023767232530052137
0.023566664268205858
0.02333521072131999
0.023182878589585707
0.02310811983629627
0.02307250263081912
0.023062070099958223
0.023050734028170344
0.023033004443795017
0.022991850920079056
0.022931150432638242
0.022863399633279442
0.02276115654598908
0.02258638165012589
0.022533338225118257
0.022528929148626177
0.022512038280785997
0.02248249415888001
0.02223711045759008
0.02095921482398505
0.01986597200779263
0.01954845539444367
0.019511148682872705
0.019508918033225943
0.0195088330138382
0.019508765891521604
0.019508770940970737
0.019508758080858564
0.019508751817448055
0.019508746095678476
0.01950872410317844
0.019508730140356107
0.0195087184720308
0.019508738930700834
0.019508741852325526
0.01950904570544882
0.019508415425102035
0.019507987504992677
0.019503649495363134
0.01949701290909167
0.019493705192689833
0.01949198689986614
0.019491758905761034
0.019491723219350218
0.019491710200246655
0.01949165082730299
0.019492432097202195
0.01946569211537736
0.01926718095958721
0.018701383553928037
0.01759242647829936
0.015997094821360507
0.014198579906742007
