0.056974198221212545
0.05693846739074951
0.05689811068405647
0.05683349402038804
0.05669838675652477
0.056475031246919945
0.05616643963063292
0.055844734796119073
0.055514746162906234
0.05495256342374079
0.05419393810082855
0.053619790283265724
0.05335306339773561
0.05325386221968015
0.053218367199593795
0.05320351535036788
0.05318747410855656
0.05315547921043835
0.053072987915834445
0.05289280173544811
0.05258177711939651
0.05220442959046762
0.05188642273338661
0.05166585888728396
0.05148860542049863
0.0512958593029615
0.051046491395819474
0.050812135074006205
0.05059572672338809
0.050401916331580504
0.05022583936502353
0.05009284066675325
0.050009432774149654
0.04996051138251328
0.04993240887166175
0.04990099350213047
0.049845006515441624
0.049690287387582396
0.049380208761215384
0.048916654088669895
0.04839397984847415
0.047632368466866734
0.04647936764129453
0.04544017757037982
0.04479510218127843
0.044491270895561735
0.04431729724373959
0.04415519805165648
0.04405339139355445
0.044004962136134786
0.04398616477108666
0.04398092113474578
0.04398064171806961
0.04398078994007734
0.04397868425540934
0.04395858873636579
0.04390058862826288
0.04380668696421701
0.04367741980328094
0.04356389362999154
0.04350419760424485
0.043484599544748585
0.04347967847221747
0.04347880214097837
0.04347875198587758
0.043478829631925946
0.04347876477551126
0.04347873416598488
0.04347827596008046
0.04347734433055672
0.04347331377513732
0.043461820783193175
0.04343163359556627
0.04340935724086679
0.043406397398617236
0.04339843683734829
0.043387517484105895
0.04314063710783177
0.041625830545317405
0.03982431818036738
0.03833623824092195
0.037349417875265564
0.03676009875203148
0.036360393190635915
0.036095381714961954
0.035875815507289396
0.035738182932977876
0.035681316880471464
0.03566125165589022
0.035656911871168144
0.03565673245361293
0.03565688395985309
0.03565544860864276
0.035655158946059445
0.03565444246656369
0.0356519576762412
0.0356447452434642
0.03561911472449813
0.035537867680170164
0.035334050986887765
0.034897996256205155
0.034033569501348664
0.03274547669012809
0.03130561833171793
0.030249751072329502
0.02960393241221984
0.029289471661286245
0.029139430299539134
0.02906416265150742
0.02899091178679727
0.028841767144621583
0.028628121679103356
0.028413057605713
0.02824697281947303
0.028150143962405002
0.028130491249571198
0.028114719762687007
0.027647640797454874
0.02744687535119671
0.02711935134804097
0.026325142295742555
0.024223888427445946
0.02148172344186809
0.019271310314746173
0.017949130713968482
0.017240002777700828
0.016868760962745064
0.01666559924272062
0.01654634925376355
0.016478783028425616
0.01643870846860406
0.016418447002879477
0.016408136398197527
0.016401130583849344
0.016397635831643987
0.016392428014083305
0.01637026476201303
0.016282242037619098
0.016031679413537645
0.015560908126536384
0.014920226923385113
0.014322242960738363
0.014151765876457162
0.014145700058778037
0.01400078591370948
0.013072075998633604
0.0113875906594968
