0.0543025026967977
0.05381191884431044
0.05349162569980465
0.053129412468120085
0.052646002142386975
0.05215488796636991
0.05181547449452373
0.0516500282203275
0.05157375829336032
0.05152914936137552
0.05150555445253824
0.051487799242323454
0.05147401930956772
0.0514400878713315
0.051360212680981544
0.05116775382897706
0.050732841111836374
0.049834048979978535
0.04817648437697051
0.04608374376219919
0.04468251479247559
0.044108887439305335
0.043875896898817573
0.043749980500880095
0.04360563959329013
0.043392948199104324
0.04310416279493793
0.04284644856470882
0.04262599860801938
0.04252235811852459
0.04250297555427791
0.04250057352378455
0.04248872156562366
0.042486589933250836
0.04248419640411049
0.042441610541587294
0.04232649490576152
0.04211601599102666
0.041858945396624964
0.04141342458735805
0.04046068644163301
0.03917746624967851
0.038021167568862986
0.0372608199997371
0.03683580476518732
0.03649528454747074
0.03617699604536299
0.035863596330853544
0.03560078947853475
0.035420429717779936
0.03529199102239705
0.03513891544716725
0.03498036309993676
0.03489617202972809
0.03487382119576125
0.034869050209915736
0.03486813932655865
0.03486787632204164
0.03486784154324242
0.03486767430463166
0.034867173737462655
0.03486376770378906
0.0348555623086305
0.03484500718568356
0.03483199694322988
0.03457968794848077
0.034076598701484634
0.033852441218472605
0.03338251246327789
0.032395337866623436
0.031057912884052588
0.030110851447304115
0.029483416043795334
0.029142779038674616
0.028945206719331554
0.02883195259921787
0.02875858401038969
0.028666962419148727
0.02852969256739506
0.028379873328926185
0.02828951065658765
0.028257806724514074
0.02824807136624251
0.02824457851794346
0.02824261572955685
0.028241627831081806
0.02824114506893721
0.028240429526551276
0.02823976543273801
0.028238759216118785
0.028237005175767518
0.02823556540223884
0.02822713489362142
0.028200915872275245
0.028168578940629255
0.028164785501849362
0.02816326399296506
0.028163188259715297
0.028162466807964037
0.028160382945325836
0.028154219746788986
0.028153436837710315
0.02815343800012237
0.028153438056857858
0.028153437273321983
0.028153437778024343
0.02815343854180789
0.02815343966792868
0.028153436736685647
0.028153431608866013
0.02815342943813665
0.028153419346360134
0.02815337658592049
0.02815305412970016
0.028151768976601103
0.028151232730170075
0.028146415627055884
0.02814391608185394
0.028107712400622997
0.028078662866630154
0.028033409113275235
0.02800286762070896
0.027547736283275205
0.023853126258898648
0.0189197666817588
0.016455669266704945
0.015978554033193464
0.01592430010019626
0.0159194874501316
0.015919390470303003
0.01591945922761688
0.015919360987125923
0.01591935511998835
0.015919559139653996
0.015919264931563377
0.015915828324822353
0.015897614233960695
0.01584817563465517
0.01572720100680647
0.015567485880908427
0.01537603469022513
0.015156249867696406
0.014944345876002749
0.014773923191224113
0.014542254341821693
0.014168260649590128
0.013686002662152558
0.013237225540627017
0.013031397429242354
0.012953083887942137
0.01293930207194184
0.012939487394002714
0.01291219439472471
0.012732344246071357
0.012568019837893222
0.012459815449333798
0.01191151269715075
0.010906806387805265
0.010073400527460745
0.009446545937271589
0.009014828324911739
0.008713489465087222
0.00853744618250531
0.008483029230092582
0.008480935352335761
0.008479268244613574
0.008479170636282445
0.008478162916290501
0.008477792579173403
0.008476138329489959
0.008474741217321913
0.008469809587374907
0.008463647760564094
0.00845561833361514
0.008452862359582992
0.008445376714756744
0.008431499308150653
0.008402578968264707
0.008360719868901812
0.008295396872233948
0.008242721948982634
0.008207994748652664
0.008190772905637146
0.008177589248782905
0.00816571872293254
0.008159284354678695
0.008145079946626924
0.00811610111423366
0.00808114685654255
0.008069626358380115
0.008065062216767196
0.00806126226275693
0.00804669161973634
0.008018338742160997
0.008018492788179354
0.008017229130519438
0.008016764592128732
0.008016662279648788
0.008016672710684777
0.0080166706645077
0.008016672032342624
0.00801667595079655
0.008016676758941316
0.00801667534485809
0.008016667232740828
0.008016673050711414
0.008016658507016647
0.008016660485092076
0.008016666039439008
0.008016663957389068
0.008016647315028512
0.008016686861068649
0.008016682613837787
0.008016730542806383
0.008016748032835646
0.008016738751883025
0.00801672475241216
0.008016715656876746
0.00801671228093864
0.008016715055185
0.008016712759254438
0.008016698037239726
0.008016606707988035
0.008016818111031554
0.008017625704426472
0.008010651977985584
0.007973917340339205
0.007966864053951257
0.007963966527463881
0.007954560463567677
0.007944030280907937
0.007942723699055038
0.00789234219504831
0.007801423484338853
0.0076429395872112645
0.0075047014691509185
0.007444578460987839
0.007418323596418986
0.00737370137820541
0.007234370598782298
0.0069053997490305516
0.006561321419850969
0.0064322019044037474
0.006417238087664308
0.006416945250241795
0.006416166943394135
0.006416142895257251
0.006416181276518097
0.006416201783724949
0.006416179640475398
0.006416193161703087
0.006416198161012984
0.006416202220503254
0.006416211946914865
0.006416204857383269
0.006416191494630262
0.006416196427213031
0.006416198798738494
0.006416196738860878
0.006415302281333274
0.006414468737144405
0.006414376948990727
0.006413773341360632
0.006413928740633381
0.006397710697193763
0.006211814389888766
