0.05577544498897692
0.055521125159554735
0.055280021931855154
0.05486228402421031
0.05404320485005712
0.05286797642418634
0.05172965976531296
0.051126517364040676
0.05092212092965854
0.05084859296832574
0.050814878625489106
0.05079501517680818
0.05078291660220794
0.05077397533166514
0.05076480692632232
0.05075932073010458
0.05075080187491047
0.050725362440871856
0.050661734561964294
0.05059303414603965
0.05055247211507661
0.05053090223941675
0.05051653512597428
0.05050721082446444
0.05050231103830779
0.05049947605938903
0.0504947891200691
0.05049078234687938
0.05048941541223154
0.05048618679197463
0.050463102493492645
0.05036231326315391
0.05002414286265956
0.049243211878095966
0.04808130403342775
0.04678626180593591
0.04557718561501068
0.04440701215942793
0.04332535832293538
0.04240024324253427
0.04169158254004396
0.04102331326974039
0.040139609148978496
0.039087957557623586
0.037936704284965185
0.03711494367027787
0.03683684473412335
0.036799526746788526
0.03680225008677887
0.036794560368344345
0.03634800349839011
0.0358075898677859
0.0356844023860982
0.035672378117454454
0.03567179563515314
0.035671791547109755
0.035671741130537
0.035671666647921436
0.03567166063266052
0.03567166025945064
0.035671616670936594
0.03567022689997216
0.03566380937187734
0.03564609035297923
0.035621526341798666
0.03561501346631351
0.03559223666216336
0.03544911252804821
0.03503245350493556
0.03439764597685119
0.03365941504697918
0.03294702210598386
0.032158847763845054
0.031440134523404696
0.030779528767294916
0.029859189758611102
0.028527736504224174
0.02721244231974944
0.02635795850183567
0.02597725612425999
0.025848551487315637
0.025817981829705412
0.02579667163831845
0.025789409831806782
0.02578328656977424
0.025781967630370235
0.025779749718227433
0.02577970847445793
0.0257798044317495
0.025777671397198724
0.025761732493960188
0.02573663117858795
0.02572127694452212
0.025682829369717736
0.025636746803762055
0.025617666031824762
0.025613922529271492
0.025613264279312705
0.025613293032601212
0.02561345586004325
0.025613588078746453
0.02561365587048318
0.02561319500995546
0.02560985118981493
0.025593737775386618
0.02557249500593848
0.025562321019945246
0.025552736835067764
0.025455622557164694
0.024887322388287576
0.02338979153759966
0.021111917264279703
0.018941004714984742
0.017378634523515377
0.016362213319582607
0.01571573793632598
0.015119218367917981
0.014380398921404228
0.013535994431941915
0.012559619290110263
0.0116052556296699
0.010732884876340727
0.010033462805081179
0.009544208869123315
0.009236227961943415
0.009099836689824968
0.009060819211544896
0.009051193108474395
0.009050906649752046
0.009050856051827505
0.009049464867005733
0.009049287271018707
0.009048547193716014
0.009048155927919325
0.009047761781665855
0.009047275320528203
0.009046784327123488
0.009046575975723442
0.009021552418691394
0.00889546692229961
0.008670640249707358
0.008566591582459936
0.008517377882732957
0.008494391831812161
0.008480743151400778
0.008477049777580592
0.008469962249260658
0.00846580632267505
0.008460369343762009
0.008451122007157983
0.008427159260582755
0.008390327644781348
0.00831454768306048
0.00816508782040181
0.007946376876031233
0.007787193427891726
0.007724154766080889
0.007702610040996935
0.007696689791224107
0.00769515771005981
0.0076951197307326006
0.007694627076678986
0.007667888985883951
0.0075229412892384925
0.007430757669789007
0.007333528031072365
0.007246340472158469
0.007213036324186905
0.0071720916286534915
0.007135829544275449
0.007109283446093368
0.007086725673397714
0.007060832359605288
0.007041550917058273
0.007018109101936141
0.006982513002182126
0.00690651201652471
0.006793020471122315
0.006766567679741361
0.006766409276879949
0.0067087261230838
0.006661806282913312
0.0066619770545265225
0.0066618247071653204
0.006661475570004412
0.006658149741953199
0.006645075091341198
0.006639574217800558
0.006639431632129088
0.006639237517376428
0.006639275660700333
0.006639334710316719
0.006639271235943024
0.006639299745027516
0.006639316475702148
0.006639258631335576
0.006639207447416116
0.006639124343205883
0.006639198849458528
0.006639048896403746
0.006638951292168155
0.006638734887677792
0.006638476768916533
0.0066382299236063145
0.006637780967363117
0.006638032865402683
0.006638001026430173
0.006637021368103571
0.006634136221413801
0.006634355706310117
0.006634196385662449
0.006634093661561006
0.006633981036920511
0.006633541367823781
0.006633597013556196
0.006633046225586872
0.006632944901312669
0.006621309258506714
0.006542237291187591
0.006263962602242451
