0.05666514916392162
0.05665461530799992
0.05663481418788399
0.056598607259844176
0.05650661019687261
0.056326237238960894
0.056020450934059295
0.055588764079324955
0.05490247688165358
0.05381620621875104
0.05261302789916476
0.05164646481362116
0.05104549229242459
0.05070270422998347
0.05050373531254558
0.05037687300321165
0.05023367569793199
0.05001932625874384
0.04973104611412282
0.049457106672548865
0.0492393157237131
0.04892319031752675
0.04835290850863081
0.04746411227550889
0.0464987580470094
0.04572639982005999
0.04513451939858038
0.04472005048833581
0.044397170177989116
0.04401644305042942
0.04347194091001912
0.04286286014192946
0.04244504492319517
0.042296529514572884
0.04226580813144155
0.04226333995298023
0.04226327057157217
0.042262858401015665
0.0422625756621677
0.04226249573524883
0.04226248824904185
0.04226247797208724
0.04226247646110883
0.042262486534951564
0.042262481948129975
0.04226248096032773
0.04226244523808035
0.04226248712402599
0.04225981934861337
0.04225723425044029
0.042198703109803164
0.04184885707851181
0.04163501549597338
0.04145591824702591
0.04126553772487072
0.040767106088651806
0.039895270159500396
0.03898729223444622
0.03834983160803275
0.03797201326281204
0.037647370966607925
0.03724733924769826
0.036774083480762575
0.03630795375905336
0.03591168115475529
0.035628496598865585
0.03540559712189633
0.03524711087685876
0.03515513078631679
0.03512121793853416
0.03510532295938167
0.0350972060714873
0.03508599893016824
0.0350769901402917
0.0350570929343508
0.03501381283063546
0.03495310083938845
0.034909204650242616
0.03484390925892115
0.03457059616646715
0.0338471288525173
0.03316223581603105
0.032962946621763266
0.03282176204106522
0.03198103201700773
0.02953198838546122
0.027257222333347902
0.02646232361765121
0.026326386217689613
0.026315168214714472
0.026312898880464685
0.0263113486379622
0.026311242314470167
0.026312000963772304
0.026312692573828848
0.026312917047898645
0.026312984077598526
0.02631095534681277
0.026287798938677814
0.02614903956367911
0.025529075960539712
0.024081794780630432
0.02204573643233206
0.02032097969509217
0.019317151919874685
0.01878602576617628
0.018486091576101548
0.0183194868332974
0.01823297196823826
0.01818726204713982
0.01816106388634701
0.018125431467777182
0.018064807727761905
0.017977390976577662
0.01788978871494709
0.017825390526783252
0.01778533951228343
0.017757884455129908
0.01773531457112775
0.017722572575254638
0.017711005798423045
0.0177048452918005
0.017701159843966745
0.017698010271477674
0.017694602998411392
0.01769278096472274
0.01769218931895781
0.017692042178113772
0.017692020610057955
0.017692007181786686
0.017691991614276724
0.017691986048756252
0.017691992154698025
0.017691991660841434
0.01769199152323904
0.017691988238221885
0.0176919961071901
0.017691992102545507
0.017692045876021113
0.01769179878940487
0.017688479821008206
0.01768514863475653
0.017682412058530682
0.01768010205481794
0.0176799097132552
0.01767985180249493
0.017537872163258073
0.01672860668048304
0.016162788350125565
0.016090755138551512
0.016061159894612827
0.016023957743983575
0.015993110852792647
0.01597855010472265
0.01596949414923317
0.015956802298046354
0.015946021434277237
0.015938839395331274
0.015936656447771477
0.015936693438079668
0.01593656317808674
0.015936542983261102
0.015902615694397233
0.015686541575876956
0.015405639456197271
0.015312024540772875
0.015301380050615015
0.015301236987839905
0.015301318080350786
0.015301269807463944
0.01530127433153595
0.015301242829370863
0.015301052960556854
0.015300576422579591
0.015299881456668251
0.015297076225729888
0.015289307155654162
0.015277349732034998
0.015274643156392919
0.015267760552878035
0.015124796271644524
0.014987253904652695
0.014963550687359868
0.014803849580339817
0.014233494020690511
0.013397852911611453
0.01267714519329273
0.012155626286960238
0.011827415387191124
0.011615633879439702
0.011470433480608831
0.011364701152531348
0.011213379300347425
0.01090094747845196
0.010392086279223448
0.00977399719241986
0.00919594937460853
0.008737885420434967
0.008424157588023208
0.008233716154131314
0.008143407950133678
0.00808797382621555
0.00796677543483488
0.007866467821551669
0.007855666422936966
0.00785551717354556
0.007854819804316428
0.00785369410463049
0.007851544085382346
0.0077953459655608365
0.007333067815037288
