0.05563306748911742
0.05540640975683144
0.055192069377694886
0.05482459665061039
0.054104829455969373
0.05305713601367631
0.052014832721913214
0.051269188832311796
0.05078732713994527
0.05045364031017013
0.050227345003095336
0.05004448425186704
0.04988956498329615
0.0497721213122839
0.049709458032604646
0.04966524092125201
0.0496244300810745
0.049595677317204157
0.04955013572714073
0.0494948522923878
0.04946727014369889
0.049451056329504764
0.049441720425860626
0.04943736557314187
0.049435661917104044
0.04943498614052221
0.04943447821095797
0.049434141056544485
0.049433978144317305
0.049433693057513634
0.049433384189686874
0.0494358155046271
0.04944074640708791
0.04943535939135701
0.049184406611072304
0.04806197554431975
0.046247331278414724
0.044298697271715835
0.042768435255434056
0.04177456901045678
0.04119516311498304
0.0408931859280454
0.04069115567178996
0.04049149557491633
0.04020249821951582
0.03964815379143719
0.03880291408736746
0.03785886257246661
0.03724320461450384
0.036993910764168914
0.03684622587161049
0.036774620228666406
0.0367516465066142
0.03673873590374307
0.03672872792752588
0.036720214308321474
0.03671391026941508
0.036710407463284654
0.0367090805142451
0.03670852565098068
0.036708289503384346
0.036708074528654884
0.03670630992775289
0.036694804067640883
0.03664437791521902
0.03652041204438995
0.036079511911845635
0.03528976076031982
0.0345585219431749
0.034067397339448725
0.03371935759772474
0.0335670793666249
0.03349504949396645
0.03345344522999887
0.03340301453689322
0.03332172327571818
0.033210829735691415
0.03309240750184375
0.03288327073054076
0.03229920116450995
0.030987381731392774
0.02936163722694406
0.02827545085584054
0.02782386727077538
0.02758961117393245
0.027425519841965874
0.027328386183487412
0.02728362468045813
0.027261481702566967
0.027250862650351152
0.027244733879593825
0.027239434283912182
0.02723176718549079
0.027213443895897596
0.027167526745469555
0.02710179532299934
0.02706070195535994
0.027046486247581547
0.027041358015261637
0.027040538490708553
0.027040207911952756
0.027040002204554735
0.027039908380644573
0.02703970462995596
0.027039424048479102
0.02703543523218193
0.027023800348820497
0.027003894657268657
0.02699373728547841
0.026992536371937024
0.026993239487747296
0.026974035614952797
0.026732195834964292
0.025473565651816084
0.023269332637644375
0.02097533035112244
0.01892311787448505
0.017471466642244828
0.0165245761276516
