0.0548131880723758
0.05442010413186359
0.05412560115935767
0.053734439559754266
0.053140115627705264
0.05249498497870817
0.05203272655994225
0.05178956183277899
0.051668103585679186
0.051591009638663934
0.051531963296043024
0.051463104873344614
0.05138733440294471
0.05130411283757479
0.05117346596338808
0.050897776485644204
0.05025442000295553
0.04897092436829887
0.047025117520129285
0.04519582831437997
0.044189525465464514
0.04361965944954609
0.042791563395193084
0.04159671618897503
0.04057248026956018
0.03993967659880302
0.039515976878121147
0.0392061753555741
0.03890688096819062
0.03863625583874489
0.038443583736252236
0.03834882967129321
0.038317665829963286
0.03831130694360036
0.03830802142656402
0.038307882990403046
0.03830865365990472
0.03830606873383746
0.038289423934193594
0.03823150825143728
0.03811153065253119
0.0379469602347486
0.03774235373156213
0.0375399924056841
0.037415969153457095
0.03735577923037805
0.03734439029442077
0.037343184329681055
0.037341512794333405
0.03733506542447349
0.03731970970873156
0.03730272279207436
0.03728314195659047
0.0372648631165002
0.03718871170445938
0.03667925202121476
0.036295019879295155
0.03614229382489793
0.03609954856403866
0.03608508764147862
0.03608326140988023
0.0360796873201272
0.03607316188744054
0.03606232227100257
0.035994079480508395
0.03579216658549956
0.0355378688439495
0.035370814926565936
0.03528511794453179
0.035251042085371956
0.03523753520038901
0.03523273113056042
0.03522956654982404
0.035227182852986684
0.03522678193875354
0.03522620010780548
0.03522583291446134
0.035225784138766106
0.035225765240303845
0.035225733370617275
0.03522570564939598
0.03522569711615703
0.035225671513857436
0.03522567295733248
0.0352256677044531
0.035225682036068136
0.03522568759180395
0.035225669446189524
0.035225568890168306
0.035225532785523726
0.03522559736943309
0.03522493796321922
0.035224904967976096
0.03522470236688087
0.035224687743193636
0.03522467196453702
0.03522063258031583
0.034961139181198295
0.03233762581634117
0.03021392385671652
0.028889640367867602
0.027904713903850832
0.02719402897247341
0.02674240765583736
0.02648491007717962
0.026300028369593473
0.02614089706548299
0.02595832370086752
0.025777481919955686
0.025648941657879763
0.02561186249103703
0.02560496222784616
0.025579036122352662
0.02543922318932477
0.02491057826030469
0.023509168428704496
0.021089430045912065
0.018423773891639662
0.016115021431114308
0.014624769540969957
0.013774846109279051
0.013168124716495682
0.012613790675603878
0.012073640272769533
0.011534005982609823
0.01096638169848496
0.010300183971719407
0.009887902265467046
0.009744259908970187
0.00969116418082244
0.009670959521920652
0.009666554609938278
0.009665365044285622
0.009665134351670579
0.009664715971833184
0.009663252716201168
0.009656874113309564
0.009635753616089012
0.009605207336943929
0.009590064064443274
0.009577227395879443
0.009569386294271464
0.009569171187773205
0.009568100365334757
0.009567894699980423
0.009524647160113475
0.009281807477932079
0.008990093396663238
0.008820231441801923
0.00875465974770334
0.00872586285829825
0.008713181503883874
0.008710658436206163
0.008709733926162287
0.008709682707131948
0.00870966884554732
0.008709628431288533
0.008709583213010564
0.00870958024562331
0.008709562118537054
0.00870957941980034
0.008709590529704873
0.00870958589026491
0.008709597187607995
0.008709146043320546
0.00870574356791003
0.008681336860674052
0.008660627135873187
0.00864895667771767
0.008648616296019708
0.008649737057068988
0.008648700382935182
0.008645852687350977
0.008577598676300889
0.00808949821850359
0.007525176720640256
0.007157047257653364
0.006829070352297742
0.006436264929002793
0.006189614191111751
0.006149863979708959
0.00614956687760074
0.006149578516211636
0.006149504089678525
0.006149101610332449
0.006149253692090215
0.0061483380858346325
0.006140753175458813
0.006138572682137744
0.006138166459565218
0.0061372480677941
0.006137053420825417
0.0061353724988554344
0.006134111170274458
0.0061300709296318355
0.006126864872013428
0.0061263552447504335
0.006126779367226016
0.006127030760902779
0.0061265392707246635
0.006126633908766968
0.006126589006317312
0.006126605061795128
0.006126589550224756
0.006126584106192339
0.006126589242911806
0.006126581455203928
0.006126576431809357
0.006126572729839096
0.006126566143323985
0.006126525029211347
0.006126569612586093
0.00612664042249734
0.006126742546794106
0.006126751087193433
0.006126335201025606
0.006122474317058885
0.006111414357785685
0.0060927761939097115
0.006075701400804014
0.0060561310739434245
0.006038783093537516
0.006025614851891904
0.00600699560431752
0.006002164197320372
0.006000319467454773
0.005957569796330911
0.005719935811824016
0.005609161705134189
0.005592887145383515
0.005523762267986915
0.005480379866826333
0.005460641919991824
0.005451770881162905
0.005450904138418548
0.005450872769440896
0.0054507828023334535
0.005450768913240596
0.005450764939094496
0.005450757274052452
0.005450770864569818
0.005450770902882253
0.005450756252112946
0.005450744581120159
0.00545094011066347
0.00545091485112692
0.005447038581374683
0.0054168943624309015
0.0053472872715570495
0.0053415357694871005
0.005339815486715557
0.00533960319671619
0.005340917132638245
0.005337306632188542
0.0053371630846176
0.005337120521883747
0.005337125130674839
0.005337112377045949
0.005337106913523873
0.005337104380889854
0.005337118197907961
0.005337109169853928
0.00533710619706516
0.0053371132690132545
0.005337107218191202
0.0053371153799774895
0.005319111866489532
0.005318928227301629
0.0053199980069806065
0.005320611840312992
0.005320060051981799
0.005319729529190453
0.0053201816715865696
0.005316337691527076
0.005322123830271549
0.0053219864891861845
0.005321949050726665
0.0053221144987866086
0.005318123012730265
0.005308396363333035
0.0053014956809863375
0.005296569520378612
0.005294431443470028
0.005293640850731384
0.005294875899145191
0.005297493804814061
0.005297146440720282
0.005292131974094013
0.005281395744694096
0.005261400602715515
0.0052230039819109115
0.005171185108778094
0.005139221943097035
0.005116117958151198
0.005102138619551063
0.0050858687712478715
0.005069974755868738
0.0050523535166833835
0.0050311113496973175
0.005003623206874396
0.004965268921908899
0.004922043380484377
0.0048641338736026335
0.0048065421634284015
0.004763958395539993
0.004741824326869013
0.004716761605560021
0.004677110936437315
0.004638218107181791
0.00461585332146426
0.004607561514612336
0.004606525182445844
0.004606628221860842
0.004602582652819609
0.004598924939249977
0.004585050728676179
0.00457270855970433
0.00456611768945144
0.004562244830581455
0.00456041925236408
0.004562200884786444
0.004563911787689642
0.004564265105632957
0.0045647501201877315
0.004534517393885095
0.004464524539948158
0.0044523875818176534
0.004449569564227735
0.00444634576857183
0.004430719103772433
0.004403903112022968
0.00439434461358693
0.004390332474668195
0.00438961399865301
0.004390065461274417
0.00439081611576765
0.00439117532551108
0.004391590805055838
0.004391585204192855
0.004390452527238714
0.004390009223495418
0.004389808955673435
0.004389294561518659
0.004388992654033371
0.004389774484089338
0.00439080371817246
0.004391027061368356
0.004388439699362081
0.0043865409324098815
0.0043855358460120255
0.004385213061969383
0.004386198250392198
0.0043708225845624765
