0.05962485451146066
0.059521243198219505
0.05940331109955243
0.059174037114314265
0.05865323597388304
0.05776498596702859
0.05669548202493479
0.05595342384446034
0.05560864716697879
0.055462497883614924
0.05540440981779553
0.05536648080198215
0.0553175460033394
0.05524378609461143
0.055147815241519765
0.0550792209408544
0.0550343355257086
0.05493433461701156
0.05463239187121498
0.054231167605647335
0.05392792966597812
0.05374130510191103
0.053622511741763475
0.05354685168148517
0.05350286682593228
0.053477529180253794
0.05345728366391895
0.05344430368089348
0.05343610220820486
0.053420678279590704
0.053364316046668185
0.0531998721224677
0.05280379143852395
0.05201586449037147
0.05081166804757906
0.049314456449746594
0.047899855720903065
0.04673215049122715
0.04587149970732423
0.04523649379718319
0.044670324318178314
0.0439524008656707
0.04263728806084124
0.04071181487579591
0.038350061332673484
0.03649478947677167
0.035794628885902714
0.035665468693156885
0.035643876083273386
0.0355814838161236
0.03549534125583527
0.035432509332210795
0.035402052878681554
0.03538741441884711
0.035380539530686185
0.03537660960943262
0.03537455741197326
0.035372402294153435
0.0353663164674465
0.03534934840380311
0.03531161400643572
0.03525552664276618
0.03519997054756746
0.03516304273241481
0.03505160172278039
0.03470328653560507
0.03408872442968372
0.03321271455686164
0.03226140437044578
0.03140723934251346
0.030690144906460017
0.030161511786142365
0.029414721961149304
0.02832171835974689
0.027032859303922813
0.025975834852956355
0.025313993406894997
0.02501681424232745
0.024894802991629196
0.024841396061006406
0.024824792983311764
0.024810298128648264
0.024801896374888038
0.024783217020281065
0.02472065749335812
0.02458608047960994
0.024403765752888083
0.02426378446431423
0.02419757849560934
0.02418025833207265
0.024175288249072304
0.024174425095067363
0.02417428015178603
0.024174261578559283
0.02417425798008597
0.02417423362758995
0.024174099279600316
0.024173758575147652
0.024173473454227004
0.024173488342598443
0.024173433430482266
0.02417343041475532
0.024173484672772638
0.024173427982423893
0.024173484284611708
0.02417345588429858
0.024173243598771346
0.024173249345764317
0.024173084506711906
0.024173500359195365
0.0241734402700949
0.024172086673066615
0.02416950863149687
0.024151949989515684
0.024041458991705653
0.023494963616476326
0.021983485057138125
0.019401392521651212
0.016438389388542172
0.013809022753323045
