0.05588705208166911
0.05565441180071815
0.0554424899644741
0.055091439347260025
0.05443071523055104
0.05352514650748796
0.0527124187548825
0.052270460387956796
0.0520746702065106
0.0519630267590994
0.05187315947041064
0.05175133428478773
0.051583308541293824
0.05136842546019589
0.05106265496806109
0.05060204975251357
0.04995303330491392
0.049261087566314796
0.04877407897670432
0.048588996068927644
0.048543016171049155
0.04851628018141017
0.04845227993687595
0.048245571038731755
0.04776196754870773
0.04701864453425412
0.046181059926048956
0.045490428916204306
0.044965133706667465
0.04459919553009389
0.044414673404384264
0.044369021714398105
0.04436272492380234
0.04435568752423812
0.04434863401226629
0.04427664038250111
0.04407569668557745
0.04370306809768285
0.04323551288386928
0.04277921666057536
0.04240969210861363
0.042153242992768875
0.041970779035652224
0.0418765869820462
0.041857956581029095
0.04185840860697864
0.04184064512702283
0.04181903685811242
0.04180579699426484
0.041794041131269825
0.041785564559132425
0.04177663478969771
0.0417720810549015
0.04141024114071691
0.04056946311033488
0.03986157793295666
0.039438978330738526
0.03921385687837859
0.03906724469950031
0.03893766812071284
0.03878714621121027
0.03857586447580851
0.03836134875351037
0.03823119652880349
0.03818954949175482
0.0381813183341543
0.0380189081470023
0.037462546605543906
0.03678716582210822
0.035678531831553006
0.033629396543190075
0.0324328299510225
0.03197689145127871
0.03164177900561882
0.031070382679642943
0.030392784017219183
0.02984754728773209
0.029514213386019478
0.029333965774467254
0.02923794080927561
0.029180009982385846
0.02912915179780994
0.029038150767000413
0.02895968738723783
0.02892668284894359
0.028913122499519283
0.02890679241915585
0.028887753087821048
0.028870947465928797
0.028863736819907768
0.02886166357951343
0.02885917536641104
0.02885814233021483
0.02885322097429251
0.028830294182482095
0.028799978544521078
0.02877481327555203
0.028762481887979925
0.028756034524945955
0.028751422783838944
0.028749584841217608
0.028748687752109703
0.02874807713543728
0.028747799276545687
0.028747409324595075
0.028746999751792686
0.028746459827146638
0.02874576504966852
0.028745045294638543
0.02874425937795833
0.02874323775399277
0.02874229221877938
0.02874184067763016
0.028741764520430826
0.02874172680071549
0.02874171710882794
0.028741690248983067
0.028741701882928305
0.02874149230205493
0.028736904311079222
0.028672478513455557
0.028401977756326253
0.02687656082178439
0.023744510206496573
0.021209108615651905
0.020029506830459797
0.01945904444294821
0.01911212539310977
0.01892182110337674
0.01880830489436953
0.01873473837463606
0.01868900397884858
0.018654361565306483
0.01863406032915547
0.018618636979797893
0.018609193264390936
0.018601034259076863
0.01859567222272008
0.018591574315020152
0.018589094364091993
0.01858192905229087
0.018566249738892437
0.018531035528368833
0.018486728702356542
0.018470729632901292
0.01846893386413133
0.018468508733496057
0.018462508229255388
0.018421104275500484
0.018238085235847832
0.016990026703610647
0.013657417715036525
0.010189163923955706
0.008596480368266424
0.008298156365143033
0.008269960110965735
0.008270071247654841
0.008268967855040192
0.008265864555200791
0.008263887138192082
0.008261564489165589
0.008211074888439088
0.00783311932460268
0.007369580261653132
0.007190775828743739
0.007136690785091942
0.007117309547744922
0.007109771363715085
0.007107880353278152
0.007107653366977671
0.007107652221724934
0.007107670388009663
0.007107168685143582
0.007106758098658896
0.007106784463618352
0.007106736667204839
0.007106691827155276
0.007106291691111684
0.007101887921373628
0.007102172523341269
0.007075632870742565
0.007063546450959169
0.007063358254263782
0.0070629669958515015
0.0070630286634720185
0.007060983214538454
0.007057771023474135
0.007050823822382581
0.00703933174220064
0.007035103900823764
0.0070322931229264835
0.007030770302400971
0.007030830944972311
0.007023027300868393
0.007021293960063517
0.007021127515778234
0.0070210955646978854
0.007020965485347803
0.007020591084177807
0.007020485160333813
0.007020745706921005
0.00702079116921654
0.007020755900759479
0.007020722029980215
0.007020723737456119
0.00702072866190771
0.0070207312986068195
0.0070207406107397115
0.007020735679612452
0.007020739916449665
0.0070207377562520506
0.007020748381614099
0.00702075164660997
0.007020746038323752
0.007020758002539705
0.0070206798871225015
0.007020670210075738
0.007020592537229696
0.007020584060891917
0.007020566670144817
0.007020561932015211
0.007020481876081558
0.007020076818648165
0.007019659572819535
0.007019587068694784
0.007018888585722758
0.00701827677876111
0.007017445650380536
0.007016840742144408
0.007016732607820374
0.00701549278447799
0.007013453141832535
0.007010184362288295
0.0070081729865799315
0.007007915252365081
0.007007898027238237
0.007007942085466457
0.0070079222984037095
0.0069720246088340225
0.006695075461689808
0.006583196720448422
0.006294996534944083
0.0059736020632914005
0.00577900406589366
0.005677535027076644
0.0056188521327615775
0.005588635946945935
0.00558146749783026
0.0055806946060432
0.005580766699749944
0.005580761711795469
0.005580779193741461
0.005580776768460859
0.0055807706862029335
0.005580776860324538
0.005580776629765235
0.005580786578181229
0.005580787252106341
0.0055807742507403895
0.005580780077140938
0.0055807792682886865
0.005580789418777071
0.005580796668397057
0.0055805055841767195
0.005576310507353912
0.0055638485469544615
0.0055407143470507505
0.0055297638823516414
0.005496883097421784
0.005473770814766203
0.005469632558614336
0.005357571262435073
