0.05987838646046539
0.059843748811639244
0.05979673721104496
0.059701067651529584
0.05945401398119895
0.05895988970334291
0.05819629565806205
0.05734954742907019
0.056564894824061476
0.05593074546424277
0.05551433984283154
0.05524794207689957
0.055074568034887084
0.05494160480174663
0.054856345667574385
0.0548106645650244
0.05478394136216073
0.0547616533117196
0.05472912498494144
0.05468603470781079
0.05465274183363137
0.05464139176603454
0.05463862075173596
0.05463808194684256
0.05463842505913359
0.054638764426045476
0.054638523855465616
0.054638617225856646
0.05463865527041722
0.05463872635822896
0.054638723890426164
0.054638655759899915
0.05463849108113637
0.05463796321978511
0.054636770221497474
0.05462646022263188
0.05457552740278984
0.05429776547338477
0.053386000512163446
0.05191296424003091
0.050473124726834274
0.04923638269271439
0.04802439199571667
0.046841641714744114
0.04577972032501207
0.04470272781652118
0.04381431992999543
0.04301691849546197
0.04235088700927358
0.04182690410854096
0.04149846540035429
0.04135112972667282
0.0413013656682524
0.04128695057500913
0.04125966859144054
0.041062096351396106
0.04071555994241139
0.04037512469543597
0.04014709341951535
0.03996754770194418
0.039808337641119185
0.03963751256941134
0.03940158097087011
0.0389998350144264
0.038270175717874166
0.037387214890289094
0.036598506998562624
0.03604522408809128
0.035627159971856004
0.03517956942790434
0.03465637818410226
0.034318006418367054
0.03412579359901637
0.03403019352793743
0.03397719289247632
0.033946990002899226
0.033926596573881126
0.033908707656524574
0.03389694902571825
0.03390183759108033
0.03391506398879953
0.0339004807125522
0.033885553052415904
0.03383557543390553
0.0335862625047394
0.03335754633201704
0.033265878522643566
0.033244988907994384
0.03324052247359507
0.03323975346165949
0.03323952873088195
0.03323939547878106
0.03323917802085192
0.033238610484595026
0.03323712104099635
0.033230930912612935
0.03321749612234363
0.033201718242568894
0.03318575672509252
0.033165473933326355
0.03263059968310238
0.031382485830193624
0.029856681784552662
0.028879493586340614
0.028503835394418916
0.028378179316177254
0.028331259329515635
0.028313764609645294
0.02831249626184906
0.028311783216023303
0.028306474060668857
0.028303446767961257
0.028301904455714424
0.028287771922765104
0.028267880254825403
0.028255781860911124
0.028246277102796473
0.02824388847084497
0.02824319971615294
0.028243196057832334
0.02824319636295566
0.028243202986373193
0.02824320930294611
0.028243205869984037
0.028243201539230944
0.028243202242432434
0.028243207418697066
0.028243208214216196
0.028243057020576185
0.028241034678221786
0.028233191692906452
0.028222238769740258
0.02820990832437693
0.028208460108256662
0.028208386157122258
0.028073924193017515
0.027344613976536425
0.026660392572300937
0.026181938357896187
0.02580554814980089
0.025529973225789593
0.025143104105203904
0.02440644068779904
0.023227965776393526
0.021658554377923463
0.020137509516022317
0.01873421910782761
0.017493899069737827
0.016482144406388663
0.015682095048555996
0.01485452532689749
0.013888485955465317
0.013110643118636491
0.012639110280949424
0.012438756711196599
0.012202404262539416
0.011923740148787373
0.01181773753721025
0.011805358320625077
0.011804338669623037
0.011798170820139389
0.01179226833359644
0.011786355422588903
0.011781364347481208
0.011775384278374197
0.01176242866573259
0.011733350494058803
0.011700827430247477
0.011682591291264118
0.011666381786621324
0.011652696386989524
0.011646418534850059
0.011642696894594313
0.011640888089742434
0.011639201624323959
0.011637738729806585
0.011636286381133502
0.011634632440089568
0.011633076251309847
0.011631727553894872
0.011629042946390512
0.011626497542955645
0.011622727694591923
0.01162234464611537
0.011621010805386748
0.011619798203720133
0.011615923687642339
0.011603499229367324
0.011575663246439693
0.011531797868899596
0.011432583623995265
0.011277653649196796
0.011092877922549396
0.010752298023511816
0.01024094700186437
0.009739253036189284
0.009446220078474931
0.009363775308462403
0.00935505882741743
0.009355158860980815
0.009354148693552488
0.009349235331331137
0.009295667390334992
0.00913171354665804
0.00891223367150955
0.008702783623277126
0.008375011386346023
