0.056072091383366794
0.055468744485146035
0.05509203038001188
0.05470260901812384
0.054242514864273415
0.053826335265698695
0.05352388460365856
0.05332370640947284
0.05314596707599958
0.05289793343643056
0.05257423225736571
0.05216410097571923
0.05173299627654527
0.05132499761234059
0.05077090137998598
0.049968281139755204
0.0490344285935667
0.048376660139747375
0.048144506097924145
0.04810835890138872
0.048099000878723104
0.048047262524876136
0.04800641160766585
0.047994885999442925
0.04799304409036641
0.04799215970676926
0.04799040642450359
0.04798937307435765
0.04798891660601929
0.04798817623940413
0.04798775137509014
0.04798544462180456
0.04798046615629019
0.04797229523742621
0.04793162367970716
0.04773822839706301
0.04736808643450493
0.04697676047481244
0.046710445254909194
0.046565762095793675
0.04649417329885143
0.04646228374553655
0.04645034929728089
0.046447099807820434
0.0464467008784294
0.04644295927944608
0.046428671086188304
0.04635066181823721
0.04619828265153811
0.04611702391761732
0.04609935513301262
0.04609493589747499
0.04587050509659799
0.04436469797153659
0.041941885269727176
0.04003402860334082
0.03906127325515812
0.03862294049552608
0.038432026250235035
0.03827645680827685
0.03807913573598859
0.03768881799495207
0.03695512413207901
0.03575093791825926
0.034192488505583735
0.03257946203812914
0.030639356428037823
0.02971835605619735
0.029476883229910763
0.029406749543614295
0.02925829020545204
0.029085243176983536
0.028985644817725684
0.028927422090911186
0.028858421436264346
0.028797839891197052
0.028761654904403116
0.028749159420235287
0.0287123486704904
0.028514471438953144
0.027846131077307396
0.026837608437116207
0.026013448820883144
0.025539287321328413
0.025224140257069833
0.02503642977488829
0.02494541498725477
0.024907486489530627
0.024890020309341763
0.024881683054312043
0.024877042405423197
0.024872622105877023
0.02486746769230623
0.02486090300459228
0.024856873731885037
0.02485566753171208
0.024855621241068958
0.02485564437102778
0.024855625720957192
0.02485586233161593
0.02485607562553243
0.024855854213839745
0.024853239628863242
0.02484396806054895
0.024778469894373302
0.024419398148292835
0.02316728926464945
0.020518603106617062
