0.05249199488702175
0.05171573889261239
0.05135032358246207
0.05109605396779077
0.05087277546266301
0.0506932185311145
0.050541832222474145
0.050377009684826744
0.05010293933700626
0.04965344656676009
0.049112740421777094
0.04855417491267717
0.04805911987126942
0.04742734452743985
0.04657991884477247
0.04555735987590856
0.04457399368915384
0.04386401880032136
0.04330665474624215
0.042733163565150244
0.04225341790761056
0.04199590181859554
0.04189714792879574
0.04186245896804509
0.041849380041130965
0.041843380756330074
0.04183830610814288
0.041829965287896446
0.0418125075531537
0.04175703730247255
0.04160236032619064
0.04126880671830199
0.0407842220955389
0.04033609225728822
0.04007301993623648
0.03994872323414016
0.03990512525399708
0.03985536143781589
0.03928227129512203
0.03808259462565557
0.036928044686876535
0.036159205185348514
0.03569831409135507
0.03531325950497594
0.035014595716835836
0.03477854845155254
0.0346279706307417
0.03454673867635696
0.034515540695207673
0.034506901883514476
0.03450636299084483
0.03450663590064445
0.03450668515311869
0.03450671734360918
0.03450666014229218
0.034506385106457975
0.03450630945226897
0.0345062632670153
0.03450598308473156
0.0345057366932474
0.034501347570341644
0.034499256709235857
0.03449883092165633
0.03449852879445246
0.03449495089198643
0.03449105901554713
0.034489000467007216
0.03448864809184396
0.03448842173203052
0.03448843109552817
0.034488201522227716
0.03448788735745556
0.0344878218889265
0.03448780633994292
0.0344870704012717
0.034483889402466356
0.03447349979684789
0.034445977081712736
0.03440426808221527
0.03438800080193596
0.03438765705950296
0.034387608681954285
0.03437227334131885
0.03411485979629599
0.03313669605653251
0.03157173134774234
0.030182322416022415
0.029360580877109965
0.02894499812347645
0.028749034273534108
0.028645985735261583
0.028579341432837548
0.028536003380729882
0.0285070598501474
0.028477478831733623
0.0284446822440608
0.02842431177971403
0.02841695401021113
0.0284144791059499
0.028414056754067663
0.02841399415994505
0.028414027609191206
0.028414032719479173
0.028413996250937434
0.02841394016760432
0.028413757461503163
0.028413499559944055
0.028412816991429325
0.028412569713940808
0.02841255646710139
0.0284124153131449
0.028400766115460465
0.028196360247484592
0.026989398388688687
0.02464661114817504
0.02265399202185436
0.021124209515213762
0.01993514570352058
0.01899024395431084
0.018105749813096705
0.01718315656175774
