0.0525216067439642
0.05175045904219326
0.0514080250150145
0.05118257648762185
0.051007620275638016
0.050861341056525164
0.05076762699011461
0.05071049362239222
0.05067247582722706
0.0506537970095485
0.05064547734291783
0.05064027753425417
0.0506363922001422
0.050629344434026745
0.05061964935450346
0.0506002916789505
0.0505779203058819
0.05056001906294453
0.0505440594257266
0.0505345634740159
0.05052616588667225
0.05049815663629161
0.05045588361175269
0.05037679583451828
0.050276157910896895
0.05011615380022715
0.04983806812501134
0.04944111174664747
0.049023974806340416
0.0486691189899033
0.048422249554636324
0.04828012124436556
0.04820520890950352
0.04816809475101904
0.0481466027283796
0.04811314284294158
0.04801357055788147
0.047799303221457826
0.04750410009207531
0.04720178280386441
0.04682789345144394
0.046376762490895854
0.04587346919935895
0.045438914370186566
0.04512309443610861
0.04491674775811057
0.04478978779332848
0.044515265543943666
0.043965571810080865
0.04339134939083535
0.0430339030057184
0.042861076255301736
0.042779233045877565
0.04272653689363899
0.04263595314977711
0.04242295744319339
0.042069833483351346
0.04154624134597157
0.0407476071251944
0.03972936829186702
0.03870568130003361
0.03784077111949332
0.03720727742388246
0.03670426802798666
0.03629300346596541
0.0359484879538831
0.03569924975157004
0.03550701317096496
0.03537566668428649
0.035263943535272645
0.03513141298806275
0.034969187878120804
0.034765896465920064
0.034567392802936185
0.03439545432191658
0.03427828396205586
0.0342355455072832
0.03422196317539339
0.034212139069585104
0.03420727154675306
0.03417252031480643
0.03408203112211261
0.033949919095893066
0.03378531392381868
0.03360852999432794
0.03344897620797056
0.033306596644931574
0.0332085467798583
0.03313919383738495
0.033092766614496234
0.033066761372106165
0.03302665682968474
0.0329325073286757
0.03276844800995271
0.03250955487157146
0.032130257263252186
0.03154823207049858
0.03076689469497972
0.029908104640835053
0.02909561597021947
0.028417382719157513
0.027924624842893257
0.027558559783940707
0.027306285922082445
0.02709657508033594
0.026861998636820778
0.02663509553856385
0.026479241891551847
0.02638429300938369
0.026295415887979328
0.02610626168482992
0.025828191508400163
0.025540390661796426
0.025343359516496643
0.0252309801205566
0.025175762249182564
0.025151019783850682
0.025139092169877884
0.025131462271930055
0.02508710021077402
0.025056177240304883
0.02504078677853528
0.02503308416040637
0.025027944206687393
0.025024873640364917
0.025022593897654564
0.02501979957082708
0.025015440391477264
0.02500928332022618
0.024997703827697736
0.02499411447136406
0.024992549627478083
0.024991861966354167
0.024987104800149967
0.024980250182260782
0.024970966309303243
0.02495454099983631
0.02491417322744868
0.024857365931655894
0.02480521800478304
0.024776351458770083
0.02476046680299148
0.02474993768933901
0.02474240816589508
0.02473786130903452
0.02473535440944864
0.02473460851365598
0.0247345634466283
0.02473454455253119
0.02473309526103269
0.024729821917251836
0.024725786871592714
0.024721160728571476
0.0247163360692005
0.02471187997911797
0.02470751672000679
0.02470355330981933
0.02469929221075441
0.024695643253428372
0.024692624164396403
0.02469070127943752
0.024689623595782317
0.024688369655648152
0.024686595915300227
0.024685278762998704
0.024680837615548467
0.0244876667768383
0.023367968354344265
0.021245142579805466
0.018741089091332895
0.016476036283818468
