0.0543025026967977
0.05380048145600998
0.053496335420356346
0.053158356726145446
0.05274429410077161
0.05229185594843422
0.05191187767371884
0.05160786941685796
0.051350081317868675
0.05115522019640725
0.05100634205295812
0.05083504193378269
0.050604591714583654
0.05028370576316948
0.0499508131294783
0.04961223251243343
0.04933100366966835
0.04913128002788864
0.048979894617561325
0.0488880439962589
0.04883352612110695
0.04877740677764553
0.04873515022555914
0.048671189266656444
0.04859617746422321
0.048479027258289197
0.04819480871037493
0.047598497820447117
0.046784250734476236
0.04589016665101852
0.04505723838802035
0.04439320411631764
0.04389914259871635
0.04358928791720268
0.043379779997354456
0.04324230450549913
0.04314655381305329
0.043055223282387624
0.04291924593277009
0.042752098547561596
0.042568643610994814
0.042397950282990884
0.04224916943214801
0.04203688231753834
0.04167501992026607
0.041112849600431246
0.04041148833054005
0.03965905176768646
0.03893347260676125
0.038181360453428535
0.03729021507750109
0.03616136655168356
0.03494859303734466
0.03382616649671407
0.0328594404147762
0.03210033548330127
0.03160650690689661
0.031293075262060224
0.031069833492483264
0.03089549632687903
0.030757035985689827
0.030661538851418525
0.030599214600183337
0.03056044199580521
0.030536814302459313
0.030521824112351412
0.03051256701820112
0.030483858315316335
0.030452480187951412
0.03041287090427387
0.03032624625942631
0.03026828299021792
0.030246656828239384
0.030237416437444504
0.0302329021314036
0.03022762706124665
0.030217911437254663
0.03021068344984469
0.030205060386891705
0.0302011271203303
0.030198289293354788
0.03018894159007623
0.030171223717564206
0.030168615943936078
0.030168863474163404
0.029959750612904505
0.029939592164953482
0.0298996860189747
0.02920157954292544
0.028259901223321428
0.027607419753372178
0.02729932739118337
0.027186495634209083
0.027158726555335678
0.02715079695199215
0.027148725743627828
0.027145640728499808
0.027141042378113912
0.027137371324453013
0.027134655909186674
0.0271258601764236
0.0271158354254956
0.027112698296088967
0.027110908330629884
0.027100803696179277
0.026917797157395257
0.026595958508357616
0.026542741404779246
0.026510594709025583
0.02648771754554452
0.026470764103208522
0.026460709734618445
0.02645168737564913
0.026446712147680903
0.02644338847506272
0.026441620727235486
0.026441066534063633
0.02644128370082599
0.02644099971707188
0.026438165026343902
0.026423575151286613
0.02638992280799441
0.0263460202980742
0.026307984646229316
0.02628071291930097
0.026264170475475777
0.026252696016713508
0.026243375946898764
0.026237798716755068
0.026233741359862364
0.026228980102397846
0.026210606955458474
0.026187681512071133
0.026173366248284254
0.026167669232665565
0.02616421443018716
0.02616127007993509
0.02615927747671295
0.026157445946836628
0.026154526876376868
0.026148826666774358
0.026138046292180417
0.02612785866845143
0.026120018375128146
0.026113742384443334
0.026107012619602975
0.026101525027496388
0.026098202671635356
0.026097017067986533
0.026096441774815824
0.026095746939186485
0.026094742551622946
0.026092049577310625
0.026087968115442704
0.026084147542323098
0.026082314592269916
0.026081909933465857
0.026081470349184614
0.02608085071877988
0.02608014300937414
0.02607965644536174
0.02607912247965722
0.026078653214602694
0.026078193214770333
0.026077785144950103
0.026076453311533614
0.02607443187174822
0.026073972163786388
0.02607377985866481
0.0260735238504849
0.026073315598537778
0.02607315768993534
0.02607309373826346
0.02607299399210979
0.02607292368889772
0.026072723975042903
0.02607186192686953
0.026070864663727388
0.026070588935547416
0.02607005625621497
0.02606462692563473
0.02605804096129517
0.026036219329299094
0.025998037454624964
0.025975034930618056
0.025955550026572474
0.025951230273364666
0.025948579118959942
0.025948063751475944
0.02594859756880421
0.02594667019476924
0.025943296978022015
0.025934513513941534
0.025882202920979584
0.025716822335661436
0.025379218053742915
0.024798668720398747
0.024003536537089223
0.023088067162461066
0.021623886756501492
0.018864194391670402
0.014900384572199095
0.011609219659890549
0.009733733085426596
0.009013334457062759
0.008770977442456689
0.008647467516285206
0.0082629581047321
