0.059020073552113264
0.05901993225888402
0.05901878156014805
0.059016547188965936
0.05900822180437337
0.058952717085772696
0.0587726969896876
0.05828005011934479
0.05733858599967939
0.056196905340473204
0.0551335185698484
0.054350676782584414
0.053833251596539074
0.05352570264019553
0.053292992825349134
0.05310448215653516
0.052984688319358084
0.05288605930355395
0.05280979451409594
0.05275507719973669
0.052689580712718474
0.05264142150132669
0.052529494529382076
0.05236402773440787
0.052078112193141346
0.051600824503377336
0.05094398342804389
0.050113969498868365
0.049190610992102084
0.048301333787783646
0.04753514355092143
0.046635126307356375
0.04542608156452545
0.04418516617358612
0.043160766282761935
0.042427125104195426
0.04196126579310745
0.04168678348771863
0.04150182211899823
0.04133886614900454
0.04110520347000399
0.040781963311649384
0.04041160961287621
0.04009222333747725
0.03984837961759518
0.039627288327795135
0.03939189821297617
0.03910526037979482
0.03875028871669705
0.03830417872058296
0.037791464252014365
0.037211917779488415
0.03665225075274972
0.0361568715095988
0.03556978952264854
0.034817364430261885
0.03396420398627618
0.03320254650181397
0.03265690571539734
0.032337655791818416
0.032157486059401254
0.03204008722944158
0.031995732595607146
0.03196307702282355
0.03188945159082305
0.03174947839272906
0.03158582612295322
0.03144923853282625
0.031343176352858916
0.03127032983403512
0.03122376418370102
0.031184638031952896
0.031154153163938693
0.03112962715088963
0.03111214392036124
0.031104412977379415
0.03109966663712295
0.031096544457997585
0.03109264465864394
0.031086743718967816
0.031073875506933926
0.031051063039177724
0.030937460957893025
0.030380474916844626
0.028797900251640994
0.026453679811670076
0.024681423184090123
0.02375729351150308
0.021516304918980142
