0.05516015918773244
0.054863382780367
0.054636794468708685
0.05430942403772732
0.05379272044953144
0.05309284460508807
0.05239249875622331
0.051783664072052114
0.05130457813257065
0.050993560016342816
0.050797525881610434
0.05068136868564745
0.05060053554119849
0.050536018064889505
0.050489506385698844
0.05046169120035252
0.05045566543042667
0.05045228722179358
0.050447466473501165
0.050442440011096136
0.050424048562939236
0.05038321964882547
0.05031892574522297
0.050222003481643435
0.05013762266265132
0.050043332677486174
0.04991650215668795
0.04971716734219838
0.04939177252308524
0.04894464822819686
0.0484737977649776
0.048050392227797244
0.0477178712646699
0.04746680103894462
0.04722387159120142
0.04699439526401706
0.04676592451290377
0.04656482856550692
0.04640510795455329
0.046285443167832535
0.04615234331315617
0.045964548629577134
0.045732931311490414
0.04552292916822786
0.0453641419472448
0.04525876608835564
0.04518656169142641
0.04514250482770858
0.0451157455942003
0.04509461866105489
0.04500536282125085
0.04448947239671863
0.043499271816805886
0.04247182112142201
0.041812409660330604
0.04145279514378514
0.04122755504560062
0.04107960993279257
0.04098713364510295
0.040929075144897034
0.040867053821176384
0.04077012763615592
0.040603260794240544
0.04032619456001153
0.03994635489428073
0.03950150762771583
0.03906543185931363
0.03857976553255728
0.03782371757474306
0.03665277139006815
0.03531119029234222
0.03418389955450629
0.03340348615523874
0.03276844006272233
0.032226595902453754
0.03170883134480787
0.03129763564611826
0.031090833283396676
0.031009590925698688
0.03053307430769964
0.029472850730914293
0.028390820610355336
0.027614256892392372
0.027121423380929516
0.026821168444418227
0.026624932927278303
0.026498086112767678
0.026406322288232528
0.026343583190348484
0.026273732375070302
0.026174257767863328
0.026022216606386227
0.025835637290864348
0.02566065623664663
0.02551655165730225
0.025419869929129688
0.025344619330120274
0.025192017187421693
0.024631161468098062
0.023699383254898725
0.023104494660913348
0.02293806809956602
0.022883453493178357
0.022864188560811814
0.022852741727966797
0.022846642229164764
0.022842887476619844
0.022838885533339237
0.022829426721002116
0.022816335404923553
0.022803394285758335
0.022795843644289493
0.022793058547109096
0.02279203263570869
0.022790256884480605
0.02278879711233334
0.02278609423865858
0.02278557366711598
0.02278642525672197
0.022787402919903502
0.0227878830504335
0.0227878589158666
0.022787870979191112
0.022787860658704917
0.022787865283493785
0.02278777856314198
0.02278740509403909
0.022785141318047927
0.022783373327115827
0.02278159832115669
0.02277797565289522
0.022777679620573515
0.022777667222401037
0.02277715871917519
0.02277529146292261
0.022774959970085586
0.022774133420981498
0.022759311697077938
0.022666741925124384
0.022419109847597405
0.022187924647368365
0.022080921758762688
0.02202749078805083
0.021996840570708304
0.021977406801147903
0.021956303823152452
0.021927042353711568
0.02189649352200804
0.02188134748788247
0.021878406917298313
0.021877585406570928
0.02187761864366667
0.021876111210907066
0.021868346836801864
0.021855745299708774
0.02184342852822607
0.021831907439008393
0.021825493449958513
0.021819459261458965
0.021814908337607512
0.021811054825693427
0.021807424820539118
0.02180121404098676
0.021794373117029878
0.02179164408050593
0.021790405931951022
0.02178943610198718
0.02178855406210654
0.02178773239388908
0.021787024193571123
0.021786190104239687
0.02178568442149174
0.021785130950221287
0.021784770455673834
0.02178437612842062
0.02178383607776607
0.02178263418476798
0.021779604769838354
0.021775625886283224
0.021776602119770377
0.021777287122009843
0.021760777597798608
0.021488005585349208
0.020459208636144723
0.018736086489900602
0.01670803161901052
