0.05573097843520275
0.05545328163807447
0.055243126930505294
0.054942428894537446
0.054470734647953455
0.053832339029508736
0.053192636560088366
0.05263231059834926
0.052185108060800366
0.05188850818012288
0.051695773277769766
0.05157692967483743
0.05149741092836651
0.0514336753410068
0.051381695159190804
0.05133139157616559
0.051298405289903225
0.051261291121224205
0.051224510202025134
0.05119691225141674
0.05116504966829047
0.05114536577433413
0.051134060398528795
0.05111567658961893
0.05110787501310355
0.05109733765639613
0.05108693970241829
0.051074045428236944
0.05105147104213328
0.05101968757062703
0.05093460842096999
0.05054465578521747
0.04963750114497808
0.04836735786083432
0.04708177140763358
0.04610294655680883
0.045422019387615614
0.044971731172766545
0.044614681936334104
0.04427039351486963
0.04386875975508181
0.0433356333379256
0.04255302312379183
0.041544612475232764
0.04057869845332761
0.039955553902390105
0.03963273648358187
0.0394785363751689
0.03939379713890704
0.03933900086889853
0.03929825189035745
0.039265543418548175
0.039234767838933246
0.039180908036722494
0.039060397867456624
0.03879144519209889
0.03836458460447929
0.03781902740191598
0.03728873865276392
0.03684721545653114
0.036481987195519
0.03619908877221768
0.03602491660181441
0.035931044594030105
0.03588130590192701
0.035860133374990354
0.035848291044937065
0.035841328799046085
0.03583949236573453
0.03583766825822352
0.035829905240557736
0.03573570928496441
0.03554432803337704
0.03540126599454923
0.03533635387258152
0.0353136961570076
0.03530470596204408
0.035301905404569005
0.03530135422597957
0.03530108938225353
0.03530096144140595
0.03530102756640649
0.03530117455334549
0.035302007393563574
0.035302673015531506
0.03530228959840894
0.035275453850285514
0.03502397297246913
0.03465970751224745
0.03438051669052141
0.034202584095573946
0.03411081360513427
0.034075603425975355
0.03406103119733091
0.034057798264181406
0.03405495811691361
0.03404932747931427
0.0340422539848619
0.03402774927662454
0.034011300230467924
0.033992349211723255
0.033973095859398394
0.03395676856767575
0.03381655644234963
0.0329786151484808
0.03134742892381827
0.029619181971756215
0.02843426244804696
0.027777865221603304
0.0274398320675274
0.027267123046884088
0.02717888184569318
0.027131767941217966
0.027097289619263307
0.027063670850725773
0.027048095266001496
0.02702693965619892
0.02694144946929822
0.026788822366818642
0.02665353297597492
0.026566699006868703
0.026514246843174976
0.026484052249922615
0.02646468744765745
0.026451407522129537
0.026437353202137304
0.02642569224789441
0.026418249321542516
0.026411799484490264
0.02640425027759922
0.026384533956282395
0.026337855057126335
0.026277082608052543
0.02621487391701504
0.026166792352059813
0.026136203378257773
0.026116270517918563
0.026103763415768755
0.026092984723368125
0.026079978918106567
0.02606643466361204
0.02605749493010969
0.026051370650508138
0.026048224871563084
0.0260467617993365
0.02604528416321713
0.026040910527384886
0.02603455676930318
0.026031043378813366
0.02603057274520985
0.02603000558653342
0.026024798814926302
0.026008654300131086
0.025986254568033954
0.025965006244087662
0.02594860410873511
0.025937852407573226
0.02593177047458651
0.025929086042232354
0.02592835080276499
0.02592824469651274
0.02592585097535653
0.025922911442386516
0.025921079894259794
0.025920029870766272
0.02591950477770896
0.025919367260284102
0.025919338536220075
0.0259187579037624
0.025917114804708975
0.025914262098694348
0.02591322847452427
0.02591271709954824
0.025913950455303095
0.02591561107608838
0.025914430830142426
0.025914448943718915
0.025914284296976255
0.025914283055920473
0.02591426673892872
0.025914234548945866
0.025913584983401638
0.02591291577621153
0.025912889304278076
0.02591273058403074
0.025912678823535467
0.025912573613003913
0.025911904377121854
0.02591014023988708
0.025908582683031305
0.025907634582204284
0.02590466465181307
0.02589965057128034
0.025893524788057475
0.025888572493043008
0.0258851998557493
0.02588216896774175
0.02588029296573552
0.02587902108870087
0.025878322838318046
0.025877908406229732
0.02587761850084576
0.025877188143940247
0.025876539563498172
0.025876132206702148
0.025875847218275783
0.025654180641425942
0.024602329554827565
0.02261368784234308
0.019934940679988616
0.017060306896819387
0.014483690278888066
0.01244328657649413
0.010832592483421225
0.009408985432685089
