0.055365225067804565
0.05505716847920733
0.05481167653646513
0.05442384138338349
0.053779757766949536
0.05293824292111361
0.05215308808366713
0.05152863142465152
0.05107303773751044
0.05079057950396463
0.050606664857033884
0.050486186601999224
0.05040230590842582
0.05034450826870257
0.05031747011988852
0.0503066695151287
0.050306382289135414
0.050305005151411425
0.05030255130569865
0.05029925755803413
0.05029072711151794
0.0502875078737923
0.05028759302595046
0.05028360554025784
0.05028000590945822
0.05027629316396024
0.050264892712873675
0.05021643758588841
0.05006153317733272
0.049642455711417996
0.048836918681336654
0.047740603568044694
0.04657951184880358
0.04560110751548863
0.044809274854820225
0.044196675549065666
0.04375840567665808
0.04344667856267349
0.04323881753518655
0.04303734571429103
0.042809900634236835
0.04257874464258418
0.04235597995928935
0.04217129571556542
0.04201630800126467
0.04187752201995091
0.041742746216760995
0.04154011089770236
0.041183249874801445
0.040567177725552836
0.039698521540432886
0.038669097230484305
0.03766239676070527
0.03675722652121932
0.036056710217570044
0.035551312115046835
0.03517698421407567
0.034816074510529045
0.03442101558484445
0.034039429876285526
0.03370318839811904
0.03341524976250329
0.03312924792765836
0.03285691450537422
0.03272321199536341
0.03267748504968072
0.03266142700958987
0.03264975476574078
0.03264155683264035
0.03263647822070117
0.0326325689498515
0.03262962894925558
0.03262728359501707
0.03262157637968413
0.032608888746456594
0.03259460026496696
0.03258972265009865
0.03258929350542821
0.032589214656285864
0.032589295155136054
0.03258926561130362
0.032589235418568493
0.03258922326409268
0.0325892051736517
0.0325891896009685
0.03258917268501171
0.03258911323013306
0.03258911306144684
0.03258875801716543
0.03258831010529049
0.032588416173502346
0.032587390355328615
0.03258553981291408
0.03257467810492872
0.03212932430805812
0.03042821959021142
0.028503341210508713
0.027322455421863335
0.026422102249353468
0.025738960923085013
0.025317043526112085
0.02510345188430559
0.024985603643664027
0.02492680162248822
0.024898199792356197
0.02488244169510822
0.02487541891794223
0.024873215380080197
0.02487217133737131
0.02487116457662843
0.024868334057686278
0.024866842943521757
0.0248657663675946
0.02485362074371422
0.02481584278640464
0.024764229444829196
0.024731247494104304
0.024709528056522236
0.024699225188991803
0.024691542293406435
0.024683859946073385
0.02467454636498632
0.024649070403287048
0.02460846676676781
0.02457344510049453
0.02455582071980586
0.024554744996707234
0.024554543246227682
0.024555999024534054
0.02452974750934066
0.02447532227113376
0.02442463979876409
0.024396415322193814
0.024373623118187453
0.024331856671839805
0.024290735083654712
0.02426305288036621
0.02424707045456878
0.0242365167099897
0.024217822756532982
0.02419924592951878
0.0241904925509331
0.024187183679839144
0.024183592735060475
0.02417773673272164
0.024170463280277003
0.024163733989148534
0.024156529160854416
0.02414883469634311
0.024143207406079274
0.02413857913328713
0.024135669055479904
0.024134970929140572
0.024133495578576428
0.024132237392008135
0.0241302035828388
0.024128983868983985
0.02412558249689663
0.024121049033247483
0.02411666732932079
0.02411266648201303
0.024108799216175772
0.02410575537352316
0.024103106220347427
0.024100557898081732
0.024098917898632482
0.024097195446928493
0.024096256373958118
0.024096232946427477
0.02409625455250307
0.024096631885547372
0.024090036435921298
0.024063728540634793
0.02401829542085952
0.02398375251348547
0.02397451857544478
0.02397107641272316
0.023970495811132093
0.023970196249208826
0.023970453762315415
0.023971269171191686
0.023971236717649783
0.023968438449851248
0.023960054428813198
0.023910854934957235
0.02372559935900971
0.023155960478037384
0.02199475332043279
0.02023229892464933
0.01806581319212713
0.01591561302808867
