0.05996483763615569
0.05995180788154669
0.059932874381254955
0.059886303927821606
0.0597538414013059
0.059418269476121936
0.05885371346746372
0.05802006935761992
0.056983913864907865
0.05604941152035277
0.05532114773409652
0.05481693181477153
0.05448279343472691
0.054172842121841445
0.053866789446005856
0.053528387960853435
0.053209551813108366
0.05284199609700349
0.052466860016229834
0.05212311030285146
0.05156991318903285
0.050786082504118896
0.049663583045017126
0.04846562666647647
0.04733074643437626
0.046342877956857154
0.04556432692271547
0.04495333714172022
0.04448212257236317
0.04413819862041456
0.04389908169447625
0.04368736910092185
0.04341373060454964
0.043115473931158006
0.04284383248874652
0.04262583582174597
0.042470619324209646
0.04236769334703193
0.04228476984496425
0.04222218187646389
0.04214657936521168
0.041942315443969626
0.04145507852144736
0.040784539273089254
0.04012773478570868
0.03960497045198278
0.03922816328087648
0.038873668869581525
0.03846531053446767
0.03796301057929089
0.037392264389528626
0.036763643656958826
0.036100221795250895
0.03537891125300523
0.03468898890127315
0.03408250113820466
0.03355566552752869
0.03317973888365438
0.03296837387081649
0.03287889432694678
0.03284183542145069
0.03282505232116343
0.0328101521684728
0.03279078578148997
0.03277897287012768
0.032764633236141295
0.03274424230562596
0.03272257294348441
0.03270792960797016
0.03270107362412798
0.032696646457725465
0.03269204690832523
0.0326843477818178
0.03267069157718073
0.03265877677463928
0.03265355037630668
0.03265192288060302
0.03265122139893764
0.032649741418995876
0.03265136355327591
0.03255201112648508
0.031832466703341236
0.02918795473074823
0.026840208129005
0.02558556150496696
0.025073232174269752
0.024864408970696583
0.02477322768391682
0.02473306378117838
0.024713586133068347
0.024703871734965265
0.024699563584288875
0.024697009435677594
0.024695721198061394
0.024694999955755186
0.024694573553019985
0.024694378874793553
0.0246941464639713
0.024693780803127636
0.02469305731088238
0.02469277258957304
0.024692275629656122
0.0246595492712435
0.024418778540568988
0.023548072927299036
0.021893134690698562
0.019979183291524122
0.01837163407264943
0.01721044476627431
0.016362019260259916
0.01568918691810488
0.014966988763104525
0.014024175267866229
0.012819891196826355
