0.0567076228658509
0.05667117931000391
0.05663883818185029
0.05658965181215812
0.0564833403428356
0.056215202144132836
0.05570727644477664
0.05495983209657681
0.054061774135601155
0.05315044541486754
0.0523233101149797
0.051730856121205225
0.051366858047038444
0.05117226664315554
0.051056082592126316
0.05096639319953876
0.050895228699148504
0.05079621711367534
0.05066877329537275
0.05054565429908003
0.05043289568588088
0.05036144478021291
0.05030826737958125
0.05022462537906174
0.050139848661379494
0.05002609186132038
0.049908256760531136
0.049744789068738526
0.04945741169459143
0.04897909133595711
0.04835380968552135
0.04761818023516404
0.04683960426579123
0.04611254252890644
0.045477192397327074
0.045007796525104914
0.04465335361596847
0.04438371290691082
0.04416444644486037
0.04395354328940732
0.0437227024115656
0.0435241685796465
0.043369035062729634
0.04325239740069466
0.04314836628013515
0.04306460505642525
0.042993307497858305
0.04292774649891807
0.04284463025951003
0.04273016756483417
0.042552043539390016
0.04221987725569589
0.04168666571394432
0.040969753098072624
0.04021473925928372
0.039506499423841226
0.03893673039288666
0.038495804431054416
0.038131665688006335
0.03766380873882847
0.036971146730392465
0.03605967805078034
0.034965695818932434
0.03382596195216699
0.03276135873088147
0.031843593124332714
0.03116458856654067
0.030657237983323496
0.030299910763379633
0.02999935316024535
0.029686515354452332
0.029321250269974224
0.02884035173774896
0.02832482828155072
0.02786687417475753
0.027502772332332105
0.027258496467993405
0.027096275405370705
0.027014012607931938
0.026978278315374707
0.02696214333704815
0.026954509247289996
0.02694935117524957
0.026946101738551408
0.026943275974574032
0.026941967052388723
0.02693745794786359
0.026919556303740086
0.0268805753627588
0.026824139735355346
0.026775395157347167
0.026738017326534788
0.02671301375847877
0.026699566525857196
0.026693396232486198
0.02669128603758777
0.026690639765975934
0.02669017384728645
0.026689427584635283
0.02668917064975618
0.02668920959513442
0.02668920007181946
0.02668921653256803
0.02668908266439175
0.02668916923412846
0.02668937094088693
0.026688164753186024
0.026672265711907943
0.0265873301965274
0.026160206230369732
0.025153307161062694
0.023625215639497783
0.022001196152152517
0.02063535095126974
0.019637774347883996
0.018910783267659315
0.01823425878634012
0.017360858924070535
