0.056072091383366794
0.05545566866068903
0.05513144496792213
0.054833214478450513
0.0544898461374993
0.054115080430418384
0.0538088872218335
0.05358020611759908
0.053406317160671825
0.053295039444999324
0.053225779893672706
0.05315835929891809
0.05307728019017043
0.052947153682455186
0.05279375368438844
0.052563678929472765
0.05226762626298114
0.0519312902081214
0.051540704629465674
0.0511384300185536
0.05073907198336352
0.05033092471897633
0.049988364552790494
0.04969137482804964
0.04935122176470233
0.048821023911528066
0.04798259417681155
0.046823394622494297
0.04557272446897551
0.044528817403393144
0.04374872403773237
0.04324346309065528
0.0428842564846731
0.042617717791569164
0.04238994091575539
0.0421679674815466
0.041931145660233905
0.041702733135400995
0.04146935009210013
0.04120713587597715
0.04077896842761666
0.0401986376939248
0.039609236536448836
0.039147745504871795
0.03881716572084325
0.03852433973602723
0.03824978664376535
0.03795843864422666
0.03760773275139092
0.037138294117205484
0.03660518834383333
0.036094349078023814
0.03570189348759986
0.035434265963029454
0.03525263245915778
0.03512853640661971
0.03502832504315177
0.03494771126211737
0.034891020375236385
0.03486074410916931
0.03484710071373165
0.03484120439687003
0.03483952865416754
0.03483879686499014
0.03483860831463302
0.03483852147469938
0.03483845753845578
0.03483838414961133
0.034838126018869923
0.03483811558414589
0.03483790644110483
0.034829498128863545
0.0347994761070554
0.034765239516574
0.03475795470576824
0.03474627586033891
0.0346959536446789
0.03415944988709702
0.03348703089982975
0.03258501485853308
0.030366213604551114
0.027890055103425033
0.02638602894391486
0.02580927359048518
0.02562854346499438
0.025563657421535532
0.025540948822559747
0.025527510063412043
0.025515847510697347
0.02550776015180636
0.025504714084433153
0.025504234473456334
0.025501689127013817
0.025501541627458275
0.025503000216016657
0.02550281567972667
0.02549803996967761
0.025492986358124532
0.025483287112093706
0.025474411656174336
0.025465279575752026
0.02544793343275104
0.025385154136000444
0.025138370591160183
0.02436035221950824
0.02224948552016426
0.018151524544490347
0.014228945404299788
0.012995777863467686
0.012763890581305263
0.012308283413714838
0.01195210540778913
0.011764722851236422
0.011580023929937965
0.011416990431961836
0.011259802056961204
0.011156335080085853
0.011118606014869364
0.011118481245503228
0.011126507668206283
0.011127322938247705
0.01112506125795787
0.011124778117427599
0.011122132857999383
0.011089063435040656
0.010889575374782915
0.010476218978860237
0.009913585437326546
0.009444340930111001
0.009053810192655061
