0.05563306748911742
0.0553974734567395
0.05518799266670163
0.05482691181124317
0.054228016982005287
0.053434796668212735
0.052667569805967686
0.052009923887516234
0.05147331625987307
0.051097109537223115
0.050826534558557714
0.05063884302013884
0.05046474445202856
0.05026614673088569
0.05004583605107389
0.0497768059333868
0.049511206913667234
0.049192583300396914
0.048866318175234326
0.04857332442676096
0.04825252577873638
0.04782971765917258
0.04703546752418429
0.04598540014852223
0.04490450252541194
0.04401521081941692
0.0434071903967495
0.043002511571573115
0.042733124983595355
0.04256041222644249
0.04242214893181669
0.04231430122304109
0.04220407553527217
0.04210885708172875
0.04203178966673665
0.041974193956321404
0.041938693616187836
0.04191997877262131
0.041902509503310495
0.04189098209151452
0.04188173222459573
0.041875324145991544
0.04187031151332975
0.04186320833622775
0.04184494617286815
0.04178782688415357
0.04166350043838423
0.0414584594416543
0.04122366702542171
0.04099560116157235
0.04079653856342254
0.04058140469377218
0.04035495009381542
0.040128964720317475
0.03990545535644739
0.039542303917039404
0.03894162223743701
0.0381991467507709
0.037462225802348995
0.03686629557719325
0.036432863762758505
0.03612876367879492
0.03594373247310981
0.03581784672298815
0.03572290370709966
0.03565866632084472
0.0356170640291981
0.035595362411366495
0.03558402289002745
0.03557899216326587
0.035576959699408196
0.03557597377842467
0.03557572632571916
0.03557562251736364
0.03557573643356349
0.03557584080079192
0.03557602049687427
0.03557615181905527
0.035575994584092954
0.03557507928792868
0.03556260375243301
0.03547372062683405
0.035454558702839374
0.03545395333197192
0.035453856180951315
0.035452136056048744
0.03545127991208497
0.035451303781409545
0.03545128386690593
0.03545129205243729
0.03545129097595513
0.03545129041691565
0.03545129302314277
0.035451291902807346
0.03545129247783815
0.035451290066497554
0.035451287902147716
0.03545128779358212
0.03545127533614837
0.03545120090774757
0.03545116839286268
0.03545020512033357
0.035435064191676593
0.03543545177519694
0.03543571658778365
0.03533660477388694
0.03467370322093256
0.032694778756283016
0.028742025725790876
0.02362366138179252
