0.05577544498897692
0.05551156625922902
0.0552878942859243
0.054914134492360094
0.05426553804395314
0.053384301386401746
0.052527170399570694
0.05182505616938999
0.051315358539590336
0.051015186559938766
0.05084481266326685
0.050754347196126
0.05069603087042275
0.050652350149159704
0.050622168559289554
0.05060169324408321
0.05059542952436795
0.05059355641708861
0.05059256712511305
0.050591564282085714
0.05058632683981705
0.05058320647962954
0.0505821141059394
0.050578078256381886
0.05057736213776052
0.050573644034361195
0.050566213083459925
0.05055664077847368
0.05053987003706755
0.0504985829317366
0.05040680829705923
0.05018745469373472
0.04978168679163186
0.04921329440488801
0.04853614679529047
0.04789452970151044
0.047307354816297296
0.04665606855196335
0.045917825842905845
0.04512106324729673
0.044216496729267765
0.043256931116664794
0.042340343118776894
0.04160453521984124
0.0410597243600508
0.04070873911489287
0.04048480992297641
0.040347629765820854
0.04024768857183761
0.04010530761723744
0.03989698728213721
0.03962838138851193
0.039324098037139744
0.03894888206418496
0.03854390370629481
0.038135373604823865
0.03777660250555317
0.03755119002486483
0.037431822764881786
0.03736724194182961
0.03732339579070669
0.03729526088736899
0.03724748044538994
0.03705811672753771
0.03641903063930126
0.034997674440645506
0.033178720313170595
0.03139610267430181
0.02995760484993106
0.028949815286655377
0.028086192686743967
0.027339974816163983
0.026787943911351572
0.026471676878648907
0.026351049931884404
0.026247258316770418
0.026011132357316846
0.025729077298313915
0.025494566720666724
0.025342766361461357
0.02526137253209291
0.02521819781783363
0.02519411907076217
0.02518068411131834
0.025169145535561564
0.025147751033223982
0.025109916628632496
0.025055571811220433
0.02500046568084197
0.024951277047421363
0.024913308068647055
0.024888920104808043
0.024871674200828905
0.024860919495174397
0.024852671869553714
0.02484587675351063
0.024842052532423064
0.024839326636019784
0.024836993560287814
0.024835751554289177
0.024834904087434613
0.024832540392423535
0.02482560711930301
0.024815379301635944
0.024810034536658795
0.024810422941403613
0.024809889577852705
0.02476639897711297
0.024616079459412625
0.024411875953465806
0.024215244041028695
0.023539905834114163
0.02217949300023777
0.02079392549933689
0.019650681149176782
0.018821078018777145
0.018366331933552953
0.018230818781643114
0.01819247983911018
0.018183267357055912
0.01818245701027662
0.018182961478276815
0.018176516451783253
0.018085849003701894
0.0176793526444792
0.01677116484310232
0.01544524229970304
0.01399816607070542
