0.0566748453120689
0.056556064049078085
0.05647022186993733
0.05636433582544481
0.05618826698627018
0.0558374879062224
0.055250129336384256
0.05441403249902758
0.05348525865491842
0.052722185527812854
0.05218398988973006
0.05187093735645784
0.05170450344649818
0.05162541587569907
0.051580673585736515
0.051547534511207756
0.05152483175737491
0.051493735264988634
0.05145530427516284
0.05141029773729863
0.051335723682100966
0.051250701394204755
0.05115434082473203
0.05102581994541951
0.050913352978011917
0.050792953014556
0.05058691144898626
0.05023282219612017
0.0497280446244198
0.04914730952145417
0.04860827868591695
0.048155442422000184
0.04775203638307694
0.047265548297498246
0.04662348687209709
0.04600467402235546
0.045492700379879535
0.045123478877673984
0.04480625791436725
0.0445192275277315
0.04423876126900346
0.04390654667230328
0.043414917520033514
0.042768588221036116
0.04202021005496461
0.04127998168679154
0.04062285665321651
0.04004062916445699
0.03951536601719681
0.03902528317509772
0.03856266411016307
0.03807332669871083
0.03755011355786166
0.037032411194268894
0.03662319633352276
0.03632462974414313
0.036124239490500455
0.0359835752253057
0.03586549535267582
0.03579415727018255
0.03576556732366619
0.03575648182116777
0.03574852902916935
0.03574223249767382
0.03573782939550326
0.03573450383832894
0.03573300962612659
0.03573183086159283
0.03573102605181872
0.03573012707661702
0.035728298549346886
0.035726595773208525
0.03572560296859515
0.03572529160378128
0.0357228494152795
0.035679277520810855
0.03536838203932481
0.034325631907166386
0.03251882261100457
0.030581789094238504
0.028942652312157837
0.02779679836217531
0.027104991125620856
0.026629439268871704
0.026302794880832935
0.02611058168079314
0.02599820853330896
0.02593230865656675
0.025893138900544125
0.025859791408059142
0.02584525673663342
0.025842250527098293
0.02583911017728319
0.025818458381404685
0.0257233027494713
0.025639933117762963
0.02546169796876625
0.02517915648363607
0.025041156799773423
0.024994172212041543
0.024978184323319774
0.024971954976600035
0.024968652776718597
0.024965304271969538
0.024960384305813883
0.024954331559580264
0.02494355684121689
0.024931015049451492
0.02491216404010783
0.024880367390890966
0.02484496931496368
0.0248106222773496
0.02475613291316522
0.024692415208856042
0.02463323611885842
0.02460617309162198
0.024593296296404117
0.02457505642502981
0.024561932435914795
0.024549640397589396
0.024537310446534327
0.0245318434172501
0.024522999245828025
0.024511106225356828
0.02449494069868305
0.024478674157941062
0.02446649264528182
0.024453201339371684
0.024435634285908968
0.024420583678089112
0.024411107419700075
0.02440468955223201
0.024400186375415946
0.024396133105939938
0.024389667516574537
0.02437974272610917
0.02436213657465461
0.024338072506874597
0.024303984965965773
0.024269677164712768
0.0242379015896856
0.024213261446047865
0.024190475566972257
0.024171025516982417
0.024154449265734474
0.02414472659818896
0.0241389398782847
0.024134463943023283
0.024130879309432522
0.02412798050442572
0.024124838421450218
0.024122596401495493
0.02411929260384317
0.024115024079603024
0.024107282895328375
0.0240992081442517
0.024097132585456208
0.024096824041142915
0.024096082181154416
0.02409427158659276
0.024092793060609314
0.024088598719398342
0.0240865591229944
0.024085094343818725
0.024083188373230365
0.02408104304529157
0.02407983186863491
0.024078497925898213
0.024076791926956498
0.02407422674582898
0.024071392154516664
0.024069794392577448
0.02406920043682832
0.02406904019338132
0.024068843406124488
0.02406696637987885
0.024065828961375567
0.024065276506966476
0.02406484994245672
0.024064647269271017
0.024064613207969956
0.02406521092301142
0.0240659652787299
0.024065533710412056
0.024064160388517518
0.02406104229882214
0.024050734517549594
0.023996169363242087
0.023750317496107325
0.0228121154865888
0.020679009035782563
0.018669103308807913
0.017993719155815695
0.017899657891200224
0.017817341640635205
0.017126115262295145
0.0153135794601058
0.013011406024014934
0.010991097742418248
