0.0561858346973068
0.05614698051563666
0.05611177888831811
0.05605762527838539
0.05593577220320385
0.05560286359864272
0.05495045505451386
0.05397096688102508
0.05282998753739499
0.05178524297785738
0.05093227888616197
0.05035671453546588
0.05001051318114903
0.04982582233580551
0.04972105942181414
0.04964594863549769
0.04958693955813398
0.049514286179442264
0.049454869297272115
0.04941826454922146
0.0493633273093526
0.04929736034849909
0.04921819398682991
0.049105903728320674
0.04900641303333149
0.04889812010735125
0.048697999896227855
0.04829100758568523
0.04759043961954344
0.0466081704905324
0.045479928078627
0.044264789887831245
0.04291050621455601
0.04145789093840918
0.040086283354552305
0.0390378357306919
0.0382491836132917
0.03771693112208764
0.03740317485200638
0.03725529381889125
0.03719344285172921
0.037163763031397255
0.037140995920054466
0.03711873457600095
0.03708852180606439
0.03706064344320174
0.03703451123619076
0.03699853702032854
0.03691086560735631
0.03672932621067229
0.03651399190622846
0.03626378562687753
0.03606751603185736
0.03591419602594731
0.03580668699083184
0.03572856335569034
0.03569479913350502
0.035681445828833515
0.035660778624658
0.035641461102925424
0.03563795232654913
0.03563778622112605
0.035624710995737933
0.03561761546386119
0.03555850621355241
0.03528889984449053
0.03464241354361832
0.03358187569281911
0.03288653450133444
0.032664712326244516
0.03260558062475547
0.032588849001640344
0.032586047714100806
0.032585229495824215
0.032585002347654705
0.03258495929059891
0.032584949044572424
0.03258469705819813
0.032584258682415775
0.032577913523813715
0.032508210325498124
0.03248141470584219
0.03247623733887166
0.03247280321547851
0.032468028343239454
0.03246188633084009
0.032457839328771734
0.032456130961758506
0.03245551616643502
0.03245511732015886
0.03245432948644051
0.03245300979827522
0.03244699187868231
0.03243492321946019
0.03240575850549975
0.03236345589169239
0.03232695101084542
0.032279836052596794
0.032046104987930916
0.03126718962590801
0.02974151875149715
0.02800406863121137
0.0265320161700554
0.025524757433042753
0.024818273222177344
0.024370272741001005
0.024100052235433954
0.023952985462468164
0.023866798240395348
0.0238046060039969
0.02373021628470763
0.023679096251493538
0.023655457038546927
0.02357475573147656
0.023448986316605216
0.023346322100686084
0.023269694874603102
0.023146369133793247
0.02304803022735093
0.023009613924531488
0.022995674104884792
0.022992941084832855
0.022988679144514152
0.0229701421194363
0.022932165551249793
0.022880614021119315
0.02285907175637166
0.022847397768659822
0.022830960220520065
0.022812673587942776
0.022801387863811483
0.022793158275124573
0.02278670910260053
0.022782713143879064
0.022774659445186918
0.022745962836209156
0.02270781000008239
0.022675443822988237
0.022650604235019415
0.022635487285729654
0.022624041179537934
0.02261585799908835
0.022610664964840602
0.022606009360219587
0.02259966352710978
0.022594251784339367
0.02259078525311317
0.022588470402431924
0.02258704156867289
0.022585516217173328
0.02258489808974666
0.022584356342310576
0.022582263142071218
0.022575725485194983
0.0225705426396473
0.02256944741500571
0.022568106479855816
0.022567172723227214
0.022566755531917903
0.02256540346586164
0.022556557223638248
0.022542610045293367
0.022528615721545575
0.02251674299462786
0.022508219103719983
0.02250259135013304
0.022497890518901054
0.022493107701588196
0.022488150948710237
0.022481436097878532
0.02247532506399835
0.022471674510268994
0.022468399859782114
0.022463550204258886
0.022453871764226654
0.0224428214777975
0.022433759288798975
0.022425551690650615
0.022420329939654052
0.02241535864366135
0.022410913392978564
0.022411100244415956
0.022408597786918196
0.022385811286017538
0.022276774833573668
0.022111368051881866
0.021870815202895327
0.021372643530635727
0.020331829705630963
0.018167135340009733
0.015330318591093238
0.01243069818946996
0.010177096467594014
0.008702488867256743
0.007438530271950303
0.006526286272489069
0.006011277068797189
0.0057570460635245615
0.005651707670250276
0.005604503945758279
0.005549233158627416
0.005454151736857164
0.005302909542065861
