0.056227862432838525
0.05614357352501063
0.056054316362758295
0.0558702632800328
0.0554608009211449
0.05477147551669153
0.053973082433496654
0.053138798583060774
0.052371529262204806
0.05186073527194213
0.051565411299392974
0.05141375441548933
0.05133915115487867
0.0512859645151856
0.0512450875420455
0.05120344629314337
0.05117753884378886
0.051147898125060355
0.051124076712776634
0.051111177641918505
0.051093468603415196
0.05108617899344022
0.05105264608001183
0.05098667123961678
0.05083788472455627
0.05056898176529039
0.050254126715934565
0.04996585493777606
0.04952148934866328
0.048858423161773946
0.04823012607481137
0.04782687806319936
0.047555915227461734
0.04734728381396605
0.04707737360842231
0.04670896798863984
0.04628349377779033
0.045890865028071194
0.0455751138817853
0.04537436854201577
0.04525564633767348
0.0451871106155668
0.04514745829855001
0.04512488016168774
0.04510368418971942
0.04449023202890058
0.043055955071884366
0.04183553736753434
0.04114411441930932
0.04072433368473512
0.040469670472700704
0.04027457817615686
0.04007708439380937
0.03971273290435764
0.03908571078735255
0.03823471300286812
0.03724947704654392
0.03630070844210905
0.03553055459036635
0.03495708106102762
0.034561936546125854
0.03430786905510863
0.0341467128892321
0.034050421333499795
0.033981247176674924
0.03390958004520074
0.033816261552732894
0.03367956757642059
0.033659317026965625
0.03365816195227181
0.03365712302826884
0.03363680287088853
0.033505786238089044
0.03338818157454546
0.03332835904276568
0.033301063632972396
0.03329043982185951
0.03328557968547329
0.03328205399526973
0.033279541868294966
0.033274335799877486
0.033264884033101544
0.03325297444775279
0.03324329311051971
0.033240959212439816
0.03324111519376026
0.033239804671703795
0.033193495627457034
0.0326998034624983
0.031153262878512722
0.029226856848570515
0.0279869351429046
0.027399106940808434
0.02715321511142757
0.027035935568478327
0.026964316937274833
0.0269145199300226
0.026882148881802615
0.026860729143283402
0.02683863170467629
0.02681226065652116
0.026792361573861622
0.026780872119455148
0.02677502066386675
0.02677061028452633
0.026768309083940955
0.026765863959679385
0.02676290162658143
0.026759989682507573
0.026757731881417474
0.02675544201844041
0.026753774080124457
0.026750380947044173
0.02674839513557322
0.02674491628102869
0.02672605732963073
0.026695093439591953
0.026675329693673547
0.026662882907381558
0.026656793064796323
0.026633512249641753
0.02658577127314284
0.026528303151932442
0.02645713028826732
0.026388230386924498
0.026338330754415412
0.02630616538375744
0.026288056529235427
0.026277240923406168
0.026269362739020745
0.0262653359155267
0.02626225348313798
0.02626067748073345
0.02625972503156176
0.026259548347411912
0.026259478535614483
0.026258686724087533
0.026253155544435476
0.026238008607490565
0.026212230335307125
0.026183203877788348
0.02615717976129417
0.026141967754476955
0.026133451690139635
0.026127629628531053
0.026123156333752215
0.0261214098877798
0.02612106323342216
0.026120947676755935
0.026117233779168816
0.026113826584520397
0.026111255372096635
0.026110138801398623
0.02610970661685309
0.026109196381976906
0.02610819570183877
0.026106913824568267
0.02610546301331326
0.0261044277201371
0.026103962303555214
0.02610390818623577
0.026103743512810477
0.02610271305297405
0.026102251192951897
0.02610202756113234
0.026101278884507507
0.026099709888490804
0.026097891823982717
0.026092234877552824
0.026070827907197607
0.02606273189948716
0.026062653136086657
0.026061825584520557
0.026060795553328985
0.026057628224671718
0.026053098197812305
0.026048903745635385
0.026046244630393425
0.026043671690832788
0.02603915598122363
0.026033319426283917
0.02603253604646968
0.026032326911875167
0.02601869677708376
0.025854057699370367
0.025202608608592632
0.023936017673244218
0.02209541153594556
0.02007371051530677
0.018214036625185906
0.01657899693345544
