0.0554549390177954
0.05523224580826431
0.055029360452756845
0.0546680598341473
0.05402165489324775
0.05314634685722139
0.052331253169380205
0.051705886985151925
0.05128262076161415
0.05105432894812693
0.05093308660001182
0.05087307744501081
0.05084280617343387
0.05081994864232683
0.05078468626004299
0.050676203271442
0.05045802594536871
0.05004609369368023
0.04948650792658995
0.04888554671311529
0.04829889352617718
0.047830750911875455
0.047223966142645596
0.046505823374112076
0.04580295455354984
0.0452385082992472
0.044861557514411746
0.04462319220120893
0.04447420955559741
0.044365722073814395
0.0442247220591305
0.04405099497563137
0.043855505210267653
0.0436807186576313
0.04354564369072153
0.0434238550224308
0.04330799554503497
0.04319541566635008
0.043071070518571425
0.042950593102461784
0.04283677912710324
0.04273745138627298
0.04264568294253097
0.04257297790717924
0.04246080161713729
0.04220424622915943
0.0416333130331279
0.040704026550738855
0.03961062655036754
0.038602733762994
0.03785632702789235
0.037329324198163545
0.036875607379678065
0.03634931626809756
0.03577548020962791
0.03529734774111709
0.03497496097932462
0.03477001665129164
0.03459358691422499
0.034433874271809405
0.03431214458793532
0.034232945596310634
0.03415653095523818
0.03402170882137399
0.033822288933218765
0.03352627433006535
0.033189815095276194
0.032834731936974705
0.03232758028157435
0.0316118600272872
0.030704966487631432
0.029781754827652426
0.02898087419223849
0.028345312683099352
0.02789920800365523
0.027584868089954535
0.02735668525702163
0.027216451512458627
0.027109380841548847
0.026942382440517224
0.02663611817253776
0.02621598807497185
0.025729626549283614
0.02528347691452667
0.024903531183857276
0.024618162716840794
0.02441662270361192
0.024298541970530576
0.024246716481964758
0.02421532174261219
0.024181812634176604
0.02414963873507294
0.024114297021458883
0.024083882736606475
0.024056486118347306
0.02403525794218038
0.024021632015649278
0.024014566099282014
0.02400890771450544
0.024002718353683127
0.02399657510312166
0.02399450947370652
0.023959578298946144
0.023854738066494383
0.023846244070246464
0.023845816300741396
0.02384486843729268
0.02384258820876025
0.023793140860672173
0.023675052666442997
0.023569370677736397
0.023499059927910796
0.023464493571783138
0.023443171000246475
0.023429284823414363
0.02342151603447709
0.023416582502898776
0.023412096904926627
0.023386024622061664
0.023323806716648982
0.02324555468145704
0.02315016096977051
0.023034694307293137
0.02293605259995651
0.022873180392378584
0.02282970957570532
0.02279898548941305
0.022780342914247628
0.02276366740005178
0.022752381973560568
0.02274408383479172
0.02273808726231658
0.02273140891648158
0.022723079871944902
0.022714650961785657
0.022707794456550374
0.022701488307343046
0.02269716794319701
0.02269418847891231
0.022692810444538684
0.022691993197405762
0.022691228652554653
0.02269060335829086
0.022689714569887977
0.022686696566496387
0.02268170885074681
0.022677044920272258
0.02267183744807999
0.02266839010801174
0.022665774733025272
0.022663963500246475
0.022662014745042144
0.022660521373053816
0.02265820007492938
0.022655835296665358
0.022654342211086663
0.022654072246441573
0.02265376145829529
0.022651878963004333
0.022649116487439502
0.02264690133968524
0.022645381782299863
0.022640152225945433
0.022624209232044837
0.02260705980751747
0.022587550946001934
0.02257388590424904
0.02256667874213627
0.02256468686953999
0.022564262758830316
0.0225632038682526
0.022562889377057114
0.022562823186698982
0.0225628550690955
0.022562901541641665
0.022562829811038982
0.022562604078728343
0.022562127866860297
0.02256157245304616
0.022561315440228807
0.022561213900136518
0.022560808272944856
0.022559586795848227
0.02255939856211697
0.022560715536570325
0.022545370507988414
0.022308353728742587
0.020988435331446856
0.017805648405168267
