0.056974198221212545
0.056934212787179646
0.05689427207874337
0.0568235772657623
0.056677507362372176
0.056383221590262975
0.05590864529968005
0.05514484196965068
0.05409711356192636
0.05306429626843536
0.052222765085688905
0.05164909313698099
0.05128256787621421
0.05106787153322972
0.05090927719544874
0.05077955851500237
0.05069777035549645
0.050631582726464924
0.05058446540729211
0.05055511018463813
0.05052420721411755
0.0505047936575071
0.05046862250802076
0.050413587582400984
0.05029908076688955
0.050061235017416196
0.0496687514965529
0.049056532706145496
0.04821809924634564
0.04724724336688549
0.04622605784311089
0.0453497437610264
0.04460215544738179
0.04376609502642348
0.04266140211169048
0.041335084850014796
0.039983337715336076
0.038861749908982446
0.038042999144329986
0.03750461637904183
0.03716517042107221
0.03696019000405288
0.03682317426794734
0.03668721900116219
0.036522764812812386
0.036327313423517325
0.03612089496655053
0.03589436934132935
0.03566232845242035
0.035424735109452876
0.035228542625673286
0.035080690852421305
0.03495908321081645
0.0347990189593448
0.034510462525721326
0.0340552933107565
0.033505006903746824
0.033097267091994405
0.03293749385457682
0.03289606677160949
0.03288894009783066
0.032877229133785366
0.03286413425879182
0.03284557324306969
0.032827053270099396
0.03281457071597429
0.03280096013628223
0.03278772991341038
0.03277666775547673
0.0327640255948388
0.03274521799370601
0.03265435126075201
0.03230528788480755
0.03158159675229317
0.03050128003393087
0.029327895304536035
0.028324837772787343
0.027558679413669008
0.027085913450999116
0.026871913553848305
0.02681082437007603
0.02680349911504814
0.02677707237844247
0.02659433040871395
0.026010579877416753
0.024923804722156703
0.02378833340060893
0.022962413697293207
0.02257454485120028
0.0223995085576891
0.022244392839277604
0.02214011209407781
0.02208540913974794
0.022053980599553012
0.022033873664084824
0.02200540571510433
0.021912455105035405
0.021594378142713994
0.020855925860091724
0.019627128411374435
0.018022123941105916
0.01635251584162354
