0.06497443514258362
0.06466927197080308
0.061200686617519165
0.06063057588280555
0.05872825538291882
0.055411416953648894
0.05364732642263965
0.050919676901527294
0.05141869133010333
0.05476167303469912
0.0525632262224875
0.049754542520002665
0.044330258148782296
0.04152805339009445
0.035318583561861655
0.032144074540227836
0.035193490401760626
0.03707908120678637
0.03898078327971654
0.03765764994935382
0.034958234434234195
0.0310400644592072
0.028835004800981563
0.02644639838274624
0.026229496908485438
0.02804711923945172
0.02769076106441678
0.02466438154811003
0.02544982510182432
0.024572012804010616
0.02380661935119204
0.02490249273277182
0.026886612447630263
0.02680320620714076
0.026968063201846602
0.026705398476603283
0.026616175195016103
0.026289092982873113
0.0255649334493667
0.02479295675373747
0.023753368526382566
0.02234605279149759
0.021559767654721354
0.021319411725199248
0.02110462077478251
0.020894567314857056
0.0200215188290041
0.019482780048639087
0.02070686688391716
0.02235820823868142
0.023738059391228077
0.022068502027573593
0.01902895390283956
0.018936721447546736
0.018758727964763428
0.018609631422605653
0.01852684740517011
0.01847414881575878
0.018453653790230756
0.0185305743631319
0.01851672140134128
0.018515277472897156
0.01844552043664806
0.018414929463378114
0.018453908677958347
0.018448437150234316
0.018434811921936453
0.01841416141096203
0.018382995119311896
0.0183581205408715
0.018267462573746826
0.01802144415779053
0.018089006874375944
0.018234811222792552
0.01811007228385863
0.017650442498724505
0.015730263431535746
0.013528596276466971
0.01221996322040899
0.02099045104682249
0.006067246048235901
0.007415700178873985
0.006676884493740329
