0.06646153059734065
0.06734212109845629
0.06473183184332433
0.06649398340583804
0.06430774061231935
0.06070808836572744
0.05281537521841634
0.050207911217754975
0.05177177400817792
0.05490855666977701
0.04794805939336278
0.045089190854557926
0.04499110110721663
0.04479971491530921
0.04417634319823302
0.041948456673485054
0.04009616244532785
0.03690001055847851
0.033813411510255235
0.034235365703293455
0.03513819821665652
0.03441889334516347
0.0350682295019883
0.035295561681423095
0.032399297782922394
0.029414254711532414
0.02924820728806989
0.02820976048895489
0.027719686022751072
0.026002897327695475
0.02481691011256768
0.02409605332942102
0.023783344568922744
0.024576807296292427
0.024023837419831332
0.0237278586346543
0.023603736479993878
0.02352471190860449
0.023453870345475008
0.023523411430951317
0.02349729869646882
0.023566373825989997
0.023658359564533542
0.02448403802142336
0.02420489260941154
0.019716034842924487
0.01759773886997059
0.01427624206753842
0.014611269656280994
0.012481054792734179
0.01225256737188857
0.012564734148106568
0.011948588417783302
0.010632474672244568
0.008121015555932275
0.006553603747720818
0.005872721936490666
0.005715492311482835
0.006313325621851148
0.006166886077145846
0.005861329865769942
