0.06699694859804207
0.06708327425201609
0.062201642432376573
0.06506408210453615
0.06068653526186716
0.052654425265454156
0.04846410272813986
0.051701568644177576
0.05297033163001472
0.05378943146123206
0.049800031129822224
0.04409292586624211
0.04203652932103404
0.0429251525716928
0.044050121358833474
0.04058748332191933
0.03689098347269991
0.03323251685215706
0.03069747759906598
0.03113587079292214
0.03111450592125821
0.03069080217697587
0.030388833100616974
0.03056782986552318
0.031071009036535126
0.030766734271945637
0.03002987176212389
0.030043624786601334
0.02978443803799081
0.028950817764844934
0.028564848274629205
0.02842461239057526
0.02840708902347468
0.028303325541132872
0.028909846710422377
0.029268476650776403
0.02938373580758972
0.030013591821467123
0.0314540843899768
0.032071011960456086
0.031166361628079012
0.028816211170154264
0.028163419563463243
0.027562689437937143
0.02601018099921141
0.02543025673898665
0.024932103180400463
0.024778932385548853
0.02348951458690472
0.023681016724433897
0.023989655292816728
0.02377983113439281
0.02199869776925431
0.019688456665845743
0.01662218643120732
0.01348962366156382
0.011557077640543556
0.011094675938029593
0.01015928774940223
0.01082789690028663
0.010742816259139264
0.009364281438810185
0.009236459433014009
0.008795683140555096
0.009069417368911353
0.008799126024879693
0.008523041171321374
0.00855719210841231
0.00919648931557985
0.010050287275013111
0.012152895357071413
0.0063321887680155816
0.0064571750049667
0.006545949451839507
0.005604626645952163
0.0055779963589489695
0.006807963315897474
0.00555629171490354
0.00556245613039318
0.005276507974143802
0.005027383210519345
0.00494120662010609
0.005246907718372325
0.005705359823406538
0.005979207385598319
0.006087680442229815
0.005710867872358263
