0.06587918022578197
0.06580121421698494
0.06269685981298209
0.06132614709199764
0.06010806533305326
0.057772973081581754
0.05892287027897839
0.05479218792768131
0.05450128356560548
0.05291285305563313
0.05257765436328561
0.0496970119183853
0.04145208513154138
0.035003411024396074
0.032604777569478036
0.04216646112771257
0.04228458215634289
0.04164635666485212
0.03983330098707499
0.03883295212173659
0.03789914198333867
0.03560296971700991
0.03283082345294453
0.031110789909545068
0.03028716526245356
0.0299582646248044
0.02927812167941279
0.028205204541353286
0.026729872561026838
0.025467285830597198
0.02505353311131486
0.02280175785931378
0.020268790562107886
0.020572736037304307
0.020674471493348428
0.019426119499554084
0.018699072073481843
0.01857288603531401
0.018694357564911633
0.01886369544781391
0.019384697920683928
0.020134169978557357
0.021538693578295357
0.02108326295003458
0.022650816002762378
0.021595368790639998
0.020835306881269354
0.02233512590509698
0.020614393255434234
0.021946261956872798
0.02030686611226552
0.015198539886953213
0.01280977074150306
0.011170294610574274
0.011412271086793001
0.010580475743519962
0.010985752528595379
0.010397803477081389
