0.06488772067214547
0.06539306209381321
0.06206153403499404
0.06130279645174928
0.05950637105905252
0.056946658702345214
0.057024429597709876
0.05324927363652851
0.04976184925143844
0.049399030251543366
0.04926066975552619
0.04941142819708086
0.04987142378124328
0.04894371369969653
0.046872907591690875
0.04665757460133135
0.046164575812039435
0.04589639106800581
0.04504821602718624
0.043694592407291274
0.041753148120694944
0.03584805297492598
0.033881198458524206
0.032774106280677666
0.03285284278388476
0.03304723211087027
0.033422687954395576
0.03298236999218308
0.03299431086071455
0.03302840341268283
0.032923601568738525
0.03320196490409713
0.032733454424148795
0.030753766902329352
0.028374020951834982
0.024646479147252567
0.01859989862445816
0.014605091925763774
0.014026226579196485
0.014251553704968643
0.013921048637487667
0.013713557802539923
0.013576406121689007
0.01371476152348141
