0.06441833274259334
0.06460540717848784
0.06095045007931876
0.06234379275950834
0.05990787277365409
0.0552503435852233
0.051946806745155075
0.04755877133912796
0.051119211455340666
0.055509767824869195
0.053525755706026065
0.04989560522189964
0.04451393521320775
0.04210609226673568
0.04083376649859798
0.03987036472172116
0.03854809419242765
0.03535593987262946
0.034609529148960205
0.03368392447736751
0.03304133587728438
0.03292135466567134
0.03366686412413186
0.0338973911689404
0.03364109288836302
0.03379605635140829
0.03339560821425897
0.03355017953633387
0.03379454661807847
0.03380471701399227
0.033703043488294414
0.03388879729757163
0.03465254178270213
0.03386417486811862
0.03421599693115639
0.034354946900144796
0.03340815060154421
0.033223186043391716
0.031853229842960545
0.03076506248456214
0.02970926968608983
0.02949504788863464
0.028999043062030553
0.02730362452213918
0.02492214954891384
0.02335731467558181
0.022164161010246295
0.020387476536966466
0.020169794070943717
0.019476247263414237
0.019472657942109825
0.019707966963960703
0.01982668158840116
0.022425144827854567
0.028072503392030383
0.030838102451203196
0.022953455266732193
0.022268209002678004
0.01872607512480187
0.01819363432784305
0.018801214621708952
0.018517723291836416
0.018655930520310084
0.018408901135026932
0.018154375679802028
0.018048340491080988
0.017535487272575444
0.01745263782068562
0.01722927270880684
0.017062654461396796
0.016545412038841172
0.016025285700161672
0.015571222491144432
0.014148355465703095
0.013596132183518793
0.012808825261359008
0.005484136367277425
0.003907797647973239
0.005167305196035811
0.004942585750862324
