0.06607677194263592
0.06617504832070321
0.06157270606774574
0.06409916368219813
0.06017722480439256
0.051613432578779574
0.0474163210767047
0.05153582754319558
0.054837976138522926
0.05348261274842525
0.04402954310206573
0.03952733907086641
0.03954266205747677
0.0417606810746482
0.040756040240059306
0.03614140004073719
0.03375676200020604
0.03397693536126513
0.0336984960645188
0.0339634136740528
0.03019995616611642
0.03129818519714895
0.03321146048280664
0.03282421027982678
0.03078693781243132
0.02755905649196984
0.026252636119080734
0.024955105820887575
0.023418674323884028
0.023182296863004666
0.021620840097053517
0.02122197126469204
0.020027755742070264
0.018530754477988253
0.015592227457390473
0.01447360655680217
0.014515727116948393
0.01561749929576793
0.015864718280223903
0.016648417757572188
0.0188128894016711
0.020402080126663467
0.022078387717576205
0.023458093405474376
0.02378474639101892
0.023682995937310075
0.0241707286272261
0.024122792331432524
0.020364927955680477
0.02030122605002327
0.019385212519646325
0.01878210719879029
0.018142616500248947
0.019706886688709235
0.01894356749080434
0.018740011309092038
0.01863816982839346
0.01724306922240617
0.015801554379933518
0.01479034851802057
0.013396297736686739
0.012486409326767
0.010201666932793915
0.008102399586511792
0.007937962966204313
0.008288763305360549
0.007100767843184609
