0.06570745469663873
0.06645314879522812
0.06315116785565664
0.06454624990198468
0.06203264569780839
0.059056019357805904
0.05473591250881201
0.0509175673994552
0.04884706681526041
0.05259874358761932
0.0498538883891697
0.04596293899723599
0.043013234934629045
0.04166583879868445
0.03905182116970908
0.037559388380041
0.03756600814569792
0.039171266778217424
0.03908522461514434
0.03920516607095668
0.03862381168301171
0.03927039154461237
0.036406505741168875
0.03605619413406542
0.035879703655130914
0.03516579994431134
0.032261207276400035
0.03214138831197973
0.03195987992375956
0.031243963604208405
0.030606999513821797
0.03024196004328011
0.029698211257501578
0.028913834590462043
0.028387411269229168
0.028064499085159338
0.026402758932416594
0.025269511703771574
0.025765439599088155
0.024661344096527874
0.02248200681568385
0.022289944250442954
0.022566084533495425
0.020888089371683304
0.017401901824982743
0.01590599930105732
0.010997052264068326
0.0096191631242981
0.009450207254917681
0.008076824733098868
0.008022557148362868
0.007740450438216837
0.007909972219757824
0.006977223557919625
0.006521381049698545
0.005771519213543445
0.0051016976999080366
0.005074474704729917
0.005507481503759334
0.007547241783882842
