0.0659598611190528
0.06598520034188084
0.06522438804979726
0.06551422609491632
0.06552359847963524
0.06424596425657328
0.058582307499756334
0.050403899784811274
0.04466061035641333
0.053812083782947356
0.05115123167949176
0.04684481323742399
0.043466633385855984
0.04046873256399491
0.03708382387786055
0.036165395531451545
0.03594597530778871
0.035899503341404494
0.034620255325784804
0.03410011270208002
0.03512246653255407
0.03394126259239059
0.03320074677911627
0.027827485302055865
0.027071508648196282
0.02721750128877499
0.027634426883052836
0.027108739999177914
0.026637300829715816
0.026334352390107355
0.02612593488226198
0.026047478595717644
0.02604224389628371
0.025973066838193712
0.025978689614165346
0.025828108625048328
0.02561695937518149
0.02529611854571395
0.0253647812063422
0.0254524160775366
0.025574542620550412
0.026574469312347453
0.026432458881320686
0.026000924141550245
0.025716352103175705
0.024079141780889768
0.015626778695658136
0.011303502660080367
0.011085459437626718
0.011907294806393368
0.013646540930009608
0.013105282679983595
0.012729835302353719
0.012312686339557415
0.011868629426755187
0.011951758187681693
0.011851290245135534
0.011093174878956277
0.010174916323472191
0.00863993522374294
0.008584139883768147
0.00858063972265924
0.008619674193588637
0.008453154862173554
0.008439631280942723
0.007967678314902053
0.007190555952807731
0.007105491041812344
0.007188742272192657
0.007134674506446739
0.006934491232325405
0.006884907607554726
0.006671940210211233
0.006683242126883467
0.006734074602462227
0.0064188265739462845
0.005906937697813579
0.005665112604130656
0.005400078345510636
0.005294935629153398
0.0051072187572595296
0.005007208512604061
0.005042880330620338
0.004761274604445602
0.004224614926698368
