0.0639215323102052
0.06571686936530376
0.05913485811755685
0.05966193683077745
0.054645981807030314
0.048853122857478164
0.049783594544120444
0.05165518986139181
0.05215792059459704
0.04958648558033592
0.042624458860703096
0.038625664598932394
0.03971892651967007
0.039161604946822054
0.03910845851347572
0.03883191000201626
0.03697422355590642
0.034819717119953325
0.03212681658632465
0.03120541697039496
0.031064600412881227
0.030361678487168153
0.030345268874180428
0.030144650043494915
0.029004236809306964
0.02886061248747971
0.027930804321028322
0.026166263784365797
0.024440244096336744
0.024035208511048733
0.024029592942318545
0.022890025818999727
0.022341005030913477
0.022195826070741338
0.022294946786282563
0.021811712403853434
0.02009834339054006
0.020035393356945666
0.01814819271893125
0.017896782728663345
0.01685250682227052
0.015655794751735657
0.015049604296585221
0.014382466902727284
0.014098399152356417
0.013223948763874255
0.011545623604523816
0.011489560915486901
0.00991333937964039
0.008612571455185057
0.008907929345933228
0.008731307279086041
0.009127708448173052
