0.06641117407707012
0.067226281376941
0.06514008364571147
0.06635744059142021
0.06461793628869747
0.06246299918839826
0.0579059592033356
0.05862863216775494
0.05842575738975461
0.059293224166698716
0.046730351079267145
0.04743088115815015
0.04530765083390686
0.04488206582996335
0.043235444213704434
0.043390023668464034
0.04486126584138506
0.045184985714920314
0.04198506160864147
0.03796460366290531
0.031145656078286028
0.029459812090338156
0.029419757892385642
0.03043277530886473
0.031078159893713986
0.031302340167224045
0.03153314333746669
0.03185599516484537
0.0314495760282467
0.030383793147626664
0.02975432755859289
0.028842334434712222
0.028227629696401774
0.028981719459766603
0.02703063142720226
0.023523125330962277
0.02382833883004175
0.024559595541501653
0.02627051497505685
0.027838531559785107
0.023733178012957445
0.021490717425397925
0.0212302756509192
0.021205746496611586
0.021550220842042892
0.021287961273545604
0.021419256174368455
0.021480645419843077
0.021232821515264764
0.021586090538338557
0.020296851927557848
0.018930124058654685
0.01793515916585879
0.015907076401305648
0.0125334521588074
0.011821286080446084
0.010574421863746976
0.010814651923772605
0.011190983930335371
0.009876164543323294
0.009673420474554823
0.009176180257249804
0.008741778568117512
0.007344576928908001
0.0069547175014680615
