0.06674406343480907
0.06669468555170703
0.06341038987544617
0.06499688193842271
0.06229398837297908
0.057020426727745196
0.05553138601861606
0.056753730138958736
0.05641940358764036
0.05179691424815063
0.046622373392255785
0.0445822182515767
0.040560981135402095
0.039474939776008904
0.0418611465211706
0.04182275188925488
0.0397225934630832
0.0391734048872833
0.038261810434496675
0.035454954695120965
0.03470119514473435
0.0338839395346133
0.03256941352777668
0.033249840359197425
0.03342027006104698
0.03307274608954157
0.03284506175867495
0.03199605768787347
0.029500328660795813
0.027794194007015983
0.027340900875301534
0.027536382326782665
0.028563032864977543
0.028295173288031137
0.026771452336725444
0.0234930175620726
0.017095937817492166
0.014304571510399038
0.015418997488906756
0.014543837814176319
0.013249310739884402
0.0127308403742838
0.013846373375470872
0.014543701996378278
0.014721414658668682
0.01399670585853366
0.013136876527838893
0.012745864280622826
0.012697964414423727
0.01322105896741671
0.01327714657392694
0.011799265663950703
0.010521022828835587
0.009736545534518314
0.00927626199866828
0.0092432224307864
0.009311136843809804
0.009569514719419994
0.009561984069590393
0.009460561234335634
0.009396270269594584
0.008731731047777866
0.008595120454570658
0.008333087068829143
0.007917637365062985
0.007491653741499198
0.007170964637650882
0.006463165652644757
0.005779165425521517
0.00561359792269269
