0.0645643156476587
0.06481359158457321
0.0615517337925611
0.06284871215493938
0.06058333794351611
0.057046803216612735
0.052334669169284455
0.050052141873322534
0.051852425255602345
0.05489562890900566
0.05062860932754877
0.045844358440738364
0.043412546715893306
0.042621788102921346
0.042390313390189775
0.042926657905591865
0.04313588373092816
0.04060200414021613
0.033924447609317336
0.03067013417841159
0.027284389474290145
0.02775012323099684
0.02863087348558442
0.029170661186457836
0.029503808016633624
0.029358686655074018
0.02900898054005778
0.028797765083422276
0.028860578575674145
0.02882727621672903
0.02926864095924863
0.029708322120776485
0.029782943643375467
0.02975836835295923
0.029354580781314484
0.02934412090420163
0.028956557047998426
0.0285916720186008
0.0278363219327739
0.027184486504158254
0.027159847496172874
0.027481583351423894
0.027529270564984616
0.02777240614105648
0.027901519906258214
0.02434430791178088
0.02342677106508522
0.02129565078082094
0.019379036503030196
0.01580466091156309
0.015591886525851629
0.016132012629796973
0.015831350836185573
0.01517010883666245
0.015583015030839992
0.01568075079174484
0.016671989452153396
0.018087546503091415
0.019793294251891438
0.014324445896884717
0.014229510590244458
0.012960202148303257
0.01155131505380934
0.010293110711621848
0.009761790263985888
0.00960685207651614
0.009387383773321083
0.010106397894558562
0.010107408337655936
0.00898800600426705
0.007873751939731803
0.00723942518121897
0.005897898081474866
0.006043995933408031
0.006454820588137698
0.00637626682791656
0.005590049230249227
0.005533093299448107
0.006370271764021141
0.006090433806225416
0.005569167270935198
0.005478592812230752
0.012700203706606948
0.023365563913643864
0.0213868298733204
0.022070579057978826
0.02210219190247756
