0.06689125301731565
0.06680556670567389
0.06315322190754402
0.06506266415271389
0.06191672155737212
0.056749377924510035
0.06001469406038265
0.06195463121325985
0.059678981714340044
0.0544825907320783
0.04600875024506713
0.04301737506248758
0.04520868883165923
0.04532658119386331
0.04355366164182227
0.04223876381415658
0.041522727679902
0.03362613092112658
0.026772296068652706
0.02367631650521173
0.021472323139139316
0.021995420383407106
0.020515913164388805
0.019188192052451977
0.01874372379110756
0.017708063503416367
0.01752358971178134
0.017826137344440912
0.018716990671087903
0.01898341811485813
0.019266116726758157
0.018935499983227515
0.017752734039292832
0.018010299674351152
0.0178150734840473
0.018275279029262587
0.01863093259376192
0.019379636211658585
0.020002570730594905
0.019638102374138097
0.018607660246262044
0.018561017363430764
0.018412910340360453
0.01832751923538015
0.01870177394232418
0.018814587979826717
0.018277497439883807
0.017780593700539252
0.018795056379759586
0.021834558259811496
0.013940965355242555
0.011426796616765841
0.010269543036086494
0.011016693749976745
0.013019061791471059
0.010299974308508313
0.01027933554714345
0.010021918188851201
0.009590401243248201
0.009362760716467737
0.009173408566111407
0.008956177498813412
0.008916529902001554
0.009045037493809525
0.0091498746776174
0.00926743603387059
0.009195072484198938
0.009187255403461431
0.009103459470369961
0.009153124139888665
0.00900708389924318
0.008539419117439015
0.008647709573495805
0.008661954325380016
0.008574473498838055
