0.0631786903888685
0.06475317663848736
0.05882521283699257
0.058773240839651054
0.054719535727285364
0.050094211162465076
0.052303349750494665
0.0536661685020552
0.05498458220955534
0.053522632092075244
0.04685605809489247
0.04103380885697412
0.04312182864956445
0.045192399599335006
0.039227208094987615
0.03599592555661645
0.032967560899945555
0.031024044044857438
0.030765957751572166
0.03134618472809067
0.03153003309425195
0.03262554389196187
0.033024498141258005
0.033423544911457714
0.03349218532123656
0.0329222363111726
0.03300963502315979
0.03321971379359189
0.033193494154290966
0.03302634381675527
0.0330243407801863
0.032896271745404736
0.03277061816542029
0.03250841570116455
0.03235079459347144
0.03187835607451511
0.0316524064861171
0.03178660888043709
0.031718030089550056
0.03155165374876167
0.03131747532296595
0.03110265768767374
0.031268747627334476
0.03156376589360389
0.031672139586172675
0.03202137979405058
0.03265861494855274
0.033117507648447043
0.03337053724020056
0.03324685983713858
0.03292250744230715
0.03267661259072249
0.032409804202692016
0.03221048912671121
0.0313531943716007
0.030343470735355267
0.02787691215012196
0.0260631994833074
0.0256898609854063
0.02506989067622019
0.025104722957479658
0.023480822750630063
0.022476460776780838
0.02175748257170834
0.01977812945278178
0.017874168742678904
0.017518830192939386
0.017130079072044065
0.015166182810902144
0.014109171431498426
0.01141364566878764
0.009390028148132475
0.007818220082232036
0.007647799803485136
0.007341388132748634
0.006919525659060618
0.006427411670620086
