0.06575791533929157
0.0661950727557546
0.061855760554250086
0.06304573181541251
0.05973697281593131
0.05452633868531005
0.056317650095511734
0.053680561577993495
0.04880515646684965
0.049063417095474994
0.04677975010756366
0.043888291516865775
0.04277457260537509
0.040992133934496175
0.040214862508973576
0.04024049514525176
0.04049089618001274
0.04013742784243998
0.03628046653282026
0.03408436553490445
0.03223185432049848
0.03280894995840333
0.032281605206291676
0.030099689709676893
0.027521482172818395
0.02587696819083919
0.02572483636087931
0.026867482787412078
0.02734868005445212
0.028047635406037583
0.023500232022199797
0.023795750035635024
0.024631292000610466
0.026778086531285366
0.02715714024256982
0.028254824309278795
0.029233961954617266
0.029128720758741393
0.02878652358254039
0.026973067784651927
0.02483515016740191
0.02443629569261575
0.018553828432130708
0.019155238659084712
0.018689481834073332
0.01696031053135384
0.01691445938583518
0.01694136348832036
0.016191799540903364
0.016094262671389838
0.015494034443160184
0.015360309944469285
0.015555958294058678
0.015757776874667572
0.01558396176358276
0.015050847049929103
0.015006222362966318
0.01500605810544663
0.014075257217563385
0.013893639718715732
0.013112398998423277
0.010850855458085853
0.009251992051490144
0.008537397536353675
0.0076779005953707576
0.0073320236989418
