0.05516015918773244
0.05487430587415268
0.05464612434491172
0.05433288919320158
0.05380435282130137
0.05311525079810009
0.052422948822798326
0.05179804229942191
0.05123323662060812
0.05083681112936339
0.050659222994321566
0.05058851786244288
0.05055482335927651
0.050530190988364455
0.050507067417718196
0.050494149040249764
0.05048646926325318
0.050475197337979776
0.0504354275086994
0.0503417330612053
0.050170058168358254
0.04971868263425925
0.04835449295766447
0.046116820060467786
0.044437155381996676
0.04364848542141429
0.04317791924300156
0.043010733721154513
0.04298090046705459
0.042978100441121006
0.042978371967468704
0.042978382869848876
0.04297840203814647
0.042978384484041114
0.04297839422196346
0.04297755520596742
0.04297595917710814
0.04296630625762646
0.04291689864277634
0.04270668554731637
0.04215422963317916
0.0413460163293515
0.04057539126560644
0.04002664887482694
0.03966747471332082
0.039337758579799334
0.03910579431580443
0.038901732209421565
0.038636203697651694
0.03821460017705103
0.037684751790525
0.03723541964019176
0.03694322543715208
0.036660809876133404
0.03632011071747708
0.03591464979152384
0.03553333506920271
0.03519625639401919
0.034715883765651476
0.033801028462190755
0.03237691305475012
0.03073097712375111
0.029459625678198
0.02899459181559864
0.028912712678752665
0.028908478663581767
0.028908920049934967
0.028909104629675577
0.028909733570458996
0.028909500768334602
0.028909782442110583
0.028910807610121363
0.028912364949378783
0.028910182349462507
0.02881694223174956
0.028138420458469447
0.027090658743055558
0.02658770872619288
0.026472041912459197
0.026459644380133256
0.026455918846319367
0.026456338119980178
0.026456512091203133
0.02645769771431467
0.026455979016117525
0.02645560161373034
0.026454892381626963
0.026450882470549792
0.02643533164399968
0.026389797464675853
0.026323957608814324
0.026290614710847753
0.02628942848572516
0.026176184775115074
0.025938245889650505
0.02520891988732709
0.024936291665695866
0.024934293787461426
0.024934329687828573
0.024934322671725618
0.02493432846938859
0.024934326258612853
0.02493432871773613
0.024934327319085747
0.02493433000049179
0.0249343272270027
0.024934329924552395
0.02493432684558854
0.02493432704060889
0.02493433040430677
0.024934329694336173
0.024934323157165348
0.024934332863727177
0.024934367659643377
0.02493437492386256
0.02493457024772079
0.024932929811690173
0.024927429066857756
0.024926861225448488
0.024925943630548272
0.024926049029616173
0.024926048615738463
0.024925980514707905
0.024926000664452854
0.024925932679332106
0.02492591205474043
0.024925911114642135
0.02492593597274111
0.024925898622428205
0.024925889404639353
0.024925841325742083
0.024926037169410123
0.024924815701387902
0.024870184345785095
0.02456194522439672
0.023659720893052814
0.02221394095135157
0.020553593985328484
0.01869511611261463
0.016893061334926456
0.015291069593619696
0.01411180907397952
0.013361591021702153
0.01289389541088884
0.012632379528402994
0.01243813882201483
0.012172299818769427
0.01190012362697474
0.011726384657014269
0.011663678096684706
0.011649165628074281
0.011647898194628154
0.011647768702683386
0.011647765927530905
0.011647696382128989
0.011647723461442668
0.011647717917879684
0.011647754418559404
0.011647509463514737
0.011647207732227093
0.011637663672480845
0.011603008158341142
0.011538004370569913
0.011458699255885692
0.011367914417142978
0.011264297498434252
0.011172506956161746
0.011101886069829496
0.01106795770031939
0.011047258277307305
0.011036782022093941
0.01103288964860118
0.01103124346628721
0.011029975949959506
0.011025738953739362
0.01101422513676793
0.01100589495698556
0.01100241546498536
0.011001271953204304
0.011000614518053732
0.010999990553987631
0.010999246763089356
0.010998129701347666
0.010997176491744332
0.010996222879655515
0.010995498696794285
0.010994673903658207
0.01099399137398062
0.010993819670558588
0.010989171321693927
0.010866528643279789
0.010411242811959858
0.010026218386617897
0.009846394167916434
0.009780455645767058
0.009738166113906774
0.009672400239679127
0.009610780074626837
0.00956276205033694
0.009523822908888367
0.009493007317805177
0.009465697173021273
0.009429962260569394
0.00938556729450158
0.009337228794563663
0.009326451755086871
0.009323088235155241
0.00931802931512624
0.009316422503613255
0.009316124774147604
0.009316034505205156
0.009315944215051731
0.00931648973941023
0.009316754596386421
0.009316289927721934
0.009315024482552274
0.009310455425596303
0.00929864283742926
0.009262157265303387
0.009165846480485912
0.009016505936144453
0.008924304471410644
0.008904305604111738
0.008905881787828779
0.008905873130155435
0.00890583716966545
0.008892320919953548
0.008819382572990213
0.008697298191887078
0.008586456499713697
0.008516489594410554
0.008478139785740505
0.008440324551706358
0.008381034408287436
0.008238805874876853
0.007991218862173658
0.0077192390810381616
0.007590319321860639
0.007580045841330004
0.00757097300458977
0.007349342553942148
0.0071478361523958115
0.0071418742453782155
0.0071412460136383625
0.006969545216234926
0.006740681370850266
0.006720152398829422
0.0067191170107979035
0.006693378896260242
0.006623634477870433
0.0065402307218879905
0.006474898299374602
0.006431910251693963
0.006415683411139751
0.006409950221296821
0.0064089779473405885
0.00640897873561504
0.00640896722644407
0.0064085612074629055
0.0064061029637704275
0.006398498622830572
0.006389870515937293
0.006387319166532315
0.006178189523201402
0.005258728127975473
0.005254942023255638
0.005229761226332395
0.00520704423707924
0.005200703370654659
0.005201513290169048
0.005201111919793575
0.005200788352432859
0.005200690833372665
0.005200763555060808
0.005200880723096607
0.005201030862961875
0.005201369817405798
0.005201571962706077
0.0052019222598348085
0.0052023126967668904
0.005202004115908125
0.0052021967059402065
0.005201870388562715
0.0052016087309243704
0.005201295709761394
0.005201205878814057
0.005200598196255295
0.005200000372270208
0.005200073447002039
0.005199956105068393
0.005189340263260821
0.005090462833267028
0.004787648158667247
