0.058584686786925876
0.0584752111985363
0.05835944646316263
0.05815287813924329
0.05772358844001799
0.05706213639849636
0.056333655574987734
0.055833962446537135
0.055588243909621485
0.05549257911789354
0.05546417469260724
0.05544816595621774
0.05542801207699724
0.05539335598984333
0.055357468990516516
0.055333559922332756
0.05532138601558055
0.05531413678948023
0.05529260130564152
0.055197598869195265
0.054948421985800404
0.05460448845535687
0.054324623697596094
0.054169504917084395
0.054103871800224315
0.05407919932158082
0.054068143683138246
0.05406327729260083
0.054059339260991005
0.05405258707198276
0.054040260055950085
0.0539772217133812
0.05381517395260193
0.05369433058724652
0.05358764944219843
0.05319025499312653
0.052132205791749854
0.05035573911105456
0.048500849891143935
0.04708703364077103
0.04615341481624834
0.045564589626736485
0.04515494733660116
0.04473402385951131
0.04420733881137534
0.04351832613564993
0.0428385149504687
0.042273684085177406
0.04187527095486495
0.041628683267823846
0.041502724261024186
0.04143644600536754
0.041409005282233534
0.041393926612925694
0.04138428533885958
0.041371147850568196
0.04133505595375497
0.04125530115642673
0.041062712464411386
0.04065080652980568
0.0402167582580904
0.03996087635312249
0.039828972421437285
0.0397722637165823
0.03975227138612829
0.03974280770876524
0.03973574193039789
0.03973242465045293
0.039732403793438106
0.03973084012488591
0.03966833085971778
0.039379411530228926
0.03889831796780059
0.03852064136710019
0.03828000357366638
0.03808943161929393
0.03784662329811713
0.03758062423603941
0.03730265275304164
0.037047207291254526
0.036901943171555394
0.03684347489574701
0.03683972746799002
0.03683723822526437
0.036832341218928165
0.036826451629774125
0.03682649031774756
0.03682799045322464
0.03658410032748445
0.035384569694287445
0.03355104376248177
0.0316563440222255
0.030119438302704412
0.0291720978965492
0.028709682908151523
0.028488726601452415
0.028386565106057797
0.02833174998416223
0.028255863524367035
0.028068982208094406
0.02776729898134565
0.027524747294793376
0.027431796607832647
0.02739271828168509
0.02737673786250747
0.027368863978364383
0.027365489080697542
0.027363717836219287
0.027363169999473563
0.02736298951277234
0.027362784726615245
0.02736246113762752
0.027361498117696746
0.02735971138843072
0.0273578191010188
0.027348294457276344
0.027325104059754725
0.027286936149033037
0.027240018721834288
0.027194964854374566
0.027159307353623437
0.027105797659876824
0.02700612919190929
0.02689938631608187
0.02681891204848525
0.026791256612354812
0.026788423663657194
0.026780902866754833
0.026779467164339352
0.0267794583847198
0.02677192304240198
0.026749418313682837
0.026748115278956115
0.02655652604292
0.02571623952028267
0.02500398066385603
0.024722389890591518
0.024633405112014832
0.0246162576494148
0.02461591609834499
0.024615439984580875
0.02461099544381222
0.02460193255203181
0.024590568678030104
0.02430212340844061
0.022912071096893236
0.019903984836629383
0.016505428896935313
0.013946763063197285
0.012365129399645647
0.011327406016020353
0.01089897277572222
0.01076716505856983
0.010743194874473122
0.010734585294244493
0.010733947328394954
0.01073370672689895
0.010733983097573318
0.010732911150427928
0.01073150683721101
0.01073077270575762
0.010727476711075146
0.010684335546123488
0.01067289850995676
0.010369522959327623
