0.0554549390177954
0.05524107796001053
0.05504660030298647
0.05473629736947372
0.05416863888953242
0.05340733620298326
0.052699634735014746
0.05227489958714365
0.052027657557263
0.05185981854968138
0.051757752586533194
0.051696123814766425
0.05165928579780391
0.05163272378766617
0.051599719681887445
0.05153882936812606
0.051422405555329224
0.05128487697157511
0.051177885125615837
0.05111852278340025
0.051089897426288756
0.05107462974668649
0.051064708082043414
0.05105737024592001
0.05105247585007988
0.05104275537528219
0.05102449238174128
0.05096632445873691
0.05079935933493007
0.0502358421107153
0.04883370188845037
0.04684508229731783
0.04528164710901626
0.04454932382430678
0.04432137202536978
0.044258877827570875
0.04424728963804254
0.04424374845682056
0.044239437536538535
0.044206988591238214
0.04407196263676869
0.04382088355899378
0.043576443236140266
0.04345983853198121
0.04340350029802459
0.04337231482810876
0.04335670348011968
0.04334579944176987
0.04334011117089311
0.04333615090901986
0.04333365025060172
0.043331316567455695
0.04332929728080321
0.04332729101735583
0.04332233206955542
0.04331112079667046
0.04324561019490305
0.042876974701021066
0.04192253988736691
0.04036192440834893
0.038541053463566816
0.03697041747291386
0.03592656923193828
0.035341729777209556
0.03501332033000403
0.03481622401575212
0.03468336918951326
0.03459767717790869
0.03454490113506304
0.034504521806639155
0.03444724804053789
0.03437497720481788
0.03430156116206032
0.034244451393862556
0.03419062125153076
0.0341227251877276
0.03402717581093213
0.03395529191831312
0.03389574017763728
0.03384006699724727
0.033778099456041065
0.03366925505666645
0.033437283852230104
0.032825783657254845
0.03159164522455453
0.029827197781338567
0.0281933519282271
0.027171400240454967
0.02648384220716228
0.025912494878867418
0.02542065020207356
0.02506432874717352
0.024803291031585656
0.024649993634119523
0.024575387981471394
0.02451845447198521
0.02443436675155661
0.02430268372258748
0.024141746417178908
0.024025900707377132
0.023975765915840365
0.023961395257586872
0.023956525005303847
0.02393979238984132
0.02392635447274005
0.023921982456412073
0.023921760171188137
0.02392174712678969
0.0239217472583303
0.0239217454154999
0.023921748581857753
0.02392174687580425
0.023921747067614105
0.02392174552862557
0.023921743323559497
0.02392174480319619
0.023921745774082494
0.02392174741017126
0.02392174557390352
0.023921746988684423
0.023921745569670274
0.023921721953929297
0.02392158744063715
0.023921463201542526
0.023919161599767952
0.023912951279487574
0.02390649131940361
0.02387867704002442
0.023877019000530603
0.023864501154114752
0.022924028704039135
0.01838539757754143
