0.0567076228658509
0.05667584775499318
0.056628447353110296
0.056523892430102994
0.056240445358887954
0.05563058538926665
0.05458916855810556
0.05346966730916871
0.05270700304662616
0.052351034539195464
0.052230246161926466
0.052189275070900286
0.05217408586123271
0.052164120147494206
0.05215783552517973
0.05215178233354859
0.052132920452678436
0.05207270807875084
0.051903795229429006
0.05155795763375464
0.05110988320685297
0.050762017379381526
0.05059406643947783
0.050538650215367256
0.050525745547175524
0.05052345821279154
0.050522477070831504
0.0505221383280651
0.050522472681731795
0.050523534921039115
0.050520678769135234
0.05047054497292683
0.05024964956539872
0.049685390572278755
0.04836636359639643
0.04646108573117313
0.04508655784544118
0.04440586132653281
0.04406552190950841
0.04384627714362167
0.0436638423411947
0.04349570634227256
0.04331870252281996
0.04316346592340079
0.04308568271705326
0.043052843431588654
0.04302709600215778
0.042966242665481096
0.042867570012623264
0.042617779354256834
0.041794379185606266
0.04000121235643165
0.037837607611079106
0.036302435587564526
0.03558529653713339
0.03530571435570947
0.035204022819341166
0.03516935814272007
0.035158171009345526
0.03515131107941101
0.035147562689816836
0.035146818040770425
0.035144515496296574
0.035130886424024205
0.035106835470054026
0.035099395759251945
0.03509917002033417
0.0350983679653606
0.03509780273453196
0.03509711429921661
0.03509683849964005
0.03509663265639359
0.035095916752649864
0.03509262338752272
0.03507665147022699
0.035038896919098485
0.03496855831257189
0.03488793572995376
0.034844008915098874
0.03483297677427844
0.034826401067397775
0.03482165650694639
0.03481733604550673
0.03481353875988585
0.03481028440554824
0.034804727765086314
0.03478866761294143
0.03474519847357704
0.03460238188976066
0.03402165352083748
0.033334757278248264
0.03312834920673485
0.03310782982857325
0.03310464582873429
0.033097684564640434
0.033095372662160956
0.03309512318193621
0.03309452714303463
0.03309238587439139
0.03309169996773257
0.03308613026856848
0.03304351685133462
0.03278732881128106
0.032130996420246014
0.03126439515241827
0.030455982127082257
0.029883161003615235
0.029522785332406015
0.029313906369377123
0.02911423730116313
0.028784613640423267
0.028390173633753513
0.02805501460328908
0.027822440438675707
0.02770155273304524
0.027647805438086342
0.02763509289485803
0.02763349143183401
0.027633718478222373
0.0276337295273373
0.027633097848147804
0.027632699977457972
0.0276324447015995
0.02763222231336726
0.0276320921387205
0.02763207338156492
0.027632107603393578
0.027632247947891323
0.027632193442000727
0.02762196175305274
0.027562274765694256
0.027489398853028226
0.027463335679102172
0.027457999967715713
0.027456931532117968
0.02745672575720062
0.02745655226220535
0.02745644669417129
0.02745636990764727
0.027456592299683672
0.02745275521914166
0.027430858774815863
0.027357604430220693
0.02726078653401087
0.02720267921831444
0.027199832471267504
0.02719952405264037
0.027181572766496208
0.02690809217659511
0.0259664360271315
0.02484971740188623
0.02434139984728592
0.024226030097524488
0.02420318867461051
0.024193844867844094
0.0241722312224308
0.024164074838882308
0.024163686390478438
0.024156338777342783
0.024136803806536548
0.02413013144344943
0.024123844105597713
0.024111629247593296
0.024101038269201267
0.024087842795739414
0.024078485700149997
0.02407617196311152
0.02407554711697029
0.024075250134374157
0.024066288943009103
0.024043590614258776
0.023973244803877657
0.023899669038572963
0.023860510796730794
0.02383651997819745
0.02382163047333812
0.02381747282248538
0.02381646642834111
0.023816243229389467
0.02381578473116046
0.023813698763975134
0.02380355107866292
0.023762248157907232
0.023654194608518177
0.02355750014403889
0.023516376255458223
0.023503838989849566
0.023479578628734055
0.023418562943433655
0.023364471740094025
0.023339848407323324
0.02333239476283027
0.02332906426144794
0.02332825003512792
0.023326689039805212
0.02332308428280126
0.023316676201669707
0.023311203951412462
0.023307627272157013
0.023300596568947656
0.023297603246787858
0.02329730998557323
0.023290523747072824
0.022788868968483405
0.02009404256698273
0.015733854218258472
0.012970632175499494
0.012063748442612232
0.011902313109465028
0.01186220055771283
0.011844309832129734
0.011824906298402658
0.011794122680160802
0.01176654024055492
0.011750895390820673
0.011744843810125418
0.01174048556171359
0.011736063036448231
0.011730437941070773
0.011726132924814657
0.011722650615172343
0.011722314927816333
0.011720575093679565
0.011717157874750866
0.011712163023328831
0.011699307964609919
0.011682389519587204
0.011648304653530263
0.011587942492006124
0.011456383091955109
0.0112351944084519
0.0109389933584858
0.010605623412984919
0.010190577556873878
0.009593286595990914
