0.055365225067804565
0.055067507625969445
0.05480323161055559
0.05436859279875512
0.053583425395865934
0.05257945434974129
0.05173298339908724
0.05132959300446984
0.051165124643840994
0.05106505426132482
0.05099949593384452
0.05095426245619827
0.050923549953332675
0.050898054853886696
0.05087134271090872
0.050833624563009175
0.05076526467020155
0.05066545391423139
0.050527092537424226
0.050333221414872044
0.050045386133631665
0.04963015321482335
0.04910649986546959
0.048539139946857865
0.04800153300376511
0.0474982579367211
0.04678361309771887
0.045654444087579835
0.04431163093405471
0.04318177590654005
0.042485468504114735
0.04195818613352469
0.04116414947139988
0.039842657787242046
0.038304960836754755
0.03698175266142468
0.0361211459281111
0.035591280813712156
0.03514043956466142
0.03469560359089804
0.034300044665441926
0.03400456266057818
0.03379891031721638
0.03371755954004466
0.03368304885524633
0.033668506585745
0.033664600284962515
0.033663567252330925
0.03366327091581328
0.03366300529248506
0.03366244632773956
0.033661693890489265
0.03365891782937229
0.03365415101357643
0.03365179116966207
0.033649978203381795
0.03364905153406194
0.03364796412034138
0.03364754341110218
0.03364719520920263
0.033646838945286625
0.033646634897763705
0.0336464710885508
0.03364638127979998
0.033646336565896044
0.03364638187012556
0.033646284749307954
0.0336460207587484
0.03364427298403321
0.03364152951787518
0.033626315465260515
0.033593572429686615
0.033550724613268204
0.03351791408162009
0.03349436285932405
0.03349268103251376
0.033484478420563756
0.03333927155499654
0.032513875800039484
0.030678797665522048
0.028616613617901333
0.02732254896093492
0.026735140595834737
0.026508114707927497
0.02640312882835352
0.026317721144174064
0.02623387345062283
0.026128182210072938
0.025978255746358342
0.02581168109289352
0.025512637426512177
0.025233093686475076
0.02511028191064269
0.025068003735545255
0.02499977077665392
0.024894355147274852
0.024794789127080184
0.024725620293128924
0.02468233693250309
0.024655480391632532
0.024640403408489796
0.024632879832733243
0.02462781947629913
0.024619419341176507
0.024610100523660097
0.024606177471952484
0.02460612778363048
0.02460611953948241
0.02460611038880516
0.0246061009738733
0.024606114770509443
0.024606103836340047
0.02460609687065274
0.024606179654011073
0.02460565841343432
0.02460274139462814
0.024598107596985132
0.02459385643254372
0.024591962318025205
0.024590035781915855
0.024586339561095166
0.02458580467482374
0.0245746999717166
0.024542471049841634
0.024508748288449476
0.02443427164119535
0.024415733098690825
0.024403558305222353
0.024403243028268826
0.024403016206213646
0.02440302681686378
0.024403014730201962
0.024403014502973584
0.024403014632018633
0.024403014704899882
0.024403015899057186
0.024403015754522056
0.024403015458069437
0.024403015019886735
0.02440301336087324
0.024403008678025983
0.0244030253029883
0.024402950219775982
0.024402924191757276
0.024402781511247668
0.02440265007934846
0.024402812013037543
0.02440211490865938
0.024336492288766845
0.023174453728906128
0.018436034450882943
0.01428155432876824
0.013196779197477434
0.012977485180637635
0.012797284659455345
0.012733570749221997
0.012723194034660415
0.012716045395278854
0.01270669485761396
0.012695892521284113
0.012664493089975542
0.012614451047016683
0.01254318623215796
0.01244905958918613
0.012334560898317273
0.01223184030099334
0.012124357746387879
0.012029733451228661
0.0119575050684486
0.011891558070591762
0.011836051036468362
0.011732982374825104
0.011442229518695534
0.010912277663381969
0.010353128228745904
0.010120355613911954
0.010094846684096808
0.010092226479663447
0.01008609203060013
0.010077776141561658
0.010070745019717145
0.010063409857148887
0.010060722589161191
0.010057504142028186
0.010054091115832067
0.010047231829478547
0.01002830797090856
0.01000323054942552
0.009991666582249956
0.009989475343212673
0.009989351141910685
0.009988281209971894
0.009976528109885195
0.009887013121083874
0.009867567017222405
0.009866593424520769
0.009865813278089322
0.009865635104598649
0.009865621123500094
0.0098656665477601
0.009865700164911038
0.00986570691045818
0.009865706656120141
0.009865677545431934
0.00986549487997551
0.009864538684027124
0.00986229881755666
0.009855865951013319
0.009849261741380264
0.009828939281340309
0.009730498597667695
0.009707628405946812
0.009707655620550738
0.009707260333983047
0.009693370382408239
0.009687932603561985
0.009618998369760922
0.009459704449260961
0.009429278366874136
0.009428265716077928
0.009411944177550816
0.009337219335723507
0.009191363013513377
0.009054574581827134
0.008953340837864919
0.008872247138519137
0.00875796045893257
0.008536676350835585
0.008121901872634693
0.007511734689814047
0.00683085268311286
