0.059020073552113264
0.059020641213934376
0.05901912116943683
0.05901673070855594
0.059006681728055684
0.05897286495311278
0.05884307875004213
0.058474556028459405
0.05783767961699565
0.057145884269281653
0.056530880002740376
0.055945552561835386
0.05544275294656992
0.05505701821676445
0.05478157537448015
0.05458269486463924
0.05435235084206427
0.05396008738328343
0.05326775647897963
0.05249449157256872
0.05200392562433637
0.051825869956568266
0.05178446318449033
0.05177684358187651
0.05177598289717111
0.05177605517228589
0.05177597707448179
0.051775977358288795
0.051775966896708166
0.05177594705169969
0.05177594371110968
0.05177594025800574
0.0517758832766374
0.05177547657596269
0.05177314443467346
0.05175863266970507
0.05172050220631814
0.05168357823130015
0.05167744866896238
0.05167503389805582
0.05166182445915208
0.051042154786422184
0.04954897111553648
0.04781986373872964
0.04652919972150109
0.04567128982706787
0.04519794332886004
0.04482503602396662
0.04453341861635698
0.04422781810343648
0.04386747378264997
0.0434643705611797
0.04310946927761165
0.042819936362320364
0.0425503064027519
0.0419200449853517
0.041328858143580637
0.04103229090477878
0.040939774221009764
0.040908722237051116
0.040883411065701855
0.04086265453218569
0.04084493570153993
0.04082057472531853
0.04077727852218564
0.04069139996199565
0.04051272981742019
0.04025603512534261
0.040013074574988115
0.03967444924307681
0.03867450771469849
0.037688314927978514
0.03748365594518936
0.037478823205204195
0.03747780666886251
0.037477458296802095
0.03747745749457451
0.03747745508091607
0.037477450739539786
0.037477450146743516
0.03747744945333421
0.03747745387548648
0.037477456268776806
0.03747745061219747
0.03747742685533621
0.037477441714602544
0.037477370572661296
0.037476638756931066
0.03747383287257579
0.03746765586786837
0.037423603176631
0.037252636671847264
0.0369337960773804
0.036624215959224875
0.03641278436104856
0.036296304057376994
0.0362301665925878
0.0361556023659437
0.03602146704596715
0.035693967996320526
0.035043752045533734
0.03424880792743873
0.033724495101494736
0.03353616342138665
0.03349023440227219
0.03348938225674041
0.03326181145976021
0.032033944578620514
0.02994970279315538
0.02748862419780357
0.025310458476593842
0.023627731807947874
0.022403782165027697
0.021246695682649603
0.02003771419541883
0.018860807097572634
0.017978120182584476
0.017461270091511757
0.017150520263559822
0.016899053564554428
0.016667221050511494
0.01649998151253965
0.01635918979222671
0.016264624531171147
0.016123527308987324
0.015817875822851223
0.015285178120619832
0.014772269412999032
0.01444180958058111
0.014284140579632511
0.014235127360395937
0.01417666729415418
0.0138782259337676
0.01319050128978475
0.01238204505281223
0.01174926234715556
0.01128936185027068
0.010997367170129042
0.010799736251675122
0.010672630702287618
0.01058958320727929
0.010530665213140885
0.010484017251214686
0.01046059690843263
0.010438007650465389
0.01042102801068726
0.010379349536278816
0.01031208161645777
0.0102084737549486
0.010096943539661491
0.009976124698212558
0.00989260598934273
0.009819115361180217
0.009770894168180604
0.009736987512487805
0.00971985621428884
0.009702751071886642
0.009687866622061255
0.009653743577283207
0.00957997236973515
0.009479149785025573
0.009444622528259108
0.009442523874269032
0.009435827625069802
0.009211460864417247
