0.0566748453120689
0.0565637662841969
0.05645943593639872
0.05629914437729658
0.055971049622662035
0.055390273456957344
0.054456656919346584
0.053395213165814595
0.052594493692594516
0.05216464482540484
0.0519825572310097
0.05189987964001708
0.05186006530984177
0.05183933920634572
0.051826659575792446
0.05182307544303276
0.05181906166474583
0.051808434566865735
0.051780557200302155
0.05172723367649134
0.05163238884712264
0.05147888766449247
0.051272610411231004
0.051048045815865986
0.050840647355875485
0.05066063292359563
0.05049043676567068
0.05035776033350991
0.05019383044467345
0.049832598712634554
0.049081769302246586
0.04800055240627951
0.04699953768855885
0.046478458248421686
0.04629821151602226
0.0462335988194795
0.04621348184014032
0.04620346706365895
0.04619667167804366
0.04619107625225895
0.04618743284890174
0.04618415240706123
0.046169610057924054
0.04614227197988485
0.04606968751838064
0.04593425105388815
0.045795897636592975
0.04572350552370821
0.045699999797230884
0.0456803680190687
0.04565319315344073
0.04560986227468615
0.04555020297801874
0.045469529930632364
0.04538236548423745
0.045268167444524596
0.04514922655445858
0.04505598590708979
0.04500020385327965
0.0449671836370874
0.04492766553631178
0.04484293398177559
0.044673976848024426
0.0444202141486727
0.04407317714069241
0.04367575207947413
0.043277163661883215
0.042704666938585066
0.04167748413158111
0.04026901038066683
0.03901744956831792
0.03838460623107123
0.03820677097980862
0.03818273742407913
0.03818440487241192
0.03817157776977697
0.03812219783198318
0.0380377817307503
0.03793775946473812
0.037775762704128156
0.03756259820304312
0.03734636017073781
0.03720301302124385
0.03712497806160823
0.03707731680999165
0.037054238626074806
0.03704112618439805
0.03702925453471453
0.037015892719070666
0.03700834976530173
0.036998079349191
0.03697636868461407
0.036925990142692204
0.036785333451241686
0.03635801180438033
0.0351909556624632
0.03331906716625439
0.031546428512029476
0.030241812651286618
0.029318000179487023
0.02882685671779268
0.02855435306698484
0.02841026374689747
0.028318582071766144
0.028218703202553465
0.028093755342575195
0.02793296562296851
0.02780417963399422
0.027696329599110937
0.027631683199050575
0.02760858236049408
0.02759713608897907
0.027584452791817014
0.027514645135481696
0.0273738924168595
0.02720679849595574
0.02685690761724377
0.02609293457536031
0.024713494229279712
0.022836361358860538
0.02082541490766697
0.019042792309366202
0.01763946223667805
0.016785704227680595
0.016262667828620354
0.015950125075417525
0.015720015138279746
0.015575908044604686
0.015430093028264683
0.015280757468592672
0.015134195213642034
0.01499121892229702
0.014861718524074273
0.014748551867951118
0.014664665212344333
0.014629879779962399
0.014622055764529617
0.014612113843299308
0.014602404647778143
0.014601911901295589
0.014601907343548718
0.01460145373044719
0.014594487879134858
0.014474803614102028
0.01426976523820204
0.014200751681265819
0.014166782647430822
0.014152252159086802
0.014144862657988873
0.014141544314596237
0.014140126812575265
0.014139713732391512
0.01413967363269718
0.014139672439755604
0.01413959515055697
0.014139580063276608
0.014139569216863282
0.014139564045525299
0.014139557973079206
0.014139576666377154
0.01413957913193629
0.014139550554856892
0.014138991373140347
0.014134060832853084
0.014114695460132921
0.014089347607975663
0.014087639154803341
0.01408690965141563
0.014084469696831643
0.014084506363571388
0.0140836041100339
0.014077371435099552
0.01389250369749122
0.012223712433030285
0.010917479790916706
0.010307833591840896
0.0099082546656418
0.009649419673753858
0.009548108753728392
0.009520981208935457
0.009518903843203612
0.009518811670083303
0.009518262135968025
0.009516043586303624
0.00949844479985027
0.009457396990935145
0.009445397457821476
0.009432660979011735
0.009391562279941602
0.00926689110515707
0.008971385128798788
0.008675634628642829
0.008506109383323234
0.008420287218195236
0.008385754381201678
0.00836407076765383
0.008355122094285987
0.00835000502034423
0.008347957627188195
0.008346272580060281
0.008345448757852413
0.008345443387386737
0.008345444731755424
0.008345467661840147
0.008345391720069423
0.008345342534429593
0.008345339090308105
0.008345285233698955
0.008345254885396662
0.008345277902493503
0.008345205669721006
0.008345184273488912
0.008344114440284265
0.008339336982011567
0.008320822335238086
0.00829953428071138
0.008286459600025152
0.008279899513427199
0.008275955503225319
0.008202699911289024
