0.05309946724958315
0.05247238809439749
0.05218850880064259
0.052001638197699665
0.051833983795595034
0.05170840744322329
0.05165118581971821
0.05163764217370567
0.051635861932587596
0.05163469507877154
0.05163269030860485
0.051624452172454344
0.051608480521972616
0.05157665561004493
0.05153758990074781
0.05149549968547437
0.051447168520016844
0.051389899700058174
0.051282018907008564
0.05107826796228183
0.050853579366104365
0.050732330759681143
0.05068693543932166
0.05065456943863137
0.05059732097009452
0.05048671499305612
0.05030544214691951
0.050122508689005404
0.04995107860837957
0.049769575141216015
0.04954248718302244
0.04927525962688688
0.049016101071715806
0.048814524866126294
0.048710835504323854
0.04867980492225532
0.04867403623354491
0.04867334380008424
0.04867334165555818
0.04867330869285144
0.04867233258847693
0.048669022468134863
0.04866201433835086
0.048656049938769326
0.04865290581048548
0.04865113360132392
0.04865045731288571
0.04864996821693737
0.04864933447948713
0.048648358488718
0.04864725113347558
0.04864533130051753
0.04864392075628195
0.048642892411022605
0.048643194099307244
0.048641369587406745
0.048632052686612075
0.04861547942074497
0.04860035176547814
0.04854961340871729
0.048459574073984296
0.04840927706294459
0.048384884276888834
0.04837619438714716
0.048374798766047764
0.048360313051608095
0.04831257282716703
0.04818145584690949
0.04779980661011742
0.04698124231253033
0.04568534816358836
0.044486481151350836
0.043702559834792036
0.043108894312154894
0.04202825702203563
0.039872213721877575
0.03791524398788523
0.03712980187126983
0.036911149227782734
0.03686349628888197
0.03685069887073749
0.036848965460581265
0.03684859376186764
0.03684759359745542
0.03684648533965096
0.03684480874067022
0.03682774850553667
0.03677596191702775
0.03656047624233572
0.03586714412207286
0.034557563923731736
0.033179524605348704
0.03227445093170385
0.031846792643002345
0.031651154261601123
0.03155904176875479
0.03150761913840225
0.03148078021354597
0.03146746543040372
0.03145749513860612
0.03144186470557802
0.03141550154042527
0.03138838466506296
0.031356203082375904
0.031310459539958445
0.031057285348471197
0.030578961180346854
0.030101366845581276
0.029188981121944194
0.027722795937358956
0.026118430437138362
0.024760817435665734
0.02379697964946845
0.023175684526530172
0.022789424943721343
0.022444649379764307
0.02215411498089596
0.021948937467222377
0.021723247708267862
0.02119558819816805
0.02042601148487169
0.01969549609454628
0.019122574790396495
0.018731355548857215
0.01849773780007773
0.01833518983297277
0.018204371275507968
0.01812021732524355
0.018062723844009695
0.01801716388391531
0.017990825920214327
0.017971816659383452
0.017958230603849778
0.017945589654675336
0.01793767953918719
0.017933005393193976
0.01792475788365362
0.017894302601661957
0.017839929464225673
0.017768100859507144
0.01772276041340526
0.017716842481776133
0.017715194031109573
0.017714360602860923
0.017713556490364147
0.01771357088487023
0.01771351509670463
0.01771355182229187
0.017713548076147834
0.01771354100524824
0.017713549656048252
0.017713274133209302
0.017713102992581796
0.01771265254107114
0.017712147725299
0.017584115832662058
0.016994058547640956
0.016678778421315286
0.016636439210692713
0.01657900216897032
0.01657052535896998
0.01649142579019814
0.01597060126371203
0.014655934846591853
0.012379839855042901
0.010581740028420316
0.009722044687104373
0.009466854658510854
0.009410853019821147
0.009399940691470704
0.00939803130414029
0.009397369613534646
0.009396476001653357
0.009393481301715108
0.009375487429413293
0.009305271915576138
0.009067652519784503
0.00848662068348203
