0.053681685672133994
0.053154493255781754
0.05287725772695331
0.05265242418288962
0.05241667871529005
0.05223951323727201
0.05217268677588679
0.052164774196258624
0.05216503592372094
0.052164666228010505
0.0521636656957954
0.052159399715199305
0.052150866967654454
0.0521287913352754
0.05208904505836363
0.05201239513103612
0.05188788272783889
0.051759607222615515
0.05165996596276235
0.05159206978456843
0.0515512717194361
0.05152651755979804
0.05148915082997391
0.05138100035263463
0.05114653385147456
0.05079482030062201
0.05037293659181993
0.05002481536183413
0.049752011267647944
0.049448552788266105
0.04899247801936839
0.04829441991932113
0.047417138724891776
0.04669609786712545
0.04628636780831823
0.04596962996465767
0.045581283012700556
0.04521209810295805
0.04498800841167654
0.044881624145197876
0.044836473005569304
0.04482360160161466
0.04481835703363461
0.04481226252084728
0.04478133645418816
0.04461613766865865
0.044130237216217914
0.04327033981080381
0.04244743544797283
0.04177163349501418
0.0409250804855378
0.039796903980280164
0.0386877225143308
0.037824458708291646
0.03724365653485996
0.03688046654944018
0.036662504426643684
0.036491301025781936
0.03631114144239197
0.03613963245155524
0.03600539766726057
0.035854179281039074
0.03564765369603322
0.03530989992413325
0.03476622400811668
0.03407677261622841
0.03329116932546278
0.03271900765466104
0.03241001266093715
0.032316603603031374
0.03230095622491999
0.03228717408808722
0.03225303723362845
0.03218819439901929
0.03214879658078032
0.03213707627308442
0.03212079709350867
0.03212021288457126
0.03212020419605322
0.032120215949125674
0.03212022101109447
0.032120165754456205
0.03212022701898478
0.032120169725747535
0.032120181351831235
0.03212016255216032
0.03212017256750452
0.03212017126370399
0.032120174865715154
0.03212017492064435
0.03212015318081822
0.032120168523396934
0.03211922443003147
0.03210794305646818
0.03210298165944318
0.03210282371525612
0.032101270752946845
0.032065007953518514
0.03176094196006299
0.030904705792334113
0.029854071497784993
0.02918488357159592
0.028846485525312486
0.028683655772388787
0.028605571560395573
0.028558325011731476
0.02848904112279614
0.028328931046840467
0.028012527704718435
0.027224539737796625
0.02562985128261952
0.02319593118588156
0.020614339819697163
0.01887763582620353
0.01833530696075264
0.018287029784918737
0.01827824275145889
0.018233378735514075
0.01822990217285477
0.018226794087377693
0.018225897362431687
0.018200213426730866
0.018170752836476494
0.018160531235559753
0.01815988059384936
0.018159909374337292
0.018159890513328808
0.018159898192622398
0.0181598721948933
0.018159900652235626
0.018159921043840392
0.018160005498102844
0.018160002815681572
0.018159997710336478
0.018159892526171593
0.018159900292605245
0.01815930644810713
0.018159222793216783
0.018159348448612042
0.018159133284420058
0.018158634530634675
0.018158462710076696
0.018156557620510657
0.018151025498468934
0.01814345863447999
0.018137016662784722
0.018133983188794184
0.018125103602296123
0.01812123235933064
0.01801131218815761
0.017545653596931953
0.01706098054602796
0.016871650240548895
0.016788683004028224
0.01670702693410621
0.016613509019593607
0.01654184572424386
0.01648837473821989
0.016456482615340808
0.01644082995330723
0.016435565308508277
0.01643277383264723
0.016424082631126952
0.01639569980370517
0.0163750171176499
0.016369311274231125
0.016360556046140142
0.016360035425316735
0.016359785775313832
0.016356996827452928
0.01635152964743554
0.016351395787839552
0.016351732498892976
0.016351054283078217
0.016344900605452434
0.01630852056405781
0.016260483825730337
0.016227640322567984
0.01622215979486374
0.01622121793955568
0.01622172366962241
0.016221329813683114
0.016221161455980217
0.016221166305762397
0.01622104012066332
0.016220914709046352
0.01622086619863804
0.016220833259209713
0.0162208055877617
0.016220784901677752
0.016220762033241475
0.016220749166837578
0.016219872134509875
0.016210587789372843
0.016176023865157804
0.016119676773230635
0.01607658757577842
0.01603857494867265
0.016024483535411162
0.016022423960217917
0.016018597426401177
0.016000680221416357
0.015994437897101435
0.0158060532623212
0.015612685741815064
0.01559821557753344
0.01559606401634932
0.015592187927827818
0.015590434949461524
0.0155898876427958
0.015589796632468374
0.015589893063387966
0.01558989050201394
0.01558981154100491
0.01558975745889689
0.015589444432645217
0.015589304211878435
0.01558184659953775
0.015502307814348009
0.01513122781820823
0.014365611649799048
0.013342027938464944
0.012339725587003275
0.011575751378779192
0.011037152369863256
0.010687667711689412
0.010198032245582639
