0.05579830479671504
0.0555468153486439
0.05535499877439469
0.05511257803666662
0.0547212596971836
0.05422755868010716
0.0537571198124854
0.053423048034301576
0.053222142868024
0.05310528966243712
0.053043522914181955
0.05299144095537088
0.05293388935997081
0.052859197578022245
0.05274203389158088
0.052525145099877636
0.05209372286443203
0.05134868063571894
0.05022732863668623
0.048818469213883275
0.0473265682143208
0.04598730975160723
0.044982173196369796
0.04434351682786482
0.04398624049553599
0.04377968350920488
0.043646049389559
0.0435574350499914
0.0435171389969497
0.0434834807526708
0.04341712492417767
0.043334180879579035
0.04326067224323693
0.0431608945666218
0.0429943513536841
0.04275453614070719
0.04252294829528095
0.04230615086970915
0.04218774187008593
0.04215359565601346
0.042152370426648746
0.0421394404979918
0.042101399315519296
0.041998791034187084
0.04164048099725655
0.04078911957027626
0.03975543862843663
0.039241467311460165
0.03917790334078517
0.03917280824040726
0.039150048545390455
0.03909392720557384
0.03902725096347323
0.038959029594089804
0.038896966055261724
0.03885008222008055
0.038803905711459245
0.0387459066791781
0.03865821429410552
0.038562475065804666
0.03851106939643046
0.038501202605952065
0.038495961253241034
0.038439081845589106
0.03820457997299903
0.037884970780593004
0.037736890660127975
0.03766766424380298
0.03757452309367934
0.03746273896174289
0.03734596677688318
0.03726382379657469
0.037186192705773856
0.03713248130902096
0.037055731939535555
0.03696073334777727
0.036704504828278105
0.03606571582311872
0.03486334621015671
0.03328054242018972
0.031989163483707166
0.031391157066945785
0.03120601934179575
0.03117022223128712
0.03115990507077697
0.031155885021585925
0.031154474112699237
0.031154177970588316
0.031154089959763584
0.03115404174397466
0.03115402735985155
0.031153998174942823
0.03115401126539486
0.031153986911559704
0.031153979925198975
0.031153839382174343
0.03114797440756558
0.030938764260195047
0.029623194114353938
0.027199032763513778
0.025363179605261167
0.024628881386493023
0.0243467980896582
0.024185655770295487
0.0240713109772729
0.023964292405893393
0.023880733928689148
0.02382335068842895
0.023794994143755247
0.02378201896407798
0.02377788526671862
0.023776739205275742
0.0237761835357076
0.02377589391144095
0.023775820746988606
0.02377565374909763
0.023775544362506534
0.023774164377347952
0.023766172089578968
0.023703300481063214
0.023573439897847104
0.023527109052419937
0.023475509151095964
0.02347314742809778
0.02347292487926628
0.023468918500292667
0.023459355561565986
0.023183587274811113
0.020047580819532538
0.016789116264253067
0.01591785047675355
0.01582613939325627
0.015822181507202975
0.015820778334244234
0.01582041971919398
0.015820325751341454
0.015820472905226847
0.015820364023183472
0.015820422820500137
0.015820369028227477
0.01582028695484981
0.01582021393623035
0.015820193221745174
0.01582006442724241
0.015812986838342095
0.015762337095527948
0.01563179487010106
0.015387137548422579
0.014854316894834555
0.014048669809009973
0.013096125943939597
0.012178828817499966
0.011417209455738502
0.010903531958830938
0.010316848236868976
0.009646648589885171
0.009107894706069168
0.008865201137586263
0.00882169690738895
0.008814836342193441
0.008813983011298392
0.008811407851310982
0.008811639983938226
0.008748622416822196
0.008277606941025329
0.008040726561831508
0.008009236375462638
0.008008869539254925
0.008008679702971007
0.008008819851892827
0.008008534744083681
0.008008506179711118
0.008008520900715797
0.00800850452070466
0.008008505765230838
0.008008510441474808
0.008008499588552181
0.008008507696298307
0.008008508013631786
0.00800849826877417
0.008008486363670238
0.008008494098662998
0.008008496089761953
0.008008485112700294
0.008008540466301606
0.008008434393616723
0.008008401998672905
0.008008304097651167
0.008007620571344631
0.008006671096527102
0.008003809692345524
0.00799590098785176
0.007979485893828853
0.007956832864384967
0.007940202865773165
0.007909936804602575
0.007859743348193442
0.007850575238678915
0.007849811434223785
0.007849520842606239
0.007849212556777266
0.007837748431096227
0.007746463610910403
0.00774066647928438
0.007740878722971287
0.0077404191478774725
0.007740389507849771
0.007740403531702623
0.0077404102854054845
0.007740423162980645
0.007740433378191022
0.0077404480555209616
0.0077404250761371335
0.00774042745725741
0.007740437311841689
0.007740432911042908
0.007740356521551236
0.0077403201205971245
0.007740102909108962
0.007739710625237011
0.007739369317100915
0.0077375934569018
0.0077008428413582524
0.007670937381166948
0.007671422020585244
0.007671842486599477
0.007671865569648682
0.0076718963871958545
0.007671872233481304
0.007671867455593203
0.007671864250801188
0.007671859008007323
0.0076718711719455475
0.007671890035731536
0.007672680677882962
0.007673467128236052
0.007610761463361871
0.007444685795844536
0.007406316405554427
0.007406678052587718
0.007406750879069379
0.007393940922639083
0.00729490646770858
0.007147365799452859
0.007086234565577545
0.007072706681034132
0.0070721116267142056
0.007069030245651765
0.0070661195886888364
0.007064975515209166
0.007063861177460574
0.007063407399514274
0.007063016554377795
0.00706281961076333
0.007062756863102164
0.007062710185637468
0.007062936220396039
0.007061303903778835
0.007061005642803176
0.007055573233739317
0.006939096764652554
0.006639803102383998
0.006406460070352673
0.006366761521251604
0.006366509789442903
0.00636655381929591
0.006315712215194414
0.006287039514571956
0.006262153612983812
0.006259738818478712
0.006258294655419235
0.0062571805865179585
0.006256774200095182
0.0062565573832769296
0.0062564398543323374
0.006256410535799976
0.0062563962518087475
0.006256376554095262
0.006256249699156837
0.006256222681774243
0.006256250317412394
0.0062562176633296175
0.0062560834656044
0.006255826318287129
0.006255766820663178
0.0062575426199874135
0.006261019041571128
0.0062618910190520545
0.006243779221087302
0.006203083998087811
0.006201492794320863
0.00619943065673194
0.006197709501921991
0.00619370499087697
0.00618900594505726
0.0061860159431885615
0.00617824254910658
0.006163373575285068
