0.05710836094717049
0.057108640957382446
0.05710527378408994
0.05709962165758708
0.057080699597567605
0.05703275686476308
0.05691281656648313
0.056712623041014903
0.05650823530275705
0.056394046616619106
0.05635167066312611
0.05632386500217202
0.056305378022555
0.05628724307132358
0.05626748110048535
0.056244730852006465
0.05622345438862627
0.05619145131262687
0.05612193600981657
0.05601610705515052
0.0558245134577297
0.055338816142629164
0.054619583637709905
0.05398221677361545
0.05361280852443072
0.053428635183746326
0.0532550263314043
0.053069266523628304
0.05288275977302241
0.05272296182868668
0.0525998355767465
0.05251847115954745
0.05247268034033869
0.0524517886173523
0.05244613796693091
0.05244439753762006
0.052435470722645094
0.05240310907442346
0.052358395645590874
0.05224775579879023
0.05192492012150269
0.05144098917088085
0.05084412422212287
0.050244058023132865
0.049714999830383494
0.04906391083192822
0.04835208017606603
0.047781365307430754
0.04747871083195529
0.04735154637030152
0.04731026804412294
0.047298391216817434
0.047293273380922686
0.04728085551853513
0.04726812154267091
0.04724550166425985
0.04721226379904788
0.04717077213884862
0.047122542109323554
0.04699917252117856
0.04670396235030528
0.04606243518257838
0.04477857531581205
0.04240478736534753
0.0389420618573981
0.03547664629418128
0.03239128220914322
0.029248345246641678
0.026113604638555464
0.025088950327432587
0.02459345608413578
0.024393363752994043
0.024323596180156
0.024299805417772075
0.024292291954124592
0.02429034479759156
0.024289813846322346
0.02428972411492978
0.024289730947608987
0.024289748427657947
0.02428954712906773
0.024288157301457003
0.024284943266173205
0.02428062184690052
0.02427565470442417
0.024265823177700402
0.02425806164158653
0.02425114191046949
0.02424507653557898
0.02424060251834814
0.02423098488835687
0.024204941119784055
0.02413512165634081
0.02389717758963419
0.02361124435388537
0.02354413148313034
0.02354271302195832
0.02354249195501177
0.023538634361199746
0.023535208624381382
0.0235322795802538
0.023531219459384918
0.02353072205334889
0.023530373011335145
0.02352978003170378
0.023526331646855882
0.02351409773287829
0.02348411803285053
0.023425597968988507
0.02326447966426463
0.022592708540508672
0.02181965600049773
0.02169049536421732
0.0216549121601933
0.021653953210228668
0.021653878923127298
0.021654087553113918
0.021657344011253694
0.02145927116378872
0.01975653690035191
0.018887187247504874
0.018729311994126637
0.01869400999234337
0.01867579739956556
0.018670411754641784
0.018669996063920176
0.01867013419773774
0.018669625499731356
0.018665674008467078
0.01865467570039304
0.01862451574790004
0.01859859283834429
0.018577020080513183
0.01845830172871138
0.01843039808029898
0.018298798770666848
0.0181251335250827
0.01804350078510166
0.01803887064992052
0.01803827231059247
0.018037825607175286
0.01803770018472263
0.018037701790669426
0.018037705750617715
0.01803770664511449
0.018037695431511114
0.01803769742753597
0.018037705923366686
0.018037693439207948
0.018037695162181726
0.018037698509922696
0.01803768972907019
0.01803768665047936
0.018037688820329717
0.01803768582174724
0.018037702474428575
0.018037662245186242
0.0180376152926675
0.018037556454260317
0.018037187346999627
0.01803701622991031
0.01799983263489745
0.017707373244155066
0.01739555837317129
0.01728017601541895
0.017165821549383543
0.0168419592380815
0.016814103143733935
0.016788593364211398
0.01644183455089092
0.01591419100174668
0.015399309976441136
0.015042489345630588
0.014565548671741006
0.013845928679260553
0.01286964553752419
0.012003623352730664
0.011452879152341305
0.011313570639844872
0.011304876141402076
0.011304861258393965
0.011304824744376493
0.011304668227032938
0.011304676527560316
0.011304660380467211
0.011304657745572204
0.011304666318350289
0.011304680460692907
0.01130467586946811
0.011304679795738092
0.011304689882462202
0.011304681372980331
0.01130467406251853
0.011304644804251472
0.011304531184756625
0.011304479709482623
0.011304487575618376
0.011304244902814354
0.011303899139434742
0.011303768394363077
0.011303667389128101
0.011303640250360375
0.011303648722378067
0.011303650363771007
0.011303650141976363
0.011303646130276887
0.01130364829468371
0.01130365345373559
0.01130365566848288
0.011303650549591268
0.011303641439035748
0.011303646454573423
0.011303647414467235
0.011300794181375891
0.011289017423620455
0.011288008395430309
0.01128765055078775
0.011228170668901055
0.011142954166178184
0.01114203460159818
0.010915232342312394
0.010744236133391809
0.010740005700184775
0.010720042954971552
0.010715277075822998
0.010715107546184408
0.010713829733741666
0.010714316260394163
0.010714230705621977
0.010714192079860841
0.01071421068328354
0.010714199820589805
0.010714205039199036
0.010714285410023092
0.010714326990082533
0.010714106147420445
0.010714071984138034
0.010714262440757667
0.010714147304359227
0.01071402129749048
0.010713406523142614
0.010712752518987498
0.010711986068682027
0.01070872171586872
0.01068842069647515
0.010592912225107167
0.010289287054005196
