0.05762051258519199
0.057307484818386746
0.05702815618439842
0.05657474584858169
0.05575116631377734
0.0546775999383535
0.05373188647683988
0.053226841432518136
0.05297823872759179
0.05281884908956216
0.05272007307121386
0.052656816511267995
0.052616634012278
0.0525867322296282
0.05255197068742899
0.05249048691028575
0.05235012497495515
0.052088338913908655
0.05168380571241534
0.051183287653549764
0.05065304024982273
0.05013889809898218
0.04967715500328555
0.049290172461274484
0.048984914243211566
0.04872719731466674
0.048392387049707795
0.047879533699396244
0.04723175085382982
0.046392578686673985
0.045301968188986665
0.04425512558985955
0.04350987259572938
0.042910094851850364
0.04233354178813335
0.041786788194697035
0.04136578090851127
0.04104724936115025
0.04070930242348637
0.04022379838244184
0.039497863094614796
0.03855803983119643
0.03757533036607108
0.03700070028356042
0.03676225028217696
0.036651740729120294
0.036585908596555354
0.03652454235379815
0.03647715078944893
0.03643235433206476
0.03638698881832615
0.03635071556311517
0.03632130048033463
0.03629405867134777
0.03622269207809725
0.03604902019691485
0.03588925612178782
0.03582599394467078
0.03581405394390476
0.03581035201372553
0.035801568370362594
0.03579010128710313
0.03577910478002788
0.03577088585284263
0.03576554563365664
0.035761341626567286
0.035757413788007154
0.03574832654544588
0.0357390479514869
0.03572873020292655
0.03570832199462222
0.03565047959319072
0.03547162801107822
0.03519014630533625
0.03492112016154218
0.034736472425861295
0.03459346660373107
0.03446973988760057
0.0343614955588536
0.03430127492967687
0.034260520635875966
0.034218474458183754
0.03417062679548873
0.03411349787641892
0.03406904987426807
0.0339777173834777
0.033592583597064005
0.03268802937025949
0.031312411256889786
0.029799819724905124
0.028496499012333042
0.027601313864218265
0.02700216733786887
0.026646002235246984
0.026385429953865596
0.026183168472372304
0.02605325997959035
0.02599660473923412
0.0259833009988017
0.025982004967615897
0.02598190080807071
0.02598180734562848
0.025981716955638112
0.02598167412376684
0.025981678514141057
0.025981635344327424
0.025981686978832505
0.025981848763411426
0.025981937539200313
0.025981922341456614
0.025981859684632607
0.025981888651285097
0.02598187065360457
0.02598187277246252
0.025981866118524995
0.025981871165959812
0.025981892340742607
0.025981880969584075
0.02598191174513779
0.025981961231817462
0.025981880728006133
0.025982187573213997
0.025979975703244573
0.025967897366116457
0.025940548126855284
0.02592416632104555
0.025881573530174663
0.02416322736878627
0.021795726438740736
0.020876431099185473
0.020557819400614696
0.020435143794969354
0.02037336382172468
0.020335675207058816
0.020299091277004865
0.02025178160055602
0.020186892452383295
0.02008922147679569
0.019929206666894028
0.01974054924692934
0.019577113059311344
0.019455809648122775
0.019371023024015874
0.019310990670797005
0.019266492535168236
0.019215476318674467
0.01913982620952631
0.019063044252427025
0.019020507192918125
0.019009199097263074
0.0190013295637362
0.018974529940288754
0.018887665139881857
0.018763297815719265
0.01864343853982711
0.01852585365349203
0.018430478569125653
0.01835926968191956
0.018320494047908767
0.018295041356596646
0.018279386637391204
0.018270095455852835
0.018263695486759466
0.018257786482495642
0.018250068125623943
0.018239487795212186
0.0182203366830978
0.01819339809855004
0.018168221037709556
0.01793291016027608
0.01600291710447048
