0.054975309489428095
0.05458440401690776
0.05432432019987042
0.05403261028631726
0.05362672551444534
0.053194022905280657
0.05283660211732344
0.05253256424354625
0.05230475371869438
0.05219247257388216
0.052158629207937145
0.05214802998833919
0.05214322191688855
0.05213910370292561
0.05213386358097849
0.052131970104115896
0.05213011462289235
0.052126498833255236
0.052113395092033866
0.052084799505146114
0.05203675367304497
0.05195586052948391
0.0517285703016459
0.05115979735323881
0.050477889263417154
0.05003306195359056
0.049175935540567005
0.048145330150091564
0.04764836199944706
0.04751570098274082
0.04749230368101476
0.047487517874812556
0.047485800075546813
0.04748338812060304
0.047476919798969675
0.04745154909046371
0.04737871406317958
0.047186217116818516
0.046796430510901196
0.0462682233139252
0.04580503905487366
0.04539367612039289
0.04472530750196625
0.04356644122346358
0.042104100553704914
0.04060665083243814
0.03948093308366811
0.038660913414954666
0.0379578532663401
0.03736047217972118
0.03691484244398531
0.03662182392682213
0.03643732911965825
0.03626945145382138
0.03609307092690643
0.03588926246007323
0.03568944783197658
0.03547427914451467
0.035312911359191596
0.03514473153625097
0.03495584036358042
0.03469329681352418
0.03432320597909029
0.034029694192490696
0.0339004505446249
0.03385640617806325
0.03382631317230246
0.03377075415878916
0.033643190757400396
0.03345743586130958
0.03320039681847752
0.03295095387070388
0.03276878275376302
0.03267885246096872
0.03264907858901044
0.03264001658078405
0.03261552133181131
0.03247417206233209
0.03182625617506144
0.030225371347549147
0.028237565841141465
0.02702732705475807
0.026400202312542635
0.025972208639414785
0.025649515457471628
0.025431569405664975
0.025289421664365815
0.025198841915113904
0.025140529563997614
0.025100483924854686
0.025076190413459307
0.02505594072409153
0.025032102596937722
0.025010873432532513
0.025001950719379402
0.02499936197736088
0.0249988064970675
0.02499902595740591
0.024997990934079607
0.02499829865690637
0.02499766493253112
0.024997446053342025
0.024995971568963635
0.024992611779269723
0.024990136545243822
0.02498451945238254
0.024950513494828158
0.024845342226749986
0.024735664239186203
0.024591175316469666
0.024528835487922392
0.024492724446233707
0.0244330785199332
0.024413198019529427
0.024368427022333723
0.024359052985469632
0.024358477808597505
0.024358491996324998
0.02435849586966273
0.02435849417305218
0.024358495186514385
0.024358492643157544
0.02435849404749068
0.024358493215788146
0.024358496464423972
0.024358494244579837
0.024358495870492713
0.024358496420845657
0.024358494028786908
0.02435849616038933
0.02435849579837055
0.024358502204340052
0.024358471388240866
0.024358251551379904
0.024357849471571363
0.024357403082384467
0.024356376971067527
0.024312389443102496
0.02374546482954056
0.02158972698421033
0.018195772183124622
0.015014998225025673
0.013188622906633678
0.01260026567451814
0.012476166931553076
0.012454995799984008
0.012442222763420179
0.012428970744355984
0.012413328359804836
0.012382293295878944
0.012341805368559002
0.01229040902513321
0.012237376788985345
0.012180088504189808
0.012127377301209302
0.0120806383162439
0.012043360140199137
0.012017080971756083
0.011971533255078923
0.01187039240462899
0.011707015820839854
0.011532013882094
0.011417297029857372
0.01135992493660791
0.011336290589597675
0.011325922200207573
0.011319837400605033
0.011315601672302765
0.011312557563698472
0.011308404977170831
0.011297042267453062
0.011281606183696728
0.011274912303134921
0.01126763237782878
0.011267430524634385
0.011263317030842206
0.01120097413185786
0.01103273883795205
0.010936279468235064
0.010851013938275632
0.010717343897915862
0.01053975236974373
0.010360736874451826
0.010213055040992437
0.009967077907340846
0.009583515294677445
0.008837509075237336
0.00792112483982127
0.007627920990262709
0.00762319538473382
0.007621303087101986
0.007620954412685641
0.007620130546002636
0.007620189321125082
0.0076202323255449254
0.007620256225990079
0.007620389783623372
0.007620385337725801
0.0076203404279157165
0.007620333059933395
0.007620336478320847
0.0076203464872911875
0.007620355481016285
0.007620353250903639
0.007620349893952973
0.007620345983068576
0.007620401765883114
0.0076203302507779356
0.007620306324715661
0.007620307278970641
0.007620194036642573
0.007619852286999509
0.0076198155504497034
0.007619111480444061
0.007619076050619723
0.007618837668277927
0.007618872662669383
0.007618876897715405
0.007618853082964716
0.007618843730165835
0.007618942113281519
0.007618942015569833
0.007618401174749935
0.007618302229706222
0.007617648700138864
0.0075824028834081715
0.007499277149547511
0.0073974849987502615
0.00730102339429147
0.007251640796681109
0.007195450669988648
0.00713604282181058
0.007100038111236637
0.007072177270103753
0.006278927377490004
0.005804133076812948
0.00567950340035767
0.0053155368586824975
