0.05573097843520275
0.055463106771093174
0.055248807317609436
0.05495133524276849
0.054447585910937735
0.05379517926925059
0.05317005606895831
0.05266545426465677
0.05223649165404876
0.05191767477767537
0.05174616682497175
0.051648615123318246
0.05157839339105239
0.05151133237449515
0.051437787365947535
0.05137996119292066
0.05133785441987286
0.05130757437050205
0.051254791645155416
0.051162321658087824
0.05107127521549742
0.05103867564279354
0.05103008136204996
0.05100937480620893
0.05098793774689992
0.0509737031759691
0.05088989065152479
0.05072800165448395
0.050582177175491266
0.05050378713862584
0.05047488123493933
0.050461526022793045
0.050452173625536285
0.05043865239293508
0.0504089444649465
0.050316288824552295
0.05006952870502159
0.04945262404356535
0.04822555195147365
0.0465854780415268
0.04534101383785056
0.04474894625288628
0.044483768627109614
0.04436689069423003
0.04432317219282126
0.044263309884781825
0.04420177228970151
0.04409584313268076
0.043974789019928136
0.04383737138780601
0.04367311142773695
0.04346996595946409
0.04324839180907073
0.042979505048440794
0.04266893970520182
0.042318818634323074
0.041987271721888285
0.04168517315860295
0.041455857169660756
0.04128282373707466
0.041188223301644684
0.04115747146243364
0.04115395488282344
0.04115295060210212
0.04115256418670299
0.041152636012288905
0.0411526310797305
0.04115262123193064
0.041152610200847144
0.041152572162319996
0.04115259689301924
0.0411525783335056
0.04115257987116114
0.04115257391768143
0.04115258221745749
0.04115259082710487
0.04115258565711282
0.041152571628051596
0.0411525751192885
0.04115200739508663
0.04114171511013265
0.04080422075590513
0.03949870110785551
0.03808041367432378
0.03754308611985549
0.03742631706746814
0.03732404679751762
0.03699385497089056
0.03651513383508226
0.036204932827357365
0.03603958441682003
0.03596073295228919
0.03592573470379434
0.03590979667629515
0.03590316472153518
0.03590139206874683
0.03590133125452249
0.03590132248567409
0.03590133908180447
0.035901279650735494
0.035901255215563165
0.03590126157393796
0.035901259665831964
0.03590126792119889
0.03590126623047241
0.03590126591881754
0.03590127003689837
0.03590127669060922
0.03590129762391451
0.03590083617891967
0.03589910493079727
0.03589720852851699
0.03589480851520222
0.035882818043483505
0.03588088742717664
0.035863973387196164
0.03551644800890428
0.03441207590819276
0.032541779680125935
0.030691668509857585
0.029276631332762895
0.028326441920449023
0.027753779290501344
0.02745518999059925
0.02723700193478014
0.026872945819348935
0.026212706723774713
0.02528308542801175
0.024343376160043582
0.02344096497503796
0.02246269705424808
0.021531318496028334
0.020693997280989383
0.020160824574109826
0.019895054402293298
0.019809300359690862
0.01978692489262069
0.01977242705391222
0.019720408618112042
0.019497882890804598
0.018765238147596168
0.017561961320184685
0.01629695173254184
0.015382686116552299
0.014807850199782405
0.014522618872897505
0.014372404456664507
0.014298801444113121
0.014243666218711572
0.014202812576057284
0.014181223689812896
0.014174106785272414
0.014173525129627558
0.014177251152071252
0.014178574985334992
0.014159314120505594
0.014096964254376057
0.01399642988303833
0.013828468787715825
0.013570686127810294
0.013074155985651568
0.01221082689895856
0.011082505922719097
0.010043276783934256
0.009340996426264129
0.008967393049280698
0.00877204096586763
0.008611099571166939
0.008376685560569377
0.008145296082158091
0.007988108933325591
0.007886610085084136
0.007818085137158792
0.007771246675274341
0.007735426455505166
0.007709048754352527
0.007690952527047842
0.007680981630899424
0.007673966242573043
0.007670029632949327
0.007669004994240329
0.007668016263062559
0.0076676456670738205
0.007667526559175343
0.007667543598413222
0.007667526426093376
0.007667487666296999
0.007667677595328375
0.0076667411557483035
0.007662617506798751
0.0076527757175311505
0.007644779074858147
0.007635376205252547
0.007626187733904366
0.007574494840409736
0.007481927294706901
0.007440497170640085
0.0074384562957607115
0.007313368962950172
0.007220724221267441
0.007111846816764974
0.007090119630870787
0.007090233369211141
0.007090222408571201
0.007090254524512521
0.007090242724061939
0.007090241225797451
0.007090238112615955
0.007090247506308235
0.007090249263110644
0.007090230911473664
0.007090206795180054
0.007090213554012022
0.007090205794820654
0.007090205286905913
0.007090082661565572
0.0070901907691664845
0.007089588905891848
0.007087805307198278
0.007087743711569408
0.007067011669099334
0.006961471581293152
0.0064545799695650335
0.006269303651362237
