0.05308412003923918
0.05238226823495199
0.052014338704053226
0.05171318846698596
0.051395405667414906
0.05115375133628133
0.05105965337963931
0.05104562931267675
0.05104314179168897
0.05103370074081398
0.051011802789397535
0.05096302776556417
0.05088620839364564
0.05077125297564414
0.05063952871075104
0.05048760707989246
0.050299714923918486
0.05011463568174663
0.049939260506822895
0.049621983050071705
0.04875779996943782
0.0473929894277224
0.046283137805052485
0.04559354536864909
0.04502922722732598
0.044382459599326324
0.04361136025420616
0.04289064766473136
0.04228372571358099
0.041554667013916115
0.04065990454104971
0.0398758954806549
0.03937377939101749
0.039105045525309516
0.039014524395418665
0.038991610497567455
0.03899043742556431
0.03837905296550639
0.036380894047417636
0.03531976213988536
0.03499098656492172
0.03485582311497449
0.03471554728766393
0.03453537387029963
0.03435381473157494
0.03419392879918236
0.03411312477688202
0.034047038051692076
0.03385188445515321
0.03351462504944604
0.03327023354669621
0.033179104574823357
0.033157986662360535
0.03315462585486389
0.03315487936691282
0.03315498225535753
0.03315499978392278
0.033154953415516976
0.033154958594126704
0.03315495147900829
0.03315511523658288
0.03315437552528007
0.03315310274023369
0.03315255939882323
0.03315127600840286
0.03314011883981334
0.03303986410407626
0.03295246767938283
0.032941073541665776
0.03286674349167529
0.03253210412316789
0.03172848184759375
0.031028333265024414
0.03075247570713404
0.030643962338187412
0.030606774704098103
0.030593417083066086
0.03058702626923007
0.03056636165947213
0.030417909533012065
0.02972326172307005
0.028265966186993754
0.02642193369241583
0.025000244102607254
0.024168681253306838
0.023778148427690986
0.02361460739714683
0.023549836774970988
0.023521062832494888
0.023506886321153726
0.02349773652227184
0.023486971989227754
0.02346857094051614
0.023423314286874962
0.023339362399765425
0.02325945791579494
0.023240148002431207
0.023242990243572938
0.023243918914653338
0.023243174653204635
0.023182071535038866
0.022841985754064043
0.02200451249604809
0.021097949345571094
0.020549085267829264
0.020302514828197404
0.02020294700855027
0.02014779211085246
0.020109558441660128
0.02004051460034811
0.019868957782249386
0.019365676964478093
0.018285022501617208
0.016447808005101112
