0.0561858346973068
0.056152613216047954
0.056109524560214556
0.05603639353428362
0.05587404685173941
0.055602398493460534
0.05526383308457507
0.0549207275410567
0.05416984422361521
0.05307301939327412
0.05237178819085564
0.052096065939821135
0.05197384775734275
0.05187397806694073
0.051778850807123834
0.051691472270415206
0.05157891633930682
0.05140733971448382
0.05115218316138245
0.05086314347412133
0.05063269788913431
0.05050814639958377
0.05044684754971703
0.05040968089850622
0.050390094257852305
0.050362723208570354
0.050271581963267295
0.05011573447258045
0.04988252697657078
0.049613719631145727
0.049358224604083706
0.04913979556101714
0.04891315185654667
0.04851227878199738
0.04778711150748276
0.04683319233874331
0.046164617145691374
0.04595619597649493
0.04592348074001042
0.04590640377435049
0.045893812185730194
0.04588987803264718
0.04587462923419583
0.045840072710208575
0.045801154968869
0.04575287755136759
0.04572192465363796
0.04569364011336959
0.04567344980391518
0.045652764044733535
0.045621466103893914
0.04557098886034306
0.045513730378788815
0.04546938360001663
0.0454560949787053
0.04545530297647991
0.04545523132684404
0.04544525514921274
0.045342884088551555
0.044504901709854355
0.04208868625743339
0.0392627005556091
0.03792739246437962
0.03732624771224186
0.036908734926739725
0.036640525418301456
0.0364911442342329
0.036416326091300584
0.036344739835433994
0.03623744023645474
0.036062076482894403
0.03582901684205594
0.03551256841430051
0.03521434425153219
0.03493636805376168
0.034708774886984255
0.034531429486628594
0.034392757816925086
0.0342752973977606
0.03418771470152548
0.03411344502695958
0.034054822490165865
0.034001479626677704
0.033868291294056024
0.033484541474358934
0.03273850802190485
0.03179776823522914
0.031083242960932445
0.030781808056796322
0.030697468974163967
0.03067067238415583
0.03065646034320384
0.03063754209187469
0.030602075855755254
0.03055433633918614
0.030520774462050235
0.030496080881395132
0.03047078525959752
0.03040217168171119
0.030242918736276176
0.02980695151994264
0.02875772269998114
0.026719186225402754
0.024012142624987964
0.022161445190050238
0.021518631632910408
0.02129220879330035
0.02123011555867669
0.021220844824181233
0.021219167300545388
0.021219254042943746
0.021219374543206014
0.021219342911201984
0.021219401845610178
0.021219411628006595
0.021219403030978946
0.021219363374601008
0.021219771616907003
0.021217821075566096
0.021209815017333378
0.02118564549981565
0.02117109342191516
0.021164528478760887
0.021161802937053685
0.021161492778934997
0.021161065491979
0.021161182346844293
0.021160602243767413
0.021159332861121698
0.021151616486339286
0.021116593318559366
0.020994101962451668
0.020732110713867144
0.02050476280622338
0.020459711013692598
0.020459403168871904
0.020458798321953475
0.020459322956417805
0.020448108773649713
0.020430674649997593
0.0204049857132065
0.02037912664304643
0.02033365968180124
0.02029022849223134
0.020243850410677566
0.020183499010966038
0.01998116158083169
0.019539770944214784
0.018750239380077863
0.01780603632791862
0.017080350390058507
0.016687592638894928
0.0164792244446645
0.016390054808366215
0.016350222256251865
0.01630086288370961
0.016176529533720688
0.0159047181724462
0.015497189477288165
0.014699787840065879
0.013846157141165077
0.01346942486474981
0.013378933904329275
0.013354413148399047
0.013325104460215119
0.013285025071673602
0.013247646785636303
0.013222854250670452
0.013204928016488576
0.013186376919239663
0.013170338508507217
0.013163685877331336
0.013155976594663252
0.013115788578089064
0.013081809287606876
0.013048517931062468
0.013015456609078904
0.012970130921584949
0.012783062095470575
0.012381446800987794
0.011865890229721886
0.011410381252013586
0.011072624759068775
0.01079814627936264
0.010532243325605307
0.010238921670818487
0.010067795440998431
0.01001490373410517
0.010003151732996414
0.010002700865687887
0.009997829130545914
0.009977091505208757
0.009969632422800918
0.00992792104647319
0.009899456677667342
0.0098747228755932
0.009874341076048882
0.009874328776067517
0.009874297713165133
0.009874282803529179
0.009874279333112725
0.009874283631010623
0.009874286159080793
0.009874282289265523
0.009874281752614409
0.009874289298675929
0.009874286011455118
0.009874295037610323
0.009874317412634321
0.00987439477909177
0.009873959898617887
0.009873479374122486
0.009864235114051958
0.009835706173875582
0.009777176559200927
0.00975878158142495
0.00975271752464122
0.009752169941899123
0.00974320413300601
0.009658594316574814
0.009620445835178534
0.00956865093649696
0.009568517501583537
0.009568530819879543
0.009568507343473004
0.009568508111933926
0.00956850693636054
0.00956850929973042
0.009568505253047744
0.00956850374142915
0.009568505569526011
0.009568506569332379
0.009568512949740713
0.009568511377392659
0.00956851084973057
0.00956849533378866
0.009568464100770521
0.009568383183277821
0.009568419174350248
0.009568238843167754
0.009568118811827361
0.009568128688324044
0.009568120377755701
0.009568106512270429
0.00956809520285456
0.00956810844661979
0.009568105224214786
0.009568086921214377
0.009568075757102007
0.009568123498499888
0.009568142443752167
0.009568226451636163
0.009567989682375313
0.009564626433045861
0.009547721799510177
0.009540578874533696
0.009541323548792264
0.00954132923073005
0.009542449592461784
0.009542703932027793
0.009542691813470077
0.009542684260502353
0.009542667537643405
0.009542678883905368
0.009542674364386659
0.00954267402948019
0.009535638769405228
0.009535132194276777
0.009534421432694099
0.009533770681533224
0.009532817603071491
0.00953272885894665
0.009533992997795794
0.009540265863678773
0.009522948809798575
0.009494298333484752
0.009356703465126081
