0.056227862432838525
0.05614985233174248
0.05605152224728571
0.05583790901641579
0.055318460049163534
0.054369738792406
0.0531108115427877
0.0521922493204361
0.05180196457490063
0.05166401011788686
0.05159867342245133
0.05154892590073564
0.05150926543556008
0.05147427305685369
0.05143392814820847
0.05137349855543923
0.051272672751196506
0.051139719308915525
0.050990906904988066
0.05086466363175928
0.05077296511288549
0.05069405260199404
0.05060390557867872
0.05049398149684265
0.050376818385970225
0.050168825504532194
0.049841168078467495
0.04931855109553014
0.04852979937972745
0.04720052841318519
0.04548807910351177
0.04411750654782215
0.04339104743794306
0.043078543436204375
0.04294572963409041
0.04286601852710341
0.04282232370993043
0.042783518564083974
0.0427547013114454
0.042721534791420455
0.04267869697633213
0.04262781643586468
0.04256440809054761
0.042526703088654604
0.042428841703411185
0.04203337551690174
0.04149333706096267
0.040931776622268795
0.0403626032693701
0.039774250638451226
0.03922064933452978
0.03877798714287335
0.038165837917196827
0.037251768178873206
0.036100535094401046
0.035078453441982585
0.03449368477878982
0.034241472989693204
0.03416581364845396
0.03414847710429661
0.03414429996213511
0.034143077246209505
0.034142335883769186
0.03414158944549049
0.034140509142397586
0.03413686577140298
0.03413061646490369
0.03411845833548233
0.03409252090589245
0.034073570746980385
0.034059824329907944
0.034054078728867246
0.0340528027676495
0.03405269411724154
0.03405272392674594
0.03405273867271505
0.03405273799332271
0.03405273792775645
0.03405273568731102
0.034052729981278174
0.03405272057555786
0.03405270184073114
0.034052676771102755
0.034052491327665746
0.03405132145054279
0.03404844163434388
0.03404797932970729
0.034048294860184666
0.034045988246147046
0.034036987319108765
0.03398528663513671
0.03389113131716167
0.033761302531592534
0.03362352861962165
0.033460821694350364
0.033251681506390275
0.03294255080183327
0.03239040066761243
0.031424290419070085
0.030081170199277366
0.028901701642658637
0.02836974365145108
0.02830972931173725
0.02828739528573948
0.028285854970077687
0.02824806261875733
0.02798895795118342
0.027543282766859606
0.027084025336636744
0.02650079610941262
0.02574655842124275
0.024955419711687177
0.02436294625633662
0.02370070980880775
0.022844955488673376
0.021640242693203325
0.020271510086382904
0.019087846728838856
0.018367248076519568
0.018015816163331116
0.017858721311435368
0.017772502574869155
0.017724500523788572
0.017699785031376133
0.01769214228870989
0.017689971691019185
0.017687970450565974
0.017682694095374644
0.01766528673898738
0.017622542138078297
0.017556130323222795
0.017516578059542647
0.017505612658383705
0.01749746814243663
0.017487159196747766
0.017479874047380738
0.017474656149259506
0.01746783291885797
0.017462233399809377
0.017457729021415874
0.017455062887557004
0.017452855538140046
0.017447485182463644
0.017438201830831727
0.01742986004608562
0.017417254895375444
0.017400998626548248
0.017369210467974846
0.0173378118698686
0.017332373714248527
0.017332104370139663
0.017178182032295836
0.014580230939406363
