0.03874448947216266
0.03874448947197309
0.03825493624780784
0.036639683377862366
0.03365100354572927
0.03359984377889966
0.03388319412955499
0.03343235126605486
0.03710597915996077
0.03738596986871755
0.036508932946493586
0.03604950942282362
0.03589886634228637
0.03603648807399434
0.03635843949469137
0.03639987495734184
0.03630969526613104
0.03628506226614298
0.03627808410174485
0.036355235080962715
0.03653644854314536
0.03651770432122106
0.036178238209883314
0.03642517901980385
0.03666975276531011
0.03676090819919325
0.036729551034503934
0.03664708816133973
0.036518024364662206
0.036419593668407
0.036403584620274515
0.036404921602984926
0.03588178354925167
0.03297293889172124
0.028959856177634823
0.026441291004852336
0.025760361149305036
0.0264915765359809
0.02704287471194762
0.027073081222518874
0.02745398624177794
0.026820557662446037
0.026337014813272046
0.02632037367265151
0.026398107603782844
0.0266168056631159
0.026694514078636225
0.026779968328553783
0.026793279790105096
0.0267548831889933
0.02674778017760218
0.026751500283857664
0.02680613425834752
0.026857250168434134
0.026760695075025154
0.026876478635617856
0.026452880048912743
0.026126314803788585
0.02554991006188173
0.02540878737381691
0.025415993784537846
0.024999716938746665
0.024828915784470697
0.024826431339633737
0.02487596008353994
0.02488959130874441
0.024843954964985492
0.024856059410804716
0.02487344861376691
0.025010988804737323
0.02492931675221042
0.024927857402285168
0.024809760750536793
0.024881557165358642
0.02447892387863578
0.02362510984358418
0.02109332853732428
0.020896107343307886
0.020961092182580174
0.020895132096735995
0.02092961105715776
0.021055449014162536
0.021134994518954228
0.021164197975514967
0.021165947862843697
0.021117992048478477
0.02104248132360457
0.021036724450176868
0.02126030131542268
0.021205708876393507
0.02119346391560795
0.021165784185214635
0.0212184120747919
0.021247678671832568
0.02129937256100558
0.021059815071510203
0.021072577372252703
0.02104942224268469
0.021052974533452434
0.021056644249477587
0.02105783004587056
0.02105860697118843
0.021064919359274004
0.021062218808554863
0.021068547218619386
0.021076894695707452
0.021071891832903387
0.02107592826636319
0.02106838028131386
0.021076053445697376
0.021055120471852182
0.021044240165499523
0.02104488065001037
0.02108561982523134
0.021069618219441043
0.021095860762945652
0.021090042847072703
0.021088102686427402
0.02103578950409161
0.021048504315913062
0.021052855249059966
0.021082785807147963
0.021099960833638767
0.021092928536757427
0.021090212560181756
0.021085649738770453
0.021092381560165723
0.021115441435981853
0.021112164489783505
0.02111650736474073
0.021112894688405683
0.02110872306643243
0.02110629942734752
0.021103289759129784
0.021104856732098276
0.021105268222195717
0.021105304241152378
0.021105128493721172
0.021105633026867722
0.021104228990805003
0.021105871803414805
0.021105421944054334
0.021102422186910996
0.021098019666883818
0.021097895313719073
0.02109362153922789
0.021090434426566704
0.021095753533613978
0.02108796019613551
0.021087586353665026
0.021113561782597337
0.02110234853470429
0.02113407602505219
0.020949050880089443
0.020939788043700447
0.020935598432575447
0.020919261855543755
0.020995887542701958
0.020276959347389743
0.018693174103680668
0.01433717811418253
0.00907376657297497
0.007678287153688467
0.007964262777153019
0.007633506513379266
0.007397424259174646
0.007081890472409693
0.00709227476730723
0.006873866542865618
0.006169043143367144
0.0061684613967096
0.006590038054392365
0.007118789866810739

26
source [8 7] is found by Robot  0 ! The target is  [7.800000000000001, 7.0]
49
source [5 6] is found by Robot  0 ! The target is  [2.6, 2.6]
63
source [3 2] is found by Robot  0 ! The target is  [3.0, 1.8]
83
source [8 2] is found by Robot  0 ! The target is  [0.0, 1.8]
172
source [2 6] is found by Robot  0 ! The target is  [0.0, 9.8]

